FDR List:
0.6179775280898876
0.6179775280898876
0.6292134831460674
0.6404494382022472
0.601123595505618
0.6460674157303371
0.5561797752808989
0.6179775280898876
0.5955056179775281
0.6404494382022472
Subset List:
[1100 5305 3084 2675 6876 1581 3571 387 7952 4137 5872 7443 4066 1453 1422
 5088 4547 6242 8370 9753 433 6842 5932 9417 1576 3391 6765 2214 6647 3928
 6134 924 1463 7491 8699 6389 6825 4012 6135 5272 7082 8014 4748 1804 6926
 2752 2679 1681 9587 3735 2912 5925 3097 7518 4998 1042 1112 9385 8236
 3400 1280 6491 4581 1803 68 2660 4615 7453 6017 9919 7588 2535 2807 974
 5029 9274 9657 4352 8656 1909 5309 5102 2213 7161 8386 4921 9121 1868
 1450 4094 1181 4843 1823 1145 370 5815 4051 9237 8598 4411 3366 3218 33
 3808 4926 8364 2251 6859 4550 9191 6574 8300 2978 9609 5752 6378 9190 20
 655 933 725 427 1937 7654 2293 4537 6382 9774 237 2114 3107 2422 1908
 1501 8296 8084 3408 1850 8200 7785 1056 5871 4700 2273 3025 5098 8580
 2219 6109 6122 4355 3724 4951 5718 4238 1157 6142 2386 6985 3614 7145
 6912 5582 5890 5588 1538 1947 7188 995 8629 4947 6385 8644 7916 3174 4646
 9250 5234 8691 4446 1228 6440 2276 916 1739 6994 1736 6496 926 332 2729
 2173 9829 9253 1612 2606 9823 5991 4114 6535 3429 7026 3956 8128 7016
 3208 817 1040 4660 7285 4826 8102 7150 2549 3821 6916 4409 7970 7717 8173
 5634 7314 8973 9791 3113 5350 8385 3806 5841 8633 7539 4155 3922 5961
 9528 7235 6133 3415 7747 147 3962 7378 8271 6444 9209 8960 7168 342 303
 3455 6076 6075 354 565 7628 4786 8677 549 1227 6841 118 2267 8672 7119
 7689 5148 774 42 1945 4586 484 3601 1675 1372 423 3373 8473 9034 7318
 7330 8753 1247 9590 2059 2992 2264 9234 8033 706 6913 3051 4303 7513 119
 3164 160 3531 313 6190 9593 3165 256 3237 2041 6481 4903 6993 9223 3522
 3456 6958 8776 7174 1772 1521 8357 9734 9056 3059 5518 2444 8161 7401
 4307 4306 2022 4423 2166 5277 3622 1126 8847 9780 195 9218 2565 8586 8731
 2176 8234 508 2432 6792 5656 4002 9880 4436 9965 4955 5894 6934 112 8932
 5141 2704 9246 5460 3464 9441 2325 4654 37 3379 2320 6553 8283 1832 78
 3458 9215 7941 2288 2526 2676 2629 8428 7930 4166 8872 8058 3452 9449
 6920 9201 416 5372 6861 6715 4304 5053 249 2026 5621 1548 6056 5820 920
 2843 306 3309 6371 6364 1299 4849 3774 1708 6151 957 3250 2232 1236 281
 2298 8824 7933 3634 5210 9465 8535 3067 5669 439 4501 6930 7241 6101 46
 8036 1218 9743 6304 8401 6116 5385 8478 8908 9964 9943 6758 7811 9483
 9720 1219 8327 1381 2174 7197 8634 5978 8743 6729 3125 2306 4909 572 7643
 4914 854 8575 8420 6281 3609 3468 7229 3505 4277 8176 9178 5018 1752 6399
 8504 6227 981 8338 1103 1776 5034 9451 2856 1347 4650 8113 3613 2518 7245
 587 8382 5333 7163 6880 1701 693 6374 1488 5264 3187 2872 2089 1806]
[1100 5305 2675 675 6876 1581 3571 7952 3513 356 4137 1138 5872 2509 7443
 4066 9967 1453 8815 1422 1950 4547 6242 8370 9753 1429 433 6842 5932 6637
 9417 5030 1779 1576 3391 6765 2214 5459 7030 6647 3928 6134 924 1463 5525
 7491 8699 1391 7723 6389 6825 9654 9794 4012 6135 1399 5272 7082 8014
 4748 2845 1804 6926 2752 2679 1681 9587 3735 2912 5925 3097 7518 4998
 1042 1112 9385 8236 3400 1280 6491 4581 1803 68 2660 4967 4938 4615 9294
 7453 6017 7588 2535 2807 5658 974 5029 9274 9657 4352 8656 1909 5309 5102
 2213 7161 8386 4921 9121 1868 1450 4094 1181 4843 4808 9059 1823 1145 370
 5815 4051 9237 8598 4411 3366 3218 33 3808 8840 4926 8440 8364 2251 6859
 4550 9191 6574 8300 2978 8231 9609 5752 6378 9190 20 655 933 725 427 1937
 7654 2293 4537 6382 9774 237 2114 3107 2286 2422 1908 1501 8296 8084 7517
 7439 3408 1850 7785 2409 7 1056 5871 4700 2273 3025 5098 8580 2219 6109
 6122 3724 4951 5718 4238 6142 6380 2386 2011 6985 3614 7145 6912 621 5582
 5890 5588 2867 1538 7188 5838 995 7673 3019 8629 4947 9693 6385 8644 7916
 9918 3174 8484 4646 9250 5234 8691 4446 1228 15 2276 916 1739 1736 4490
 1346 6496 926 8362 332 426 3683 2173 5600 1693 7712 9829 8828 9253 1612
 2606 9823 5991 4114 6535 3463 3429 7861 7026 3956 8128 7016 3208 817 1040
 4660 7285 4826 8102 7150 2549 3821 7430 4409 7970 7717 8173 9073 5634
 7314 8973 9791 3113 8385 3806 5841 7675 7867 8633 7539 4155 3922 5961
 9157 9819 6133 7747 147 3962 323 7378 8271 6444 9209 8960 2961 7168 342
 303 3455 6076 6075 354 565 7628 4786 8677 646 5870 7310 549 7112 1227
 8312 118 2267 7689 5148 774 577 42 4516 1945 4586 484 2737 3601 1675 3373
 8804 5187 9034 284 7318 7330 8753 1247 7007 2059 9234 8033 7513 119 160
 9048 9593 3165 256 2041 3522 6958 9947 7174 1521 8183 9734 1241 3059 2444
 7401 4306 2166 5277 3622 1126 8687 195 2565 2176 3587 1959 508 2432 9820
 4935 4436 4725 637 2634 6934 112 5774 5141 2704 9888 3230 3464 4032 3236
 2325 3379 2320 6881 6531 8283 7794 794 3584 3458 8861 2526 2676 8041 6920
 5372 306 6371 2703 6969 6959 5430 2530 3250 4795 52 5081 1236 225 7598
 8720 993 6748 401 3878 106 8019 676 9468 8022 3029 1285 7461 2733 2096
 9555 2542 4250 8417 862 6062 8020 7406 6442 7557 5182 6388 2201 6272 8413
 5562 9857 3229 6322 3509 5281 9310 2731 8803 8857 7352 7186 8841 2018
 4695 9168 8189 3734 3870 6600 7181 9978 7899 8984 2769 8141 2327 7835
 9855 4842 9680 6235 632 9887 1643 4915 4342 2600 1206 6923 7075 8929 2866
 2462 5899 832 2197 6820 824 7371 7239 5630]
[1100 5305 3084 2675 675 6876 1581 3571 387 7952 3513 356 4137 1138 5872
 2509 7443 4066 4750 9967 1453 8815 1422 1950 5088 4547 6242 8370 5200
 9753 1429 433 6842 5932 6637 9417 5030 1779 1576 3391 6765 2214 5459 7030
 6647 3928 6134 924 1463 5525 7491 8699 1391 7723 6389 6825 9654 9794 4012
 6135 1399 5272 7082 8014 2845 6926 2752 2679 1681 9587 3735 5925 3097
 7518 4998 1042 1112 9385 8236 3400 1280 6491 4581 1803 68 2660 4967 4938
 4615 9294 7453 6017 9919 7588 2535 2807 5658 974 5029 9274 9657 4352 8656
 1909 5309 5102 2213 7161 8386 4921 9121 1868 4094 1181 4843 4808 9059
 1823 1145 370 5815 4051 9237 8598 4411 3366 3218 33 3808 8840 4926 8440
 8364 2251 6859 4550 9191 6574 8300 2978 8231 9609 5752 6378 9190 933 725
 427 1937 7654 2293 4537 6382 9774 237 2114 3107 2286 1908 1501 8296 7517
 7439 3408 1850 8200 7785 2409 7 1056 5871 4700 9839 3025 5098 8580 2219
 6109 6122 4355 3724 4951 5718 4238 1157 6142 6380 2386 2011 6985 3614
 7145 6912 621 5582 5890 5588 2867 1538 1947 7188 5838 995 7673 3019 8629
 4947 9693 6385 8644 7916 9918 3174 8484 9250 5234 8691 4446 1228 6440 15
 2276 916 1736 1346 6496 926 8362 332 426 3683 2173 5600 1693 7712 3980
 9829 8828 9253 1612 2606 9823 5991 4114 6535 3463 3429 7861 7026 3956
 8128 7016 3208 817 1040 4660 4826 8102 7150 2549 3821 7430 6916 4409 7970
 8173 9073 5634 7314 8973 9791 3113 5350 8385 3806 5841 7675 7867 8633
 7539 4155 3922 5961 9528 9819 7235 3415 7747 147 3962 323 8271 6444 8960
 303 3455 6076 6075 354 7628 8677 646 5870 6841 7956 7119 7689 774 42 4516
 1945 484 2737 3601 1372 423 3373 4449 8473 8804 9034 7318 7330 1247 7007
 9590 2059 2992 2264 9234 8033 706 6802 6530 6913 3051 4303 7513 119 160
 3531 4169 313 6190 4463 9048 9593 4315 3165 256 3237 2041 6481 4903 6993
 3522 6125 6958 7174 1772 1521 8183 9734 9056 1241 3059 6016 4306 3181
 2166 1126 8586 2176 8234 508 6792 9965 5894 2634 6934 5023 8932 5774 4561
 9888 3464 3236 2325 37 3379 2320 1986 6881 8283 7794 9586 3458 9215 7941
 8861 2526 2676 2629 7930 4166 1593 6970 8058 3452 863 5773 9449 310 9201
 416 4487 5372 6715 2103 4304 5621 4301 9707 7827 920 2843 3603 3309 6371
 9801 2703 1299 4849 2186 3774 6959 1708 8518 669 6515 2530 3250 4795 2005
 6839 7062 8700 8944 7248 690 6064 5573 2612 8977 888 9866 6144 4036 6280
 1687 8138 8816 9891 5163 3211 8109 682 5549 3741 5490 4678 6533 189 3953
 1057 2635 1236 3849 4630 9254 2844 3240 7404 9137 2575 1718 4248 5411
 6613 8720 9812 1050 405 9874 3755 9792 5413 5978 8498 1857]
[7 8200 2059 20 33 37 8231 4137 42 8234 8236 6190 2103 4155 2114 68 4169
 78 8271 8275 8281 6242 8296 106 8300 118 4094 119 2166 2176 4238 147 158
 160 2213 2214 8357 8361 2219 173 2223 8370 8386 2243 195 2251 4301 4304
 4306 4307 2264 2267 4315 2273 2276 8428 237 6382 2286 2288 6385 2293 8440
 249 4352 4355 2320 2325 8473 8484 6440 6444 303 4409 4411 4423 332 6481
 2386 342 6491 4446 6496 4449 354 356 2409 4463 370 2422 2432 6530 387
 8580 6533 6535 4490 2444 401 8598 6553 416 4516 2473 427 6574 8629 8633
 8639 8642 4547 4550 2509 8656 8672 2530 484 4581 8677 2535 6637 6647 8699
 508 8700 2565 4615 8720 4630 8731 4643 549 2606 4654 8753 4660 565 577
 8776 2634 2660 8804 6759 6765 621 8815 2675 4725 2679 631 8828 637 640
 646 6792 4748 4750 8847 2704 6802 669 675 8872 6825 2729 2737 4786 6839
 6841 6842 4795 2752 706 4808 6856 6859 715 6861 4826 6876 6881 4833 4843
 8939 2795 4849 6898 2807 6912 8960 6913 6916 774 8973 6934 794 2843 2845
 4899 4903 6958 6959 817 2867 4921 4926 4935 6985 4938 9034 6993 6994 4947
 4951 9048 4955 7007 2912 9056 863 9059 4967 7016 7026 4981 7030 4998 2961
 916 920 924 9121 2978 5029 5030 933 7082 2997 5053 9157 7112 3019 974
 7119 3025 5088 995 9190 9191 7145 3051 5102 7150 3059 9209 7161 9215 7168
 3073 9218 7174 9223 3084 1040 1042 9234 7188 9237 5141 3097 5148 9246
 1056 9250 3107 9253 3110 9274 7235 5187 1100 9294 5200 9298 3165 1118
 3174 1126 3181 1137 1138 5234 7285 1145 1157 3208 7310 3218 7314 7318
 5272 1181 5277 3230 7330 3236 3237 9385 5305 5309 9417 1227 1228 7378
 1241 1247 9441 5350 7401 1280 7430 7439 7443 7453 5413 3366 1329 9528
 3391 7491 3398 3400 5459 5460 1372 7518 3429 1391 9587 7539 9590 1399
 9593 3455 3456 3463 3464 9609 1422 1429 5525 7573 7588 1450 1453 9654
 1463 3513 9657 3531 7628 5588 7640 1501 9693 5600 7654 9709 1521 3571
 7673 7675 1538 5634 3587 7689 7697 3603 5656 9753 5658 3614 7712 7717
 1576 1581 9774 9780 5690 9791 9794 7747 1612 1620 5718 9819 9820 9823
 3683 9829 7785 9839 1649 7794 5752 5763 1675 5773 1681 9874 3735 1693
 9888 1708 7861 5815 7867 1724 9918 9919 1736 5838 5841 9947 3806 3808
 7916 5870 9967 5872 5871 1779 1782 7930 7933 5890 7941 3849 1803 1804
 7952 7956 5910 1823 7970 5925 3878 1832 1850 5961 1868 8014 3922 3928
 8033 5991 1908 1909 3956 3962 8058 6017 1928 3980 1937 8084 1945 1947
 1950 8102 4012 4016 6064 6065 6071 6075 6076 8128 1986 8138 4051 2011
 6109 2015 4066 6122 4078 6134 8183 6142 9543 8809 618 8714 2381 5166 110
 2866 4086 9278]
[6144 8198 7 8200 2059 15 4126 33 37 8231 6185 4137 42 8236 6190 52 4155
 2114 68 76 8271 6242 8296 8300 112 8310 2166 8312 2173 4238 147 158 2213
 2214 8363 2219 2223 8370 6142 2231 8386 2243 195 8399 4303 4306 4307 2264
 2267 221 225 226 8417 2276 6378 6380 237 2286 6382 2288 6385 6386 6388
 6389 2293 8440 4352 256 258 4355 262 2325 8473 284 8492 6444 302 303 2358
 4409 4411 4423 332 2386 8538 6491 356 4463 370 2421 2422 2427 2432 387
 8580 6535 398 4501 8598 8600 2464 4516 423 426 427 6574 433 2482 8629 439
 4537 8633 6591 4547 8644 4550 2509 8656 6613 2526 2535 2540 6637 2542
 8687 8692 8700 508 2565 4615 8720 6675 8731 8732 8741 4646 2606 4654 8753
 565 4678 8776 2634 4700 2660 8812 6765 621 8815 2675 2676 2679 8828 646
 8840 6792 4748 2701 4750 655 8847 2704 6802 675 6825 2729 2733 2737 4786
 6839 6841 4794 4795 6842 2752 2754 706 6853 4808 715 6859 6869 725 6876
 6881 8932 8937 4843 8939 749 8944 2807 6904 6912 8960 6916 774 8973 6926
 8977 6930 6934 2845 2867 4921 2888 6985 4938 9034 9041 6993 4947 4951
 4955 9052 7007 2912 9056 9059 7030 888 4996 4998 7048 2961 9107 7062 924
 5023 9121 2978 5029 5030 933 7082 2992 9137 2997 7112 3019 972 974 3023
 7119 3025 3029 5088 993 995 9190 9191 7145 5098 3051 5102 9209 3067 9215
 7168 9223 3084 1042 7188 9237 5141 3097 5148 1056 9250 3107 3109 9253
 5162 5163 3115 9274 5179 7235 7241 1100 9294 9298 1112 3164 3165 5215
 3171 1138 7285 1157 7310 3218 7318 5272 1181 5277 3230 7330 3236 9385
 5305 5309 5311 9417 1227 1241 1247 3301 7406 9464 1276 1280 5389 7439
 7443 3355 7453 5407 5411 5413 3366 3373 9521 9522 7475 3379 3391 7491
 3408 5459 5460 3417 7513 1372 7518 1391 9584 9586 9590 1399 3455 3456
 3464 1422 5518 3475 7573 1429 5525 1433 7588 1450 5549 1453 9654 1463
 3513 9657 3522 5573 3531 7628 5582 5588 7640 1501 9693 7654 1521 3571
 7673 7675 1538 5634 9734 7689 3601 9746 5656 9753 5658 3614 7712 5669
 7717 3622 1576 7723 1581 9774 3634 9780 9781 9791 9794 1603 1612 5718
 9815 1623 9819 3683 9839 7794 3702 5752 9849 7806 5763 1675 3724 5774
 1681 1686 1687 3735 3741 9888 3746 9901 1713 7861 5815 7867 9919 1736
 9932 5838 3791 9947 5856 3808 1766 5864 7916 3821 5870 9967 5872 5871
 1772 1779 9965 5890 7947 1804 1803 7952 5915 1823 7970 5925 7976 5932
 1850 5961 1868 8014 3922 8019 8022 3928 8033 5991 8043 3953 1908 1909
 3962 6014 6017 1928 6028 3980 1937 8084 1947 6054 1959 8109 6062 6064
 6076 4032 1986 4036 4051 2005 2011 6109 4066 2022 6122 6125 4078 6133
 6134 6135 4094 4813]
[1100 5305 3084 2675 675 6876 1581 3571 387 7952 3513 356 4137 1138 5872
 2509 7443 4066 4750 9967 8815 1422 1950 5088 4547 6242 8370 5200 9753
 1429 433 6842 5932 6637 9417 5030 1779 1576 3391 6765 2214 5459 7030 6647
 6134 924 1463 5525 7491 8699 7723 6389 6825 9654 9794 4012 6135 1399 5272
 7082 8014 2845 1804 6926 2752 2679 1681 2912 3097 7518 4998 1042 1112
 9385 3400 1280 6491 4581 1803 68 4967 4938 4615 9294 7453 6017 7588 2535
 2807 974 5029 9274 9657 4352 8656 1909 5102 7161 8386 4921 9121 1868 1450
 4094 1181 4843 4808 9059 1823 1145 370 5815 4051 9237 9709 8598 4411 3366
 3218 33 3808 4926 8440 8364 2251 6859 4550 9191 8300 2978 8231 9609 5752
 6378 9190 20 655 933 725 427 1937 7654 8939 2293 4537 6382 9774 237 2114
 3107 2422 1908 1501 8296 8084 7517 7439 3408 1850 8200 7785 2409 7 1056
 5871 4700 9839 3025 5098 8580 2219 6109 6122 4355 4951 5718 4238 1157
 6142 6380 2386 3614 7145 6912 5582 1538 1947 995 7673 4947 9693 3174 5234
 1228 2276 916 332 2729 3683 1612 2606 6535 817 4660 4826 8102 3821 7430
 4409 7970 7717 8173 5634 7314 9791 3113 5350 8385 3806 7675 8633 4155
 5961 9528 9819 7235 6133 3415 7747 147 323 7378 8271 9209 8960 2961 7168
 342 303 6076 6075 354 565 7628 8677 646 5870 7310 7112 6841 118 2267 7956
 7119 7689 42 4516 4586 2737 3601 1372 423 3373 4449 8804 9034 284 7318
 7330 8753 1247 7007 9590 2059 2992 2264 9234 8033 706 5910 7174 7401 4307
 6016 3181 4423 2166 3622 7640 9780 9218 2176 8234 3587 1959 508 6792 5656
 9965 2634 5023 112 5141 2704 4561 2325 4654 37 3379 5763 3458 2288 9584
 2676 7930 4166 8058 8041 9449 6920 310 7496 4487 5372 6715 5053 2026 923
 5208 920 2843 3603 3309 5840 1299 4849 6959 8639 2005 1766 7062 7248 2754
 690 3301 5573 2612 6065 2046 6144 2997 4036 1687 6054 682 5490 4678 6533
 189 5081 1236 4630 1782 5179 9864 5908 8741 1547 1180 2423 3615 8044 2495
 2970 5682 829 904 4987 3864 2054 7530 8714 9877 2067 6730 3831 7913 4013
 3728 6954 855 2941 3166 5923 9515 6513 5630 8471 24 7465 2463 8590 1859
 7057 8254 7542 9743 8333 3619 5337 2199 6630 9936 5610 4612 4865 2988
 7858 9959 1898 7489 6304 1261 4467 4481 2668 882 4244 5281 1420 4103 3101
 9123 2684 9310 4741 8756 9764 671 5946 8803 9023 556 3945 796 215 5477
 1890 956 5639 9426 4513 6845 4894 3762 2017 1307 5816 3666 4940 7981 8786
 294 6068 8671 1944 7884 7352 2637 6990 1117 8387 3283 3462 6976 4776 9884
 7523 1385 8908 2938 3011 5533 4281 3474 8955 9692 9366 7149 4553 9338
 5071 8841 7562 355 1318 3035 4687 2515 7483]
[8200 2059 15 4111 20 33 8231 4137 8234 6185 2114 68 4169 76 2127 4175 81
 8275 6242 8296 2166 8310 8312 2173 147 158 8352 2213 2214 8357 2223 8370
 8372 189 8385 8386 2243 195 8394 4301 4303 4304 2264 4315 6364 225 2276
 6380 237 6382 2286 6385 6388 2293 6389 8440 4352 256 2320 2325 8470 8473
 284 6440 6444 303 4409 323 4423 332 6481 2397 4446 6496 4449 354 356 2409
 4463 370 2432 6530 387 8580 6535 4490 8586 8598 417 4516 423 2473 4525
 433 4537 8633 4547 4550 2509 4561 8659 2520 2530 2535 4586 2539 6637 497
 2549 2550 6647 4599 8699 508 4643 549 2606 4654 8753 4667 2634 2638 2642
 597 4700 2660 6756 6759 6765 621 8815 2675 2679 631 8824 8828 646 8840
 6793 4750 655 2704 669 674 675 2725 4776 6825 4786 6839 6841 6842 2752
 6851 711 6856 6859 725 8918 6869 4826 6876 6881 8932 4843 8939 2795 6904
 6912 8960 6913 774 8973 6926 6934 4903 6958 6959 817 2867 4926 6976 4951
 9052 9056 9059 7026 4981 7030 4987 895 4998 2961 924 5023 9121 2978 933
 5030 5029 2992 3003 957 9151 9157 3019 974 7119 9170 5081 5088 9190 7145
 5098 3051 7150 9209 7161 7174 9223 3084 1040 7188 5148 3101 1056 1057
 3107 9253 3113 5162 9274 5179 7235 5187 9291 1100 5200 1105 1112 3164
 3174 1126 3181 1138 5234 7285 1145 1157 7310 3218 7318 1181 5277 7330
 3236 3237 3240 9385 5305 7356 5309 9417 9431 1241 1247 1251 5350 7401
 3314 7410 3321 9468 1279 1280 3330 5385 7442 7443 7453 3373 1329 5426
 9528 5438 3391 7489 1346 7491 3398 3400 1355 5459 5460 7513 3417 1372
 7517 7518 7523 3429 1385 1391 9587 7539 9590 7542 3455 3456 3461 3462
 9609 1422 3474 1429 5525 7588 1450 1453 5549 7598 9654 1463 3513 5562
 3522 7628 5582 5588 9692 5600 3555 7654 9707 9709 3571 5623 7673 7675
 1538 5634 3587 9734 9735 7689 1547 9753 5658 7717 1576 7723 1581 9774
 3634 9791 9792 9794 7747 1612 9804 1623 9819 3683 7785 3697 5752 1664
 1675 3724 5774 7827 3735 9880 9884 1693 3741 1708 1718 1736 1739 5838
 5841 3806 3808 7916 3821 5870 9967 5872 9965 1779 3831 3840 1794 5894
 1803 1804 7952 7956 1823 5932 1850 3901 8007 5961 1868 8019 3924 3928
 8033 5991 3953 1908 1909 3962 6016 6017 3980 6028 1937 6035 8084 1945
 1947 3995 1950 8100 8102 1959 4012 6062 6071 6075 6076 8128 4032 1986
 4047 8145 4051 8161 4066 2022 6122 4075 8173 6125 6133 6134 8183 2046
 6401 2817 1799 7561 7434 1930 8587 5135 4112 4370 6036 538 1563 1059 8230
 6954 813 9005 3762 4659 8636 4929 7496 5713 4435 1495 6875 5601 7650 8929
 996 3813 9830 9831 8422 6502 106 1898 6892 8428 5740 7406 2027 8177 6516
 8420 7416 1659 3196]
[1100 5305 3084 2675 675 6876 1581 3571 387 7952 3513 356 4137 1138 5872
 2509 7443 4750 9967 1453 8815 1422 1950 5088 4547 6242 8370 5200 9753
 1429 433 6842 5932 6637 9417 5030 1779 1576 3391 6765 2214 5459 7030 6647
 3928 6134 924 1463 5525 7491 8699 1391 7723 6389 6825 9654 9794 4012 6135
 1399 5272 7082 8014 4748 2845 1804 6926 2752 2679 1681 9587 3735 2912
 5925 3097 7518 4998 1042 1112 9385 8236 3400 1280 6491 4581 1803 68 2660
 4967 4938 4615 9294 7453 6017 9919 2535 2807 5658 974 5029 9274 9657 8656
 1909 5309 5102 8386 4921 9121 1868 1450 4094 1181 4843 9059 1823 5815
 4051 9237 9709 8598 4411 3366 3218 33 3808 8840 4926 8440 8364 6859 4550
 6574 2978 8231 5752 9190 20 933 725 427 2293 4537 6382 237 2114 3107 2286
 2422 1908 1501 8296 8084 7439 8200 2409 1056 5871 4700 2273 9839 3025
 5098 8580 2219 6109 6122 4355 4951 5718 1157 6142 6380 2386 6985 3614
 6912 621 5582 5890 5588 2867 1538 1947 7188 5838 995 3019 8629 4947 6385
 7916 9918 3174 8484 4646 9250 6440 916 1739 1736 4490 1346 6496 926 8362
 332 426 2729 3683 2173 5600 1693 9829 8828 1612 2606 9823 5991 4114 6535
 3463 3429 7861 7026 8128 7016 3208 817 1040 4660 7285 4826 8102 7150 2549
 3821 7430 6916 4409 7970 7717 5634 7314 9791 5350 3806 5841 7675 8633
 4155 9157 9528 9819 6133 7747 147 3962 323 7378 8271 6444 9209 7168 303
 6076 6075 7628 8677 646 6841 118 7956 7689 577 1945 4586 1675 1372 423
 3373 4449 8804 5187 9034 284 8753 7007 2059 2992 2264 706 6530 6913 4303
 119 3164 160 3531 4463 9048 2243 9593 4315 3237 4903 3522 6958 8776 1772
 8183 9734 3059 5518 8161 7401 4306 1724 3181 2022 4423 2166 3622 1126
 9780 195 9218 2565 8586 8731 2176 1959 508 6792 5656 9820 4436 9965 4955
 6856 5894 3398 637 6934 1623 5023 112 8932 5774 5141 9246 3230 5460 9441
 4032 85 2325 4654 2223 1986 6881 8283 1928 78 9215 7941 2288 9584 8812
 2676 7831 7930 2795 8872 3452 1871 8041 9449 310 7496 416 6861 6715 8923
 5690 4304 900 5560 4832 5621 4301 6261 9707 5208 5820 2473 920 895 4016
 9801 2703 1299 2186 3774 6959 1708 3073 6151 8518 669 8639 3924 2530 8983
 2005 7062 715 8700 7019 6064 5573 888 2046 1687 8816 9891 5163 3211 8109
 6054 682 9143 5490 9041 6533 189 3953 4630 4981 6022 281 3194 3240 674
 9137 5411 8720 4599 3651 993 9204 3884 3878 1782 7172 9298 106 9781 2421
 6345 9635 302 1892 9864 6924 4237 2449 258 5011 676 9468 9151 9457 6393
 8310 7289 8198 7461 9052 6443 7918 226 2733 8728 8317 553 6904 9513 3574
 1276 2255 4996 744 2540 9555 2029 8399 6983 5864 6687]
[1100 5305 3084 2675 675 6876 1581 3571 387 7952 3513 356 4137 1138 5872
 2509 7443 4750 9967 1453 8815 1422 1950 5088 4547 6242 8370 5200 9753
 1429 433 6842 5932 6637 9417 5030 1779 1576 3391 6765 2214 5459 7030 6647
 3928 6134 924 1463 5525 7491 8699 1391 7723 6389 6825 9654 9794 4012 6135
 1399 5272 7082 8014 4748 2845 1804 6926 2752 2679 1681 9587 3735 2912
 5925 3097 7518 4998 1042 1112 9385 8236 3400 1280 6491 4581 1803 68 2660
 4967 4938 9294 7453 6017 9919 7588 2535 2807 5658 974 5029 9274 9657 4352
 8656 1909 5309 5102 2213 7161 8386 4921 9121 1868 1450 4094 1181 4843
 4808 9059 1823 370 5815 4051 9709 8598 4411 3366 3218 33 3808 8840 4926
 8440 8364 2251 6859 4550 9191 6574 8300 2978 8231 9609 5752 6378 9190 20
 655 933 725 427 1937 7654 8939 2293 4537 6382 9774 237 2114 3107 2286
 1908 8296 8084 7517 7439 3408 1850 8200 7785 2409 7 1056 5871 4700 2273
 3025 5098 8580 2219 6109 6122 4355 4951 5718 4238 1157 6142 6380 2386
 2011 6985 3614 7145 6912 621 5582 5890 2867 1538 1947 5838 995 7673 3019
 8629 4947 9693 8644 7916 9918 3174 8484 9250 5234 8691 4446 1228 15 2276
 916 1739 6994 1736 4490 1346 926 8362 332 426 2729 3683 5600 1693 7712
 3980 9829 8828 9253 1612 9823 5991 4114 6535 3463 3429 7861 7026 3956
 8128 7016 3208 817 1040 4660 7285 8102 7150 2549 3821 7430 6916 4409 7970
 7717 5634 7314 8973 9791 5350 8385 5841 7675 7867 8633 7539 4155 3922
 5961 9157 9528 9819 7235 3415 7747 147 3962 323 7378 8271 6444 9209 8960
 2961 7168 342 303 3455 6076 6075 354 7628 4786 8677 5870 7310 549 7112
 1227 8312 118 2267 7956 8672 7119 7689 774 577 42 4516 1945 4586 484 2737
 3601 1675 423 3373 4449 8473 8804 5187 9034 284 7318 7330 8753 1247 7007
 9590 2992 2264 9234 8033 706 6802 6530 3051 4303 7513 1118 119 3164 160
 3531 4169 313 6190 2243 4315 256 2041 6481 4903 6993 3522 5910 3456 4643
 6125 6958 8776 7174 1772 1521 5516 8357 8183 9056 1241 3059 2444 8161
 7401 6016 4306 1724 3181 2022 4423 2166 5277 3622 1126 7640 2565 8234
 5656 6856 4561 9246 3230 2320 1986 8283 7941 8861 2526 7831 2629 8872
 3452 8511 1871 9201 2103 5560 6261 9707 6056 3603 3309 6759 9801 2703
 6959 3073 3387 8518 3110 3250 4795 6839 7095 7019 6591 811 8642 5549 189
 8275 3849 9968 4630 4981 749 7598 4546 1603 1137 7697 1329 1649 6613 4599
 3840 1050 139 3884 1782 9298 5103 8624 106 9864 4237 258 9353 676 7776
 8022 6393 6185 9327 2642 3523 1128 3216 5210 7918 3171 717 4438 2688 4760
 6057 2255 744 2 2540 597 4655 5407 5162 25 1207 8408 5156 6036]
[6839 8700 7019 8492 5573 2612 5504 1687 8138 8816 6071 6054 5549 3741
 9041 4678 3953 8275 2232 4630 4981 7159 749 2844 7598 1603 674 1137 7697
 9137 4078 1329 5411 8801 1649 4599 3651 12 9812 1050 3755 6748 139 8145
 9298 106 2421 767 6345 6028 1892 9864 32 6924 2464 2449 4175 258 1953
 9353 676 7776 9468 9151 9457 6393 8470 1285 1242 8198 9052 2642 3330 6443
 9716 184 8728 553 6904 5908 717 1100 5305 3084 2675 675 6876 1581 3571
 387 7952 3513 356 4137 1138 2509 7443 4066 4750 9967 1453 8815 1950 5088
 4547 6242 8370 5200 9753 1429 433 6842 5932 6637 9417 5030 1779 1576 3391
 6765 2214 5459 7030 3928 6134 924 1463 5525 7491 8699 1391 7723 6389 6825
 9654 4012 6135 1399 5272 7082 8014 4748 2845 1804 6926 2752 2679 1681
 9587 3735 2912 5925 3097 7518 4998 1042 1112 9385 8236 3400 1280 6491
 4581 1803 2660 4967 4938 4615 9294 7453 9919 7588 2535 2807 5658 974 5029
 9274 9657 4352 8656 1909 5309 5102 2213 7161 8386 9121 1868 1450 4094
 1181 4843 4808 9059 1823 1145 370 5815 4051 9237 9709 8598 4411 3366 3218
 33 3808 8840 4926 8440 8364 4550 9191 8300 2978 8231 9609 5752 6378 9190
 20 655 933 725 427 1937 7654 8939 4537 6382 237 2114 3107 2286 2422 1908
 1501 8296 8084 7517 1850 2409 7 1056 5871 4700 2273 9839 3025 8580 2219
 6122 4355 3724 4951 5718 4238 6142 6380 2386 2011 6985 3614 7145 6912 621
 5582 5890 5588 2867 1538 1947 7188 5838 995 3019 8629 4947 9693 6385 8644
 7916 9918 3174 8484 4646 9250 5234 8691 4446 1228 6440 15 916 1739 6994
 1736 4490 1346 6496 926 8362 332 426 3683 5600 1693 7712 3980 9829 8828
 9253 1612 2606 9823 5991 4114 6535 3463 7861 7016 3208 817 4826 7150 6916
 4409 7970 7717 5634 9791 3113 3806 7675 8633 7539 4155 9819 6133 3415 147
 9209 8960 2961 7168 342 303 6076 354 565 7628 4786 646 5870 7310 549 7112
 7956 8672 7119 5148 774 577 42 4516 1945 484 2737 3601 1675 1372 4449
 8473 5187 7318 8753 1247 9590 2992 2264 6802 7513 1118 3164 160 4169 6190
 9048 3165 3237 4903 6993 9223 3522 6125 6958 8776 7174 1772 1521 8183
 9734 9056 8161 7401 4307 4306 5277 3622 8847 7640 9780 8687 8586 8731
 8234 3587 1959 508 6792 5656 4002 9965 6856 5894 4725 637 2634 6934 1623
 5023 112 5774 2704 4561 9246 5460 3464 9441 4032 3236 85 2325 2223 5763
 6553 8283 1832 7794 3584 78 9215 7941 2288 2676 2795 4166 1593 8872 8511
 9449 6920 9201 7496 9989 416 6715 9260 5690 2103 4304 900 5560 9833 249
 2026 9707 5208 7827 2843 306 6364 6283 9801 2322 6969 4667 2186 8009 3073
 3387 957 3110 316 8639 3924 5430 8983 2005]
