FDR List:
0.6096256684491979
0.6310160427807486
0.6149732620320856
0.6470588235294118
0.6310160427807486
0.6149732620320856
0.6310160427807486
0.6577540106951871
0.6042780748663101
0.5935828877005348
Subset List:
[3301 725 3171 1721 6839 2650 266 9471 8267 4210 8357 9926 8102 6705 792
 1431 6739 8314 5700 9302 2232 3321 3297 376 9059 2975 3806 416 9230 6854
 1304 7609 9184 426 1479 1898 5730 9823 2416 9246 5206 7107 7449 2120 9622
 474 7617 2270 254 195 1605 6014 9441 5056 6985 6195 2331 8972 7569 8524
 637 2987 6670 8657 5213 3059 7150 5837 6243 6715 4606 5052 7959 9576 9792
 6083 6703 6422 7489 357 3214 5871 3956 9415 5084 7186 4503 4354 6560 4833
 1986 5197 5074 966 2161 6299 746 9237 866 3459 5151 1871 689 2032 4281
 606 4398 6869 2023 9216 9120 1838 4820 1867 8480 5559 8817 1019 727 7323
 6190 2981 598 8491 8335 9704 3726 3327 7744 9933 3677 5840 8128 2923 377
 717 3319 7105 5555 6872 6382 9949 9065 3601 8809 338 3416 4287 3216 5578
 1739 7841 8364 7989 5281 2722 7360 2273 1693 4291 4646 1929 547 5833 8408
 2840 4951 1767 8658 9562 8721 6008 7524 802 2762 7429 427 2213 2782 1247
 3053 9790 1422 3724 607 7318 1251 3587 1297 5009 4282 3995 7344 913 3440
 4140 6439 7003 7709 4750 4304 86 845 2300 3622 3785 1443 8786 5273 1049
 4002 6865 8703 7242 6227 6387 9107 720 4391 8780 3496 4894 2832 9277 59
 3816 1491 1121 9750 245 4735 354 8405 4334 835 1618 797 5458 3202 1043
 1576 761 8558 2362 8104 4964 232 8671 1746 1137 881 3716 4307 3673 6647
 6942 2543 715 4299 5424 7104 5411 1690 762 1035 8700 3539 118 7419 1862
 3011 430 342 6635 2167 8497 8501 3429 5298 819 3878 8384 1167 9035 6853
 1803 3075 5147 4678 7863 7138 385 7087 1944 2664 898 9361 9262 9584 5278
 1941 433 169 6993 9305 3191 2930 5006 893 1075 4765 5053 470 1474 6077
 4776 5162 4938 2506 8708 1236 2127 1708 3479 3031 3186 6973 1723 9536
 2595 5960 5330 4965 4315 9465 2565 2248 8600 5886 7145 221 370 1433 5268
 8231 7124 9616 7736 1592 7730 9794 7580 100 9417 258 8815 5385 2444 5529
 3387 4798 1612 2169 8166 3117 7017 8180 8751 5889 1051 1439 863 5410 3283
 7893 9467 5794 3084 5565 5957 9656 631 9404 1080 2271 4783 7228 6901 2173
 2187 6235 2236 1293 5070 388 7292 9039 4223 3452 2586 1581 6294 5343 9950
 1057 2039 1909 284 3669 2825 5625 6669 5749 2524 5874 3965 7236 9398 9366
 1276 3773 3600 9708 8003 9857 5008 1456 8296 1219 7579 6271 5534 4436
 2525 6305 6251 9105 5210 173 5917 279 6364 7815 189 6443 4889 7261 3352
 811 4892 3164 5755 5002 2397 2898 8324 3336 5530 2231 2207 7128 7687 8601
 6793 5183 5843 4871 8668 3508 4870 5370 6163 4383 8636 1548 355 4548 3996
 4926 4935 3736 4779 6326 310 635 5654 4044 7913 365 8446 6933 6795 831
 5179 7807 5733 5631 8930 3263 1768]
[6161 4114 2067 6168 25 4133 8231 4140 6190 6195 59 2120 8267 2127 8271
 6227 86 87 8279 6235 6243 100 8296 6251 2161 4210 4093 118 2167 8314 2173
 6271 8324 6283 8335 6294 8346 160 6305 8357 2213 8364 173 2232 4281 4282
 2236 4285 4287 8384 192 195 4291 6339 4299 4304 8405 8408 4315 2270 2271
 8420 6387 245 4354 258 266 6422 2331 6428 284 4383 8480 6439 8491 6443
 4398 8497 8501 310 2362 8524 338 342 354 355 357 4457 365 8558 2416 376
 377 385 6544 4503 416 6560 426 427 430 433 2506 8657 8658 474 8668 2525
 6620 8671 6635 2543 6647 8700 4606 8703 8708 2565 6666 6669 6670 8721
 4632 547 2595 4646 6703 8751 6705 6715 6720 583 8780 8786 6739 598 2650
 8794 607 2664 8815 631 635 637 4735 4740 6793 4750 4760 4765 2722 8868
 4776 8874 683 4783 689 6839 697 6851 8900 6854 715 717 720 4820 725 6869
 727 6872 8932 749 761 762 4871 8972 2832 6933 792 2840 4889 797 4894 6942
 2847 811 814 6962 819 6970 4926 835 4935 6985 4938 9035 6986 6993 4951
 7003 866 9059 4964 4965 7017 2923 2925 881 2930 4980 7032 893 898 2948
 5002 5006 5009 913 9107 2975 9120 9121 2981 7082 2987 7087 5052 5053 5056
 7105 7107 3011 966 5074 3026 5077 3031 7128 5084 7133 5086 9184 7145 7150
 1019 9216 3075 1032 7176 1035 9230 7186 1043 9235 9237 1049 5147 9246
 5151 3107 9252 5162 7210 3117 7217 1075 9273 7228 9277 5183 7242 1109
 9302 5206 9305 3164 1121 3171 1130 1137 3186 9329 5237 3191 7292 3202
 3214 1167 9361 5268 7318 9366 7323 5278 5281 7344 9398 5309 7360 1219
 9415 9417 5330 1236 5338 1247 3297 9441 1251 3298 3301 9445 5354 3319
 3321 5369 9467 9471 3327 1279 3335 1304 7449 7456 5411 9513 9514 1324
 5424 9536 7489 1348 5446 7498 5458 9562 1373 7524 3429 1380 9576 3440
 9584 7539 7545 3459 9604 7561 1422 7568 7569 9620 1429 9622 1431 3479
 5532 1439 1443 3496 9643 1456 5558 5559 9656 7609 9657 5565 7617 1474
 3523 1479 5578 9676 5581 5582 1491 3539 9704 1513 5609 9708 5628 1548
 3601 9750 9753 7709 1571 3622 1576 1581 7730 1587 7734 7736 9790 7744
 9794 5700 1605 5703 1607 1618 3669 3673 3677 9823 5730 7802 1664 9857
 3716 7815 3724 5774 1690 1693 5794 1708 9902 1710 1715 7863 1721 1723
 9926 5833 9932 5837 9933 1747 5843 5848 3806 1767 3816 5871 1788 7933
 5889 1800 1803 1812 7959 7960 5924 3878 1838 7989 8003 5960 1867 8014
 1871 1885 1898 6001 1905 3956 6008 3965 6014 1926 1929 6029 1939 8084
 1941 1944 3995 3996 8095 8102 8104 4011 6077 8128 1986 8131 6085 4044
 2002 8166 2023 2032 2039 2044 8189 9792 3616 6626 2497 8582 8614 5286
 1259 6702 9974 1596]
[3301 725 3171 1721 6839 2650 266 9471 8267 4210 8357 9926 8102 6705 792
 9676 1431 6739 8314 5700 9302 5582 2232 3321 3297 376 9059 6970 2975 3806
 416 9230 6854 1304 7609 9184 426 1479 1898 5730 9823 2416 9246 5206 7107
 7449 2120 9622 2270 254 195 1605 6014 9441 5056 6985 6195 2331 8972 7569
 8524 637 2987 6670 8657 5213 3059 7150 5837 6243 6715 4606 5052 7959 9576
 9792 6083 6703 6422 7489 357 3214 5871 3956 9753 9415 5084 7186 4503 4354
 6560 4833 1986 5197 5074 966 2161 6299 746 9237 866 3459 5151 1871 689
 2032 4281 606 4398 6869 2023 9216 9120 1838 4820 1867 8480 5559 8817 1019
 727 7323 6190 2981 598 6845 8491 8335 9704 3726 7744 1885 9933 160 3677
 5840 8128 4175 2923 1939 377 717 3319 7105 5555 87 6382 9949 9065 3601
 338 3416 4287 4740 3216 5578 1739 7841 7989 5281 2722 7360 2273 1693 4291
 4646 547 8420 5833 8408 2840 4951 1767 8626 8658 9562 8721 6008 7524 802
 2762 2213 2782 1247 3053 9790 1422 3724 607 7318 1251 3587 1297 4282 3995
 7344 913 3440 4140 7003 4304 845 2300 3622 3785 1443 8786 5273 1049 4002
 6865 8703 7242 6227 6387 9107 2948 4391 8014 8780 3496 4894 9277 59 3816
 1491 1121 9750 245 354 8405 4334 835 1618 797 5458 5354 3202 1043 6085
 761 2362 8104 4964 232 8671 1746 1137 881 3716 4307 3673 6647 6942 9252
 2543 715 4299 5424 7104 5411 762 8700 3539 118 7419 3011 430 2167 8497
 819 3878 8384 1167 6853 1803 4678 7863 385 7087 1944 2664 898 9361 9262
 9584 5278 9902 1941 169 6993 9305 2930 5053 1474 6077 4776 5162 4938 2127
 3479 3031 1348 4285 1398 9967 7036 8803 9536 5330 9465 2565 2248 4710
 7217 370 5774 6538 6001 5086 9514 7124 8900 1380 1592 7730 9794 192 1032
 1788 8189 100 7933 255 1800 2067 6428 5338 9273 9417 1109 258 5385 4933
 5529 3387 4798 5469 5628 8166 6253 8180 1051 8023 5749 9121 2524 5609
 6168 7236 9366 3335 3035 3600 9708 205 8003 7848 9857 4457 8296 5446 6271
 4760 2525 6305 1587 5658 5077 1157 7960 6364 7815 2002 6443 9235 7261
 7591 749 3352 5755 4982 5002 2397 3502 2044 3336 5530 2231 6544 1373 2207
 2925 9556 7128 9604 2988 8181 8601 5183 6264 5843 4632 1710 8668 3508
 4870 2970 7545 1845 5370 2606 8868 58 6163 1607 1130 4383 459 1548 9643
 355 4548 4926 3736 2347 9260 4779 6326 2519 124 5558 3523 635 4044 814
 7913 5547 6933 6795 831 5179 7807 4453 5733 9114 8930 1299 1346 1759 147
 8599 8654 972 7408 8552 9853 8634 1227 1147 9675 184 5159 9352 1368 7993
 1100 820 7005 6151 8301 8572 9503 878 6206 2568 7741 2299 2721 1518 5098
 7668 3490 1112 1124 8461 1333 8533 9770 5286]
[1109 8815 5385 3387 1612 8794 5628 2169 8166 3117 7017 1051 1439 3283
 7893 9932 3107 7133 7802 5794 3084 6477 9656 3026 2173 2187 6235 2126
 1293 7182 7229 5532 9039 2586 5343 9950 6962 1057 8827 1812 2039 1909
 4446 4903 2990 6666 9657 5609 6168 9366 3335 1276 3773 8095 9857 5008
 7176 9513 8296 7579 5446 4760 5237 8932 6251 5210 5917 7960 1644 8142
 9809 2002 6443 3097 811 5755 4982 5002 6339 3502 1373 2207 9556 7128 9604
 2988 7687 8601 5581 1445 4871 8668 3508 1429 7545 2606 6163 9643 355 3996
 3736 2141 5205 2519 6620 1664 3523 5646 365 6933 6795 4453 9114 5631 8930
 7970 5544 5235 8562 1346 147 8654 972 8901 8552 2835 6992 1147 9675 37
 497 820 3230 7005 685 9515 5098 9996 1124 8461 4499 5272 3708 8341 4825
 5642 7562 3183 4500 9872 2836 4586 3817 5600 6218 2190 6142 2447 4023
 2049 3815 7370 35 4527 2672 85 8026 2166 3301 725 3171 1721 6839 2650 266
 9471 8267 4210 8357 9926 8102 6705 792 9676 1431 6739 8314 5700 9302 5582
 2232 3321 3297 376 9059 6970 2975 3806 416 9230 6854 1304 7609 9184 426
 1479 1898 5730 9823 2416 9246 5206 7107 7449 2120 9622 474 7617 2270 254
 195 1605 6014 9441 5056 6985 6195 2331 8972 7569 8524 637 2987 6670 8657
 5213 3059 7150 5837 6243 6715 4606 7959 9576 9792 6083 6703 6422 7489 357
 5871 3956 9753 9415 5084 7186 4503 4354 6560 4833 1986 5074 966 2161 6299
 746 9237 866 3459 5151 689 2032 4281 606 4398 6869 2023 9216 9120 4820
 1867 8480 5559 8817 1019 727 7323 6190 2981 598 6845 8491 8335 9704 3726
 3327 7744 1885 9933 5840 8128 4175 2923 1939 377 717 3319 7105 5555 6872
 87 6382 9949 9065 3601 8809 338 3416 4287 4740 3216 5578 1739 7841 8364
 7989 5281 2722 7360 2273 1693 4646 1929 547 8420 5833 8408 2840 4951 1767
 8626 8658 9562 6008 7524 2762 7429 2213 2782 1247 3053 9790 1422 3724 607
 7318 1251 3587 1297 5009 3995 7344 913 4140 6439 7003 7709 4750 4304 86
 845 2300 3622 1443 8786 5273 1049 4002 8703 7242 6387 9107 720 2948 4391
 8014 8780 3496 4894 2832 9277 59 3816 1491 1121 9750 245 4735 354 8405
 4334 835 1618 797 5458 5354 3202 1576 6085 761 8558 2362 8104 4964 232
 1746 1137 881 3716 4307 3673 6647 6942 9252 715 4299 5424 7104 5411 1690
 762 1035 8700 3539 118 1862 3011 8084 430 342 2167 8501 3429 3878 8384
 1167 9035 6853 1803 3075 5147 4678 7863 7138 385 7087 5369 1944 4011 2664
 898 9361 9262 9584 5278 1941 433 169 6993 2930 7539 5006 893 1075 5053
 1474 4776 5162 4938 2506 8708 1236 3479 3031 6973 1348 5309 8346 1279
 8941 1398 7036 1715 9536 2595 5330 4965 9465 3359 2565]
[3301 725 1721 6839 2650 266 9471 8267 4210 9926 8102 6705 792 9676 1431
 6739 8314 9302 5582 2232 3321 3297 376 9059 6970 2975 3806 416 9230 6854
 1304 7609 9184 426 1479 1898 5730 9823 2416 9246 5206 7107 7449 2120 9622
 474 7617 2270 254 195 1605 6014 9441 5056 6985 6195 2331 8972 7569 8524
 637 2987 6670 8657 5213 3059 5837 6243 6715 4606 5052 7959 9576 9792 6083
 6703 6422 7489 357 3214 5871 3956 9753 9415 5084 7186 4503 4354 6560 4833
 1986 5197 5074 966 2161 6299 746 9237 866 3459 5151 1871 2032 4281 606
 4398 6869 9216 9120 1867 5559 8817 1019 727 7323 6190 2981 598 6845 8491
 8335 9704 3726 3327 7744 1885 9933 160 3677 5840 8128 4175 1939 377 717
 3319 7105 5555 6872 87 6382 9949 9065 3601 8809 338 3416 4287 4740 3216
 5578 1739 7841 8364 7989 5281 2722 7360 2273 1693 4291 4646 1929 547 8420
 8408 2840 4951 1767 8626 8658 8721 6008 7524 802 2762 7429 2213 2782 9790
 1422 3724 607 7318 1251 3587 1297 5009 4282 3995 7344 3440 4140 6439 7003
 7709 4750 4304 86 845 2300 3622 3785 1443 8786 5273 1049 4002 6865 8703
 7242 6227 6387 720 2948 4391 8014 8780 3496 4894 2832 9277 59 3816 1491
 9750 245 354 835 797 5458 5354 1043 1576 6085 761 8558 8104 4964 232 8671
 1746 1137 881 3716 4307 3673 6647 6942 9252 2543 715 4299 5424 5411 1690
 762 1035 8700 3539 118 3011 8084 430 342 6635 2167 8497 8501 3429 5298
 819 3878 8384 9035 6853 1803 3075 5147 4678 7138 385 5369 4011 9361 9262
 5278 1941 433 169 6993 9305 3191 2930 7539 5006 4765 5053 470 1474 6077
 4776 5162 4938 2506 8708 1236 2127 1708 3479 3031 3186 6973 2847 7456
 5309 4285 8346 1279 8941 1398 9967 8803 1723 9536 5960 4965 4315 9465
 3359 9445 2565 2248 8600 9911 5886 4710 7217 7145 221 6851 7554 8241 370
 1433 1513 5774 6720 5268 8231 6001 1926 5086 9514 6161 7083 7124 9616
 7736 9620 1380 1592 192 1032 1788 8189 100 7933 255 1800 2067 6428 683
 5338 7734 9273 9417 1109 258 8815 7210 5385 4963 7032 5529 3387 2895 4798
 5469 8794 5628 3117 7573 8180 8751 1051 1439 8023 5410 3283 7893 9932 180
 3084 6477 5957 631 4849 4783 3026 2173 2236 7561 1293 8279 4720 5532 388
 9039 4223 1057 8827 8874 2039 1336 284 4903 8131 2825 6666 6669 5749 9121
 5609 6168 3965 7236 3335 3035 3773 3600 9708 4980 7848 6904 9918 1456
 1219 7579 5446 6271 5534 4436 2525 394 215 6251 9329 5658 5210 173 6364
 7815 642 9809 6673 7080 2002 9235 3097 7261 9776 749 5202 3164 4982 5002
 2397 6339 8324 3336 5530 7831 1373 2207 7128 9604 3858 9254 7687 6793
 5183 4632 4871 5703 1429 7545 5370 1607 459]
[3301 725 3171 1721 6839 2650 266 9471 8267 4210 8357 9926 8102 6705 792
 9676 1431 6739 8314 5700 9302 5582 2232 3321 3297 376 9059 6970 2975 3806
 416 9230 6854 1304 7609 9184 426 1479 1898 5730 9823 2416 9246 5206 7107
 7449 2120 9622 474 7617 2270 254 195 1605 6014 9441 5056 6985 6195 2331
 8972 7569 8524 637 2987 6670 8657 5213 3059 7150 5837 6243 6715 4606 5052
 7959 9576 9792 6083 6703 7489 357 5871 3956 9753 9415 5084 7186 4503 4354
 6560 4833 1986 5197 5074 966 2161 6299 746 9237 866 3459 5151 1871 689
 2032 4281 606 4398 6869 2023 9216 9120 1838 4820 1867 8480 5559 8817 1019
 727 7323 6190 2981 598 6845 8491 8335 9704 3726 3327 7744 1885 9933 160
 3677 5840 8128 4175 2923 1939 377 717 3319 7105 5555 6872 87 6382 9949
 9065 8809 338 3416 4287 4740 3216 5578 1739 7841 8364 7989 5281 2722 7360
 2273 1693 4291 4646 1929 547 8420 5833 8408 2840 4951 1767 8626 8658 9562
 8721 6008 7524 802 2762 7429 427 2213 2782 1247 3053 9790 1422 3724 607
 1251 3587 1297 5009 4282 3995 7344 913 3440 4140 6439 7003 7709 4750 4304
 86 845 2300 3622 1443 8786 5273 1049 4002 6865 7242 6227 6387 9107 720
 4391 8014 3496 4894 2832 9277 59 1491 1121 9750 245 4735 354 8405 4334
 835 1618 797 5458 5354 3202 1576 6085 8558 2362 8104 232 8671 1746 1137
 881 3716 4307 3673 6647 6942 9252 2543 715 4299 5411 1690 762 1035 8700
 3539 1862 3011 6635 2167 8497 8501 5298 819 3878 8384 1167 9035 6853 1803
 3075 5147 4678 7863 7138 385 7087 5369 1944 4011 2664 898 9361 9262 5278
 9902 1941 433 169 6993 9305 3191 2930 7539 5006 893 5053 470 4776 5162
 4938 8708 1708 3479 1348 5309 8346 8941 1398 7036 1723 9536 5960 5330
 4965 9465 3359 2565 7217 221 6851 7554 370 5774 1926 5086 7083 8900 1380
 683 5338 7734 9417 258 8815 7210 5385 4963 5529 1612 8794 5628 8166 3117
 7573 8180 1051 1439 8023 863 3283 3107 7133 9467 8271 7498 180 5794 3084
 8286 631 9404 4133 2271 4783 5924 6901 2173 2187 6235 2236 2126 7561 1293
 5070 265 5532 388 1905 2586 1581 2950 5819 1812 8874 1336 4114 4446 3669
 1747 4903 2155 2825 2990 6666 9657 6669 4093 5749 1571 5609 6168 9398
 3335 1276 3773 3600 9708 205 6904 9857 4504 7176 7568 4457 8296 5446 4436
 4760 7651 5237 8932 2309 6251 4096 9329 5658 5210 5077 1157 6364 1001
 7815 3694 8142 642 6673 2002 6320 6443 1683 7261 9776 5402 5202 9758 811
 4892 3164 4982 2397 2898 5530 2231 2207 2925 7128 9604 2988 7687 8601
 1445 7205 5843 4871 5703 8668 1429 7545 6952 6861 9281 9966 5715 3050
 1646 7892 5713 4945 6152 6893 6509 3289 2201 5592]
[3301 725 3171 1721 6839 2650 266 9471 8267 4210 8357 9926 8102 6705 792
 9676 1431 6739 8314 5700 9302 5582 2232 3321 3297 376 9059 6970 2975 3806
 416 9230 6854 1304 7609 9184 426 1479 1898 5730 9823 2416 9246 5206 7107
 7449 2120 9622 474 7617 2270 254 195 1605 6014 9441 5056 6985 6195 2331
 8972 7569 8524 637 2987 6670 8657 5213 3059 7150 5837 6243 6715 4606 5052
 7959 9576 9792 6083 6422 7489 357 3214 3956 9753 9415 5084 4503 4354 6560
 4833 1986 5197 5074 966 2161 9237 866 3459 5151 1871 689 2032 606 4398
 6869 2023 9216 9120 1838 4820 1867 5559 1019 727 7323 6190 2981 598 6845
 8491 8335 9704 3726 3327 7744 1885 160 3677 5840 8128 4175 2923 1939 377
 717 3319 7105 6872 87 6382 9949 9065 3601 338 3416 4287 3216 5578 1739
 7841 8364 7989 5281 7360 1693 4291 4646 1929 547 8420 5833 8408 4951 1767
 8626 8658 9562 8721 6008 802 2762 7429 427 2213 2782 3053 9790 1422 3724
 607 7318 1251 3587 1297 5009 4282 3995 7344 913 3440 4140 7003 7709 4750
 4304 86 845 2300 3622 3785 8786 5273 1049 4002 6865 7242 6227 6387 9107
 720 2948 8780 3496 4894 2832 9277 59 3816 1491 1121 9750 245 4735 354
 8405 4334 835 1618 797 5458 5354 1043 6085 8558 2362 8104 4964 8671 1746
 1137 881 3716 4307 3673 6942 2543 715 4299 5424 7104 5411 1690 762 8700
 3539 118 7419 1862 3011 8084 8497 8501 3429 5298 819 3878 1167 9035 6853
 1803 5147 4678 7863 7138 385 7087 1944 2664 898 9361 9584 5278 9902 1941
 169 9305 3191 2930 7539 5006 893 4765 470 1474 6077 4776 5162 4938 2506
 8708 1708 3479 3031 6973 2847 4285 8941 1398 9967 8803 1715 9536 2595
 5330 9445 2248 4710 7217 7554 8241 1433 5774 6720 5268 1926 5086 9514
 6161 7083 9862 9616 7736 1380 1592 7730 9794 192 1032 1788 7580 8189 100
 4572 255 1800 2067 583 6428 683 5338 7734 9273 9417 1109 258 8815 7210
 5385 4933 4963 2444 5529 3387 2895 4798 5469 1612 8794 5628 2169 8166
 3117 7573 7017 6253 8751 5889 1051 1439 863 5410 7893 9932 3107 7802 9467
 8271 7498 180 5794 3084 6477 5565 5957 6029 6986 8286 9656 631 9404 2271
 4783 5924 2173 2187 2126 265 8279 7182 7849 4223 3452 1581 2950 2039 1336
 7082 4114 4446 7356 3669 4903 5749 5874 3965 3773 9708 205 8003 4980 4504
 5008 7176 9513 1456 7579 6271 5534 4760 394 7651 8932 9329 5077 5917 6364
 642 6673 2002 6443 9235 9776 7591 749 5202 3352 9758 5755 4982 2706 2898
 8324 2044 3336 5530 2231 9556 7128 9604 3858 9254 7687 8601 5581 1445
 6793 5183 6264 5843 4632 1710 4871 5703 3508 1429 2970 7545 1845 5370
 2606 58 6163 1607 4383 459 1548 9643 355 7012]
[3301 725 3171 1721 6839 2650 266 9471 8267 4210 8357 9926 8102 6705 792
 9676 1431 6739 8314 5700 9302 5582 2232 3321 3297 376 9059 6970 2975 3806
 416 9230 6854 1304 7609 9184 1479 1898 5730 9823 2416 9246 5206 7107 7449
 2120 9622 474 7617 2270 254 195 1605 6014 9441 5056 6985 6195 2331 8972
 8524 637 2987 6670 8657 5213 3059 7150 5837 6715 4606 5052 7959 9576 9792
 6083 6703 6422 7489 357 5871 3956 9753 9415 5084 7186 4503 4354 6560 4833
 1986 5197 5074 966 2161 6299 746 9237 866 3459 5151 1871 689 2032 4281
 606 4398 6869 2023 9216 9120 1838 4820 1867 8480 5559 8817 1019 727 7323
 6190 2981 598 6845 8491 9704 3726 3327 7744 1885 9933 160 3677 5840 8128
 2923 1939 377 3319 7105 5555 6872 87 6382 9949 9065 3601 8809 338 3416
 4287 4740 3216 5578 1739 7841 8364 7989 5281 2722 2273 1693 4291 4646
 1929 547 5833 8408 2840 4951 1767 8626 8658 9562 8721 6008 7524 802 2762
 7429 427 2213 2782 1247 3053 9790 1422 3724 607 7318 1251 3587 1297 5009
 4282 3995 7344 913 3440 4140 6439 7003 7709 4750 4304 86 845 2300 3622
 3785 1443 8786 5273 1049 4002 6865 8703 7242 6227 6387 720 2948 8014 8780
 3496 4894 2832 9277 59 3816 1491 1121 9750 245 4735 354 4334 835 1618 797
 5458 5354 3202 1043 1576 6085 761 8558 2362 8104 4964 232 8671 1746 1137
 881 3716 4307 3673 6647 6942 9252 2543 715 4299 5424 7104 5411 1690 762
 1035 8700 3539 118 7419 1862 3011 8084 342 6635 2167 8497 8501 5298 819
 3878 8384 1167 9035 6853 1803 3075 4678 7863 7138 385 1944 4011 2664 898
 9361 9584 5278 433 169 6993 9305 2930 7539 5006 893 1075 4765 5053 4776
 5162 4938 2506 8708 1236 1708 3479 3031 6973 2847 5309 8346 1279 7036
 1715 9536 2595 5330 4965 4315 3359 9445 2565 4710 7217 221 7554 8241 370
 5774 5268 6538 1926 5086 7124 8900 9616 1380 9794 192 1032 1788 7580 7933
 583 683 1109 7210 5385 4963 5529 3387 2895 4798 2169 3117 7017 6253 8180
 8751 1051 8023 5410 3283 7893 7498 5794 6477 5565 5957 6986 8286 4849
 1080 2271 4783 7228 6901 3026 697 6235 2126 8279 1905 4223 3452 2586 2950
 9950 6962 1738 2155 2825 9657 4093 7236 9398 9366 3335 1276 3035 3773
 3600 9708 205 8095 9857 7568 4457 9918 7579 6271 2525 215 8932 9105 5210
 1157 5917 279 6364 1001 2251 8142 6673 1683 3097 7261 5202 2898 8324 2044
 7831 2207 9556 7128 5581 5183 1429 4870 7545 1130 1548 1664 5646 7913
 9853 2835 3977 9675 1100 6151 685 2568 8277 5991 2675 7896 9872 6218 5814
 9452 2447 8892 4012 91 2166 224 2704 4121 3329 6756 7014 3257 4521 4152
 1356 2941 8633 3743 4071 4862 4695 2564 5235]
[3301 725 3171 1721 6839 2650 266 9471 8267 4210 8357 9926 8102 6705 792
 9676 1431 6739 8314 5700 9302 5582 2232 3321 3297 376 9059 6970 2975 3806
 416 9230 6854 1304 7609 9184 426 1479 1898 5730 9823 2416 5206 7449 2120
 9622 474 7617 254 6014 9441 5056 6195 2331 8972 7569 8524 637 2987 6670
 8657 5213 3059 7150 5837 6243 6715 4606 5052 7959 9576 9792 6083 6703
 6422 7489 357 3214 5871 3956 9753 9415 5084 7186 4503 4354 6560 4833 1986
 5197 5074 966 2161 6299 746 9237 866 3459 5151 1871 689 2032 4281 606
 4398 2023 9216 9120 4820 8480 8817 1019 727 7323 6190 2981 598 6845 8491
 8335 9704 3726 3327 7744 1885 9933 160 3677 5840 8128 4175 2923 1939 377
 717 3319 7105 5555 6872 87 6382 9949 9065 3601 8809 3416 4287 4740 3216
 5578 1739 7841 8364 7989 5281 2722 7360 2273 1693 4291 4646 1929 547 8420
 8408 2840 4951 1767 8626 8658 9562 8721 6008 7524 802 2762 7429 427 2213
 2782 1247 9790 1422 3724 607 7318 1251 3587 1297 5009 4282 3995 7344 913
 3440 4140 6439 7003 4750 4304 86 845 2300 3622 3785 1443 5273 1049 4002
 6865 8703 7242 6227 6387 9107 720 2948 4391 8014 8780 3496 4894 2832 9277
 59 3816 1491 1121 4735 354 4334 835 3202 6085 761 232 1746 1137 3716 4307
 2543 715 4299 7104 5411 1690 1035 3539 3011 342 8497 8501 3429 5298 3878
 8384 1167 6853 1803 5147 4678 7863 7138 5369 2664 9361 9262 9584 5278
 1941 433 6993 3191 7539 5006 893 4765 5053 470 1474 5162 4938 8708 2127
 1708 3031 3186 6973 2847 7456 4285 8346 1279 8941 1398 8803 1715 9536
 5960 4965 9465 3359 9445 2565 8600 5886 4710 7217 6851 7554 8241 1433
 6720 5268 6538 6001 1926 5086 9514 6161 7083 7124 8900 9862 7736 9620
 1592 9794 192 1032 1788 7580 7933 255 7734 9273 7210 5385 5529 2895 1612
 1051 5682 7893 3107 7133 7802 6477 5957 6029 8286 9656 631 4849 3026 265
 4720 1905 2950 9950 1057 5819 2039 7082 4446 2155 4093 7236 9398 9366
 3335 1276 3773 205 8003 9857 7568 1456 8296 1219 4760 215 8932 2309 9329
 5077 1157 7960 279 7815 642 6320 189 9235 3097 3164 8324 3502 2044 5530
 2231 1373 9556 7128 2988 9254 7687 1445 5843 5703 8668 3508 1548 355 3298
 3736 6283 1638 5205 25 5558 1664 5654 7913 6933 6795 831 7970 5544 1299
 147 2835 1227 37 3230 8301 8572 2568 1124 1322 4499 7686 2675 7745 9506
 4586 477 5600 6218 641 9452 2447 7370 3686 85 2166 9137 6050 9551 295
 4981 8342 3743 9961 8882 8242 3495 6401 8906 7902 790 4528 537 126 2329
 7294 2241 51 7486 1672 5644 8784 7923 938 6972 4877 7369 4239 2469 5758
 6522 4707 9206 8953 7063 4927 1692 7405 7345 5517]
[3301 725 3171 1721 2650 266 9471 8267 4210 8357 9926 8102 6705 792 9676
 1431 6739 8314 5700 9302 5582 2232 3321 3297 376 9059 6970 2975 3806 416
 9230 6854 1304 7609 9184 426 1479 1898 5730 9823 2416 9246 5206 7107 7449
 2120 9622 474 7617 2270 254 195 1605 6014 9441 5056 6985 6195 2331 8972
 7569 8524 637 2987 6670 8657 5213 3059 7150 5837 6243 6715 4606 5052 7959
 9576 9792 6083 6703 6422 7489 357 3214 5871 3956 9753 9415 5084 7186 4503
 4354 6560 1986 5197 5074 966 2161 6299 746 9237 866 5151 1871 689 2032
 4398 6869 2023 9216 1838 4820 1867 8480 5559 1019 727 6190 2981 598 8491
 8335 9704 3726 3327 7744 1885 9933 3677 5840 4175 2923 1939 377 3319 7105
 5555 6872 87 6382 9949 9065 3601 8809 3416 4287 4740 3216 5578 1739 7841
 8364 7989 5281 2722 2273 1693 4291 4646 1929 547 5833 4951 1767 8626 8658
 9562 8721 6008 7524 802 7429 427 2213 2782 1247 3053 9790 1422 3724 607
 7318 1251 1297 3995 7344 913 4140 6439 7003 86 845 2300 3622 3785 1443
 8786 5273 1049 4002 6865 8703 7242 6227 6387 9107 720 2948 4391 8014 3496
 4894 9277 59 3816 1491 1121 9750 4735 354 8405 4334 835 797 5458 5354
 3202 1043 1576 6085 761 8558 8104 232 8671 1746 1137 881 3716 4307 3673
 6942 9252 2543 715 4299 7104 5411 1690 1035 8700 3539 118 1862 3011 6635
 2167 8501 3429 5298 8384 1167 9035 6853 3075 5147 4678 7138 385 1944 4011
 2664 898 9361 9262 9584 5278 1941 433 6993 9305 3191 2930 5006 893 1075
 5053 4776 5162 4938 2506 8708 1236 2127 1708 3479 3031 3186 1348 7456
 5309 1279 1398 9967 7036 9536 2595 5960 5330 9465 3359 9445 2565 2248
 8600 7145 7554 8241 6750 1513 5774 6720 6538 8231 1926 5086 9514 7083
 8900 9620 9794 192 1788 7580 8189 100 7933 4572 255 1800 2067 683 9273
 1109 258 7210 5385 4963 2444 5529 3387 4798 1612 5628 3117 7017 8751 5889
 863 9932 7133 8271 6986 8286 1293 7849 3452 1581 6294 2950 1057 8827 1909
 1747 2155 2825 2990 5625 5749 1571 3965 7236 9398 9366 3335 1276 9708 205
 7848 5008 7176 4457 4760 394 215 5237 6305 6251 4096 9105 9329 1587 5658
 5210 173 5917 279 6364 7815 3694 9809 6673 189 6443 9235 4889 1683 7261
 7591 5402 3352 811 3164 5755 2898 6339 3502 2044 3336 5530 6544 1373 2207
 9556 7128 2988 7687 1445 6793 5183 5843 4632 4871 8668 1429 4870 2970
 7545 1845 5848 5370 58 1607 4383 8636 1548 9643 355 3996 2347 9260 6283
 1638 5205 6326 310 124 6620 1664 1324 2359 5654 4044 814 7913 5547 6795
 5179 7807 5733 9114 3263 7119 1147 37 8020 2233 532 8698 5717 4184 1932
 4950 4437 7601 8769 4086 8347 6171 780 8767]
