FDR List:
0.47183098591549294
0.6267605633802817
0.647887323943662
0.6338028169014085
0.6338028169014085
0.5563380281690141
0.6549295774647887
0.4859154929577465
0.5704225352112676
0.4014084507042254
Subset List:
[6144 4104 2056 2063 8210 8220 31 4131 4132 8229 8230 38 40 2089 4138 43
 2093 4142 46 51 4152 6201 2105 4157 66 6213 4174 2126 2128 8275 8283 2142
 2145 2156 8301 2162 8307 2165 6264 2177 4236 2189 2190 6286 4237 4241
 2198 4251 6300 6301 158 8352 8356 165 171 4272 2224 6324 8375 6328 2236
 6335 8390 2248 2254 8399 207 8408 6363 4326 6375 2280 2282 8426 2288 246
 2298 6396 6402 8457 268 6412 8462 6416 279 8476 4381 2333 2339 4394 2347
 8499 2359 320 8512 332 2381 6480 4433 4434 4436 4438 6488 4451 4469 2438
 2440 4488 397 2446 8591 8593 4502 407 410 4506 4511 6561 418 6565 2481
 8629 2489 444 449 2500 2502 2503 2507 6604 4558 8658 4568 4574 2529 4584
 8688 8691 500 8708 2580 533 8728 6685 547 6692 4646 6697 4650 8748 4652
 560 8754 564 4666 6715 8765 577 4674 4684 2654 607 6752 6754 6762 2671
 623 8818 626 628 8825 8831 6788 4742 4744 661 6807 6810 4763 2721 2733
 8878 4781 6832 6837 695 6843 2757 6857 714 8909 6866 6868 2792 6891 4846
 754 6904 762 6917 793 2842 6942 8990 8994 2852 8996 8999 4904 6953 812
 9013 9016 6969 826 6971 9022 6977 2882 2890 4947 2900 9045 4961 9059 7011
 4965 9081 894 895 9095 7047 7053 2961 913 9109 7063 2973 927 939 7085
 9135 2995 9140 7104 7109 9157 7112 968 3019 3031 985 3034 5084 3038 990
 9189 7142 3047 5098 1014 7162 3067 7168 5121 1026 9219 5128 7182 3087
 3086 9238 3102 3103 9247 9251 1065 7217 3132 7234 5188 5189 1092 1096
 7248 9298 7254 5207 1112 9306 1114 1120 7282 9342 5246 5249 1153 7297
 9348 3206 5259 1164 9358 9360 9366 3230 3241 1195 9392 3248 7346 5299
 1211 9407 1215 1218 7363 7367 9426 1235 3284 3285 9432 3300 3301 3303
 9449 5354 7407 9460 9468 1279 9477 5382 9480 3342 5390 7440 5393 7441
 9490 3345 5396 3358 7455 1319 3370 9524 1335 1336 9539 7505 3420 5469
 3427 9581 7535 1395 1398 1399 7544 7547 3453 9602 7557 1420 5518 9614
 5520 7573 7574 3487 1463 3519 7619 7628 3534 7638 5600 9697 3554 5602
 5604 1508 1505 7657 5610 9706 3572 7676 9725 1532 3582 5634 3586 9736
 3604 1557 9750 7702 7721 3626 7722 5680 1597 9791 1600 7746 7748 7749
 3655 1609 9804 7768 9830 9833 1642 7789 3703 3704 3706 1662 9854 9856
 7812 1671 3739 1695 9904 5810 3767 7864 5819 1726 1727 7873 5832 7883
 9934 9938 3804 5852 9949 7904 3809 7905 9954 9957 7909 5868 9969 7929
 7931 9981 9989 7941 7946 7948 7976 1832 1836 7983 1842 7987 1843 1846
 7993 1852 8000 1861 3915 3918 5967 3919 8022 5984 8038 1917 6013 3967
 3970 3973 3974 1930 6036 6046 6052 6065 1992 8136 4048 2005 4055 4056
 4088 8187 6140 8190 5626 6830]
[9059 4056 2842 4142 66 8708 9306 3626 3554 9366 6065 3973 9095 5249 9071
 5382 9449 3103 4104 7109 890 9157 1339 7196 9251 9791 2162 6547 2798 2245
 3804 5189 8717 5718 2900 5610 1930 6715 9719 9313 1557 4148 1846 406 4152
 9342 4796 3655 3940 3481 4028 3519 6752 4394 4526 1671 8658 4433 3370
 6591 4839 5774 9856 5188 9969 5128 5393 9795 7976 7945 1852 8275 4751 51
 5173 3706 9050 9298 7952 6942 6994 320 8591 5037 1251 2503 7746 5207 7557
 2347 5967 607 6363 4422 8476 6561 5719 2588 4018 2841 2398 3109 3081 6025
 2444 1527 1922 1974 6596 4031 3491 1586 4564 5710 6957 4019 1822 7551
 5583 8727 4905 5241 2252 2705 4674 3132 3915 9706 5531 3038 2973 1336
 2236 9750 3669 8558 3265 283 8929 7249 8259 3277 4981 404 6709 3805 9350
 3833 1841 3365 5113 9177 7646 2953 1731 3497 8969 3198 5605 4289 7664
 4336 948 6242 6404 1043 5023 3639 5734 6728 9017 6400 9303 5015 9211 2020
 5030 9809 6760 2191 9064 5266 2278 1197 42 6 6407 5974 3224 7393 2071
 4153 8762 2079 4570 558 8866 7049 5786 3720 3568 956 2755 536 2281 5464
 1249 7307 7518 6618 3205 2284 5107 779 2302 2323 608 7411 1611 7024 9441
 8116 1130 8039 7288 342 689 7177 7445 8384 2351 6691 1066 8592 3241 1777
 8306 7520 3528 9963 2721 4769 339 674 9933 3441 8436 141 9502 6094 8471
 3325 2872 4705 1207 8196 1585 971 8227 5977 5108 3938 5497 475 8323 9935
 5070 7798 3774 2097 1684 4250 4084 6231 5899 8716 5136 7981 2419 1493 526
 5981 3106 9645 3614 1784 1277 6745 3939 4916 7070 389 2485 1160 1253 6846
 435 6368 6584 6164 4893 7777 9709 2522 7660 8178 4025 9852 3789 4469 2299
 1917 2008 3458 1026 6807 2190 9512 7721 9736 5740 9684 7711 2438 7544
 1166 8038 2713 6868 1836 2733 9248 2671 4140 1892 1943 6685 6788 3301
 1642 793 6117 2737 9148 7535 1561 541 5257 9724 3575 3230 547 5041 6416
 2381 8878 3704 9989 9247 1695 1593 9238 9661 5634 6511 6225 7112 268 2500
 9022 2507 4138 7047 3967 7441 7905 3067 1861 1970 8728 4960 6971 6969
 9692 3572 8640 7822 762 5518 8678 4746 8593 2198 9539 9957 6375 5852 8748
 4272 1370 6140 560 9904 3453 3487 6286 2848 2057 4763 6762 6300 9949 1065
 3553 9604 5520 4646 332 2580 1399 565 3760 6112 315 7581 4451 4744 8825
 6904 8999 6201 2352 5604 499 6837 4237 577 8950 407 9896 6820 7069 3658
 166 511 79 4024 5297 9622 9863 9089 8313 7643 581 5492 2221 637 3673 1942
 3678 9496 8537 6526 2752 3133 8251 6748 8399 17 8487 9897 8920 9947 2882
 6234 4738 8869 9204 9027 9446 4108 7839 4012 5455 3080 1629 561 7228 4051
 5606 8709 9705 1768 4671 6869 1025 8611 1895 4985 9562]
[8196 6 4104 2057 4106 4108 17 8210 2071 2079 2082 8227 4131 2086 40 2089
 42 43 4140 4142 46 51 4148 4152 4153 6201 8251 66 8259 67 74 6223 8275
 8283 6240 6242 8295 8300 8307 4217 6274 2189 141 2191 2190 6286 6293 2198
 151 4250 4251 6300 4272 2224 2236 8381 4289 2245 2252 8397 8399 8406 6360
 6368 2278 6375 2284 4336 8433 2298 2299 6402 6404 268 6416 8471 279 283
 4381 4394 2347 2351 4404 2359 315 8512 4420 4422 6471 332 4433 339 342
 6488 8537 2398 8558 389 2438 2440 2444 8591 8593 6547 4500 404 406 413
 4511 6561 2477 4526 435 2485 8629 6584 2489 444 6591 6596 2500 2503 2507
 8658 4564 4568 2521 4570 6618 8678 8708 8716 526 2580 6679 8727 8728 541
 546 6691 547 4646 8748 4652 558 560 8754 8757 8762 6715 6721 4674 577
 6728 586 8784 2641 607 6752 608 4705 6758 6760 6762 4726 8825 6788 4742
 4751 2705 4756 661 4758 6807 4769 674 8869 2733 6832 689 6837 4796 6868
 8929 4839 2798 8950 8969 779 2841 2842 793 4889 4893 6942 4905 4907 2860
 6957 2872 9017 4930 2882 9027 6994 2899 2900 4947 7004 4960 9059 9060
 9071 7026 4981 890 9089 9095 2953 7049 909 7059 5015 2973 7070 5023 7069
 939 5037 948 7109 9157 965 9160 7112 968 971 3019 976 9177 985 3038 5088
 3047 9191 5107 5113 9211 3067 9215 5121 1026 9218 5125 5128 3081 7177
 3080 5133 7182 1043 9238 7196 9247 9248 1058 9251 3106 3109 1064 1065
 3116 5173 7225 3132 3133 5188 5189 3140 7249 9298 5207 9303 9306 9307
 3165 9313 1130 7282 3187 7288 5241 3195 9342 3198 9348 9350 7307 1166
 9358 3215 5267 9366 1177 7323 3230 1207 3265 7362 7370 3277 9425 1235
 3284 1236 1243 5341 3294 9441 1253 1254 9449 3325 9480 3338 3342 5393
 7441 1298 7445 5399 3356 9502 3365 9512 3370 1336 1339 3388 9537 7505
 3441 5492 1399 7544 5497 9598 7551 5504 3458 5520 7571 5531 3491 3497
 7595 9645 1462 9661 5566 3519 1471 3528 3534 5583 1493 7638 5592 9693
 7646 3553 3554 5604 5605 5610 9706 7664 3568 3572 9719 3575 9724 5634
 1557 9750 3614 7711 7721 3626 1585 1586 3639 3643 9791 7746 9795 3655
 1611 9804 5710 3669 5718 5719 5734 1642 5742 7798 3706 1662 9856 5763
 1671 9863 5774 1684 5786 3739 3741 9904 3760 3767 3774 9919 1731 7875
 9928 7883 9933 3789 9935 9934 1747 3796 9947 3804 3805 5852 9949 3809
 3816 9963 9969 1784 3833 9981 9989 7941 7945 7952 3866 1822 7976 7985
 1842 1846 1852 1861 3915 3917 5967 5974 8024 5977 5981 8031 3938 3939
 3940 1892 8038 1917 3967 1922 3973 6025 1930 1943 3999 4012 8110 6065
 4018 4019 8116 1974 4025 4028 4031 4042 6094 4056 2008 2016 6112 4071
 6129 8178 4082 6140 5586]
[9059 4056 2842 4142 66 8708 9306 3626 3554 9366 6065 3973 9095 5249 9071
 5382 9449 3103 4104 7948 7109 890 9157 1254 1339 7196 9251 9791 2162 6547
 2798 2245 8324 3804 4187 5592 5189 8717 5718 2900 5610 1930 6715 9719
 9313 4106 5121 1557 4148 1846 4756 406 4152 9342 4500 3342 4796 3655 3481
 1662 4028 3519 4217 6752 4394 4526 1671 6679 3809 7638 8658 4433 3370
 6591 4839 5774 9856 4907 5188 5128 5393 9795 7976 7945 3534 1852 661 9928
 8275 51 5173 3706 665 7595 9050 7985 9298 7952 6942 6994 320 8591 5037
 1251 2503 7746 9348 5207 7557 2347 5967 607 6363 4422 8476 6561 5133 2588
 4018 8429 2841 2398 6293 3109 1243 3187 413 3081 6025 2444 1527 1922 4071
 1974 6596 4031 3491 1586 4564 976 2860 5710 6957 4019 1822 7551 6721 9425
 5583 8727 4905 7026 5241 2252 2705 2359 4251 6832 4674 3132 3915 9706
 2440 5531 3038 2973 1336 2236 3669 8558 3265 283 9160 8929 7249 8259 3277
 404 6709 9350 1841 3365 5113 9177 7646 1731 3497 8969 5605 4289 7664 4336
 2086 6404 5023 5734 6728 5015 9211 2020 5030 2425 9064 5974 8762 2079
 7323 5786 5566 2521 5464 7518 2284 5107 2302 4021 1611 7024 9416 3258
 7288 342 548 7445 6691 711 7520 8436 141 9502 2872 4705 475 9935 7798
 3774 1810 2899 6231 5899 2082 7981 1493 9645 8784 8877 6846 435 6368 6164
 7777 8178 2299 2008 1026 2190 9736 1166 2713 1892 6685 3301 6117 9148
 1561 3230 547 3704 9989 9238 6511 2016 4138 8688 8728 9692 3572 8640 762
 8678 9957 870 6140 9904 3487 7059 6762 6300 9949 332 2580 7225 1399 8512
 9307 6112 3739 724 315 7581 4381 4744 8825 9358 6904 8999 2352 5604 6837
 4237 577 4965 6953 3970 1335 9480 9602 7883 5399 8406 9614 9477 6566 8462
 9804 2298 9028 2280 6274 8754 2078 4947 43 4652 3974 8629 9981 8381 3284
 7130 7505 2529 8210 6658 3047 40 968 9954 46 7941 9191 3767 5088 1449
 1236 4420 8433 1462 1471 1064 2942 3881 5504 9896 6820 3658 663 8024 8466
 4024 7643 2221 6905 1942 4782 585 2641 3876 3796 6526 2988 5063 2752 8757
 546 7613 6748 5053 8110 8399 17 7673 9897 5739 9947 2125 3408 4416 6290
 8869 188 8946 8307 3215 8415 7859 73 5455 8397 7370 3816 1177 561 8061
 2316 4041 4051 5606 8296 9705 1768 9402 6869 480 7724 1025 8611 8888 7820
 8193 7803 1895 4932 5849 7561 107 4920 1452 8034 3283 6513 5683 6938 2603
 8833 738 1129 6581 3647 7335 6770 8567 4777 1890 2757 359 8273 8069 3999
 1356 6254 2655 269 1559 7812 1879 3510 9389 9308 3919 4687 3674 3008 2022
 5414 6030 3434 6620 9890 9781 9514 7446 9169 2319 4786 4128 4116 5000
 1715 445 8320 8889 7085 5794 4026 1711 1470 2696 7252 1365]
[4056 4142 66 9306 9366 3973 9095 2189 3103 7948 890 9157 1339 9251 9791
 2162 2798 2245 3804 4187 5592 5189 8717 5718 2900 5610 1930 6715 9719
 9313 4106 4148 1846 4756 406 4152 9342 4500 3342 4796 3655 3940 3481 1662
 4028 3519 4217 6752 4394 4526 1671 6679 3809 8658 4433 4839 5774 9856
 5188 5393 3534 1852 661 9928 4751 5173 3706 9050 7985 9298 7952 6942 320
 5037 1251 2503 7746 9348 5207 7557 2347 607 6363 4422 8476 6561 5133 5719
 2588 4018 8429 2841 2398 6293 3109 3187 413 3081 6025 2444 1527 4071 1974
 6596 4031 1586 976 2860 5710 4019 1822 7551 9425 5583 8727 7026 5241 2252
 2705 2359 4251 6832 4674 3132 3915 9706 5531 3038 2973 1336 2236 9750
 3669 3265 9160 8929 8259 3277 4981 404 6709 3805 9350 1841 3365 5113 7646
 2953 3497 8969 3198 5605 4289 7664 948 2086 6242 5023 3639 5734 6728 6400
 5015 9211 5030 2425 6760 2191 9064 5266 2278 1197 6 6407 5974 3224 8762
 3741 4570 5786 3720 2755 536 5566 2521 6618 3205 2284 5107 2478 8004 4021
 608 1611 7024 9441 1863 7288 8384 6691 7362 3241 1777 3116 2721 4769 8341
 674 9933 2872 4705 7545 1207 8196 1585 3938 5497 8323 9935 3774 2779 1684
 1810 2899 5125 5899 5136 9537 2419 1493 5981 9645 2485 1160 6846 6164
 7777 9709 4025 4469 1026 2190 5740 9684 9934 1166 2713 4082 1836 9248
 2671 4140 1892 6117 2737 1561 541 547 5041 6416 2381 8878 3704 9989 9247
 1695 9238 5634 6511 7112 268 2500 9022 2016 2507 2417 4138 7047 3967 7905
 3067 1861 1970 8728 4960 6971 8640 4742 762 5518 7875 2198 9539 2089 2408
 410 6375 5852 8748 4272 870 1370 2224 6140 6286 2848 2057 7059 4763 6300
 1065 5520 2580 7225 1399 565 3760 6112 724 7581 4451 4381 4744 8825 9358
 6904 8999 6201 2352 499 4237 577 4965 3970 9480 9602 7883 623 5399 8375
 7182 8406 9614 6488 9477 6566 8462 9804 6402 1747 4157 2280 2489 6274
 8754 2078 1218 43 4275 4652 3974 7095 8022 8629 5469 1235 9981 151 985
 3284 7130 7505 2529 8210 6881 3047 939 40 46 5341 6129 7941 444 8283 3767
 4568 6223 7983 3195 5088 3866 2477 5816 1236 1471 5601 7321 586 3140 4042
 352 6360 407 6820 166 4024 5297 9622 8313 8031 2104 187 637 1942 74 3796
 9496 2431 8537 6526 5395 3133 7613 5053 8399 7673 9897 2882 3917 3408
 4738 4416 3087 1343 7417 8869 239 9204 188 9446 8946 8307 4108 8415 7859
 73 3080 3816 561 8061 2316 6079 4041 4051 5606 8709 9705 2391 6869 480
 1025 8888 8297 8034 3283 6513 3194 2603 8833 1129 7335 6770 8567 4777
 8074 4160 1890 3918 9122 8069 6254 4080 5795 2806 3008 3434 3794 993 2407
 9619 4698 3123 2531 3007 456 7021 2257 7448 2350 3455]
[8708 9306 3626 3554 9366 6065 3973 9095 5249 2189 9071 9449 4104 7948
 7109 890 9157 1254 1339 7196 9251 9791 6547 2798 2245 8324 3804 5592 5189
 8717 5718 2900 5610 1930 6715 9719 9313 1557 4148 1846 4756 4152 4500
 3342 3481 1662 4028 3519 4217 4394 4526 1671 6679 3809 7638 8658 4433
 3370 4839 5774 9856 4907 5188 9969 5128 5393 9795 7976 3534 1852 9928
 8275 4751 5173 7595 9050 7985 7952 6942 320 8591 5037 2503 7746 9348 5207
 7557 2347 5967 607 6363 4422 8476 6561 5719 2588 4018 8429 2841 2398 6293
 3109 1243 3187 3081 2444 1527 1922 4071 1974 6596 3491 1586 4564 976 2860
 5710 6957 4019 1822 6721 4084 6231 5899 8716 5136 2082 4449 7981 9537
 2419 526 3106 9645 3614 1784 1277 9215 6745 3939 4726 4916 8784 7070 8877
 2485 6846 435 6368 6584 6164 4893 7777 9709 2522 7660 4025 9852 3789 4469
 2299 1917 1026 6807 2190 9512 7721 5740 9934 7544 8038 909 6868 1836 9248
 2671 1892 1943 6788 1642 2737 7535 1561 541 9724 3575 3230 547 5041 8878
 3704 9989 9247 1695 1593 9238 6511 6225 7112 268 2500 2417 7047 3967 8688
 8728 6971 6969 3572 7822 762 5518 4746 8593 2198 9539 2089 9957 2408 410
 5852 8748 870 2224 6140 3453 6286 2848 2057 7059 6300 3553 9604 5520 4646
 332 4088 2580 7225 1399 8512 3760 6112 3739 315 7581 4744 9358 6904 8999
 6201 2352 5604 6837 4237 577 4965 9480 9602 623 5399 1842 8375 7182 8406
 6488 6566 9804 6402 4157 2280 4947 1218 43 8629 3284 1107 9954 9598 6223
 7983 5088 8725 5816 1236 8433 5601 3388 7916 586 3881 5504 352 407 7643
 187 3673 1942 2988 8487 7673 9947 6149 2487 9204 188 8307 3816 1177 8296
 3298 1768 9402 7724 8888 7803 107 8297 8034 3647 8567 6108 4160 2757 359
 9524 8069 3999 1602 7812 4184 3020 4846 4080 9024 5248 9389 9308 3919 908
 6007 8295 6746 8051 6676 2806 7464 2266 3434 9690 7305 5809 9155 800 7635
 8842 8132 9183 9475 761 1294 4193 5181 1377 2048 6818 5498 9189 6039 5807
 6439 2993 9305 5407 9535 9409 4689 3813 3703 5910 2172 1733 8363 4431
 5842 5603 6924 330 7649 9605 4078 848 7085 980 2660 9187 9070 6894 9321
 1805 1549 6373 7422 6192 6631 208 3033 4841 2819 4578 70 962 3030 9150
 1081 776 9167 4653 4360 3835 4550 8127 5810 8680 917 2862 5359 2291 772
 2254 6794 1722 6355 9029 3343 1110 6947 1411 9419 5940 4149 9464 2723
 7295 8279 2317 5680 2607 2411 4215 4488 9609 9432 1375 1898 6549 6359
 2513 7290 4115 1992 3061 2786 8839 6202 6917 5170 2395 3420 4860 2056
 6783 9623 7311 5180 895 8200 4059 6425 2040 7657 6052 3859 369 5832 9081
 1159 8583 3300 2827 542 2461 38 9401 6128 8190 7547 3206 4876 9219]
[8196 4104 4106 2071 2079 8227 4131 2086 2089 4138 4140 4142 51 4148 4160
 66 8259 6225 8275 6231 4184 4187 8283 4196 8297 8300 6254 2162 8306 4217
 8323 8324 2189 6286 2191 4237 6293 8341 151 4251 6300 4272 2224 8375 2236
 8381 188 6335 8384 4289 2245 2252 2256 6360 6363 6368 6375 2281 2284 8429
 4336 8433 8436 2299 2302 6404 269 6416 2323 8471 283 8476 4381 4394 2347
 2351 2359 315 320 8512 4422 332 4433 339 342 6488 2398 4451 2408 8558
 6511 6513 2417 2419 4469 8567 2425 2440 2444 8591 8592 8593 6547 4500 406
 410 413 4511 6561 6566 4526 2478 2485 8629 6584 6591 6596 2500 2503 8658
 4564 2521 4570 6618 475 480 2529 8688 511 8716 8717 526 6679 8727 536
 8728 2588 6685 6691 547 8748 560 6709 8762 6715 6721 4674 577 6728 4687
 8784 6745 6746 2655 6752 607 608 4705 6762 8833 4742 4746 4751 2705 4756
 661 4758 665 2713 4763 2721 8866 4769 674 8877 8878 6832 689 2737 6837
 8888 6846 2755 711 724 6869 8929 738 4839 2794 2798 762 8969 779 2841
 6938 2842 8999 4905 6953 4907 6957 4916 2872 9017 6969 6971 9024 4930
 6994 2899 2900 4947 9050 4960 9059 870 9064 9071 7024 7026 890 9095 7047
 2953 7049 908 909 7059 5015 2973 9122 5030 5037 5041 948 2999 7095 956
 7109 9157 5063 9160 971 3019 5070 976 9177 3038 5088 5095 3047 5107 5113
 1025 1026 9218 5125 5128 3081 7177 5133 7182 5136 1043 9238 7196 3103
 9247 1058 9251 3106 3109 1065 1066 3116 5173 7225 3132 5188 7249 9298
 5207 9303 9306 9307 9308 3165 9313 1130 3187 7288 5241 9342 5248 5249
 9348 3205 9350 1160 1166 9358 9366 3224 7321 7323 3230 7335 3241 1197
 7343 7346 1207 3265 7362 9416 3277 9425 3284 1243 3294 7393 3298 1251
 1249 9441 1253 3301 9449 7411 3325 5382 3338 3342 5393 7441 7445 5399
 9502 3365 9512 3370 1335 1336 1339 3388 9537 5464 7518 7520 7535 3441
 7545 5497 3453 9598 7551 5504 3458 7557 7561 9614 3481 5531 3487 3491
 3497 7595 3519 3528 3534 5583 1493 7638 5592 3553 3554 9705 5610 9706
 9709 3568 3572 1527 9719 3575 5634 9736 1557 9750 3614 7711 7721 3626
 1585 1586 5683 3639 9784 1593 3643 9791 7746 9795 1602 9797 3655 1611
 9804 5710 5718 5719 3673 1642 5740 5742 7798 3704 7803 9852 1662 9856
 1671 7820 5774 7822 1684 5786 1695 1721 7875 9928 7883 9933 9934 9935
 1747 5849 3804 3805 3809 7905 9957 9963 7915 1784 3833 9981 7941 7945
 7948 7952 1810 1822 7976 3881 7981 7985 1841 1846 1852 8004 3915 3918
 3919 1879 5977 8034 1890 3940 1892 1895 1917 3967 1922 8069 6025 1943
 6065 4018 4019 1970 4021 1974 4025 4028 4031 6094 4056 2008 2016 6112
 2020 6117 4071 4084 4088 6140 9200 1576]
[3973 5249 2189 9071 5382 9449 7948 7109 890 1254 1339 7196 9251 9791 2162
 6547 8324 3804 8717 5718 2900 5610 6715 9719 9313 5121 1557 4148 1846
 4756 406 4152 9342 4500 3342 4796 3655 3481 1662 4028 3519 4217 6752 4394
 4526 1671 6679 3809 7638 4433 3370 6591 4839 5774 9856 4907 5188 9969
 5128 5393 9795 7976 1852 661 9928 8275 51 5173 3706 7595 9050 7985 9298
 7952 6942 6994 8591 1251 2503 7746 9348 5207 2347 5967 607 6363 4422 8476
 6561 5133 5719 4018 8429 2841 2398 6293 3109 1243 3187 413 3081 6025 2444
 1527 1922 4071 1974 6596 4031 3491 1586 4564 976 2860 5710 6957 2485 1253
 6846 435 6368 6584 6164 4893 7777 2522 7660 8178 9852 3789 2299 1917 2008
 3458 2190 9512 7721 5740 9684 7711 2438 9934 7544 1166 8038 909 4082 4140
 1892 1943 6685 3301 1642 793 6117 2737 9148 7535 1561 3575 3230 547 6416
 8878 3356 9989 9247 5634 6225 7112 268 4138 7047 3967 7905 3067 8688 4960
 3572 762 5518 8678 4746 7875 2198 9539 5852 4272 3487 1065 3553 9604 332
 7225 1399 8512 3760 6112 724 7581 7346 4381 9358 577 3970 7883 623 1842
 8406 8462 9804 2298 6402 1747 2489 4947 5259 43 3974 8629 9981 7130 2529
 6658 6881 40 7004 46 6129 4568 3866 2477 6240 5816 1236 4404 1462 2256
 407 6280 6820 8024 8466 79 7915 5297 9060 8313 9999 8672 2221 187 1942
 585 2431 2988 2752 6748 5053 17 9897 8920 9380 6149 4738 6290 239 9204
 9446 7839 4012 73 3080 1177 8061 2316 6079 5606 3298 9402 6869 480 8888
 7803 1895 8297 4920 7864 6513 8833 1129 3647 7335 8074 4160 3918 2794 359
 3999 1602 2655 1559 7812 5095 3020 3510 1721 8295 6746 4424 2806 6030
 3466 3831 2355 3434 6500 9890 7779 5808 4124 993 3811 8914 9379 9757 9619
 8396 3191 7256 6012 5299 9002 8850 3255 8280 2628 8851 2357 3916 2722
 3406 8993 3007 2738 4447 4766 8060 2385 8965 6891 2345 6396 1549 7966
 3667 9478 37 3557 6192 7448 1532 3033 5339 1134 8831 1832 9137 1114 3250
 472 7431 3562 6911 5122 3732 3317 990 1081 7661 6326 2011 9837 7572 77
 4360 8023 4550 8127 1148 1772 592 533 2339 1727 2862 5359 2248 2291 772
 1958 8581 6819 8817 7006 6176 7403 4676 5794 6476 9045 8411 5861 1110
 1045 927 7353 6947 603 2549 9550 5875 5940 981 4149 9464 4732 9745 7011
 2317 5680 2194 5103 6480 6515 8996 4215 588 6482 766 9553 9609 4463 9432
 1375 8803 6946 60 6359 7367 2513 7849 7166 8909 8301 7397 3577 2786 6603
 4055 4926 822 7297 1383 6521 3420 4860 2056 9623 842 7787 8691 2333 6425
 2040 8843 7657 5542 165 7479 369 5988 593 9016 9081 4574 1752 9741 2816
 4525 4326 314 2769 9854 1263 2827 9591 2461 5234 5868]
[9059 4056 2842 4142 8708 9306 3554 9366 3973 9095 5249 5382 9449 3103
 4104 7948 7109 890 1254 1339 7196 9791 2162 6547 2798 2245 8324 3804 4187
 8717 5718 2900 1930 6715 9313 4106 5121 1557 4148 1846 4756 406 4152 9342
 4500 3342 3655 3940 3519 6752 4394 4526 1671 6679 3809 7638 8658 4433
 3370 6591 4839 5774 9856 4907 5188 9969 5393 7976 7945 1852 661 9928 4751
 51 5173 665 7595 9050 7985 9298 7952 6994 320 8591 5037 2503 7746 9348
 7557 2347 5967 607 6561 5133 5719 2588 4018 8429 2841 3109 1243 3187 413
 3081 2444 1527 1922 4071 1974 6596 1586 4564 976 2860 5710 6957 1822 7551
 6721 9425 5583 4905 7026 2252 2705 2359 6832 4674 3132 3915 3038 2973
 1336 2236 9750 283 9160 7249 8259 4981 404 6709 3805 9350 3833 3365 5113
 7646 2953 8969 3198 5605 4289 7664 4336 2086 6242 6404 1043 6728 6400
 5015 9211 2020 5030 2425 9809 6760 1058 9512 7721 9736 5740 9684 2438
 9934 1166 8038 4082 2733 9248 4140 1892 1943 6685 6788 3301 793 6117 2737
 1561 541 5257 9724 3230 547 5041 6416 2381 8878 3356 9989 9247 1695 1593
 9661 5634 6225 7112 268 2500 9022 2016 4138 7047 3967 7441 7905 1970 8728
 4960 6971 9692 8640 4742 7822 762 5518 8678 8593 7875 2198 9539 7282 9957
 2408 5852 8748 2224 6140 560 3453 3487 6286 7059 4763 9949 1065 3553 332
 2580 7225 1399 9307 565 3760 3019 6112 724 4451 4381 4744 8825 9358 8999
 6201 2352 499 4237 577 4965 6953 3970 1335 9480 9602 7883 623 5399 279
 1842 7182 8406 9614 6488 6566 8462 6335 4511 1747 4157 9028 2280 2489
 6274 8754 2078 4947 1218 5259 43 4275 4652 3974 7095 8022 8629 5469 1235
 9981 8381 985 3284 7130 7505 5119 8210 1107 6881 3047 939 968 9954 46
 6129 7941 444 9598 4131 9191 8283 4568 6223 7983 3195 5088 3866 67 1449
 6240 5816 9260 1236 4420 8433 4404 3533 1462 1471 5601 3388 6758 1064
 2942 5763 2256 7321 586 3140 8950 407 9896 7069 3658 663 8024 79 9622
 8313 8031 9999 7643 581 5492 2221 6905 4889 585 2641 74 3796 6526 2988
 5063 2752 5395 8251 6748 5053 8110 7673 9897 8920 9947 2882 6234 6149
 3408 3087 6290 2487 8869 9204 188 8946 8568 8307 4108 3215 7839 1387 7859
 4012 1629 8397 8061 2316 4041 4051 5606 8709 9705 2391 1768 9402 4671 480
 1025 7820 4985 4932 107 1452 7864 5683 3194 738 1129 7335 6770 8567 1890
 3918 2757 9524 1356 9784 3510 9389 9308 3919 4687 6007 8295 6746 3674
 5795 4424 6676 2806 3444 3001 3008 2022 2266 997 3466 3831 2355 1476 1844
 6620 2375 6500 9701 9890 9781 7779 6339 2956 2909 3447 8689 5441 7008
 7138 557 786 3380 6078 45 2978 1908 1302 5154 8921 8977 6004 6988 218]
[1642 793 6117 2737 9148 7535 541 9724 3575 3230 547 5041 6416 2381 8878
 3704 3356 9989 9247 1695 9238 9661 5634 6225 7112 268 2500 2016 2507 2417
 4138 7047 3967 7441 7905 3067 1970 8728 4960 6971 6969 9692 8640 4742
 7822 762 5518 8678 4746 8593 7875 2198 9539 7282 2089 9957 2408 410 6375
 8748 4272 1370 2224 6140 560 9904 3453 3487 6286 2057 7059 4763 6300 9949
 1065 9604 5520 4646 4088 2580 9307 3760 3019 6112 724 315 7581 4451 4381
 8999 6201 2352 5604 4237 4965 6953 9602 623 5399 1842 7182 8406 9477 6402
 1747 4157 9028 6274 5259 43 7095 985 3284 939 5341 7941 9598 9191 7983
 5088 2477 1449 6240 4420 5530 4404 1462 581 9947 2882 2125 6149 3917 4738
 4416 3087 6290 7405 1343 2487 7417 9204 8307 4108 3215 1387 4012 73 5455
 1629 8397 561 7228 2316 6079 4051 8709 8296 2391 1768 9402 4671 6869 7724
 1025 8611 8888 7820 1895 4985 4932 5849 8297 1452 8034 6513 5683 3194
 6938 738 1129 6581 3647 8567 4160 1890 3918 7343 2757 8664 2794 8273 9524
 1356 6254 1602 9784 4755 2999 5095 3020 4846 4080 9024 5248 9308 3919
 4687 6007 6746 3674 8051 4424 6676 5628 5414 7464 6030 3466 5397 3831
 2355 3434 1476 737 6620 2375 6500 9701 3663 6463 5183 452 7779 5808 6339
 6076 6542 993 3811 5687 4052 2320 2407 7930 7157 8818 4694 9757 3664 1990
 7642 8851 1819 4349 1101 8615 2010 1349 3642 5532 400 3275 848 9321 9137
 3317 5660 3627 4939 6124 7572 4407 9726 5810 1727 2862 6176 6794 3343
 1110 6947 1153 9419 9058 3990 5940 4149 9464 9745 1591 2723 5246 7295
 6490 3248 3856 3863 3786 2863 5857 2214 2607 7619 2411 3841 3559 730 418
 588 6482 4488 766 9553 9609 4463 9432 913 8803 1864 9938 1898 3582 60 231
 5098 2513 7290 4175 4115 7159 4341 8909 1992 8990 3061 5642 8426 2888
 1843 3577 2821 8241 2822 6202 4055 8212 9460 822 1355 7722 7297 2395 3420
 8229 2056 6783 90 1595 9623 842 8765 7787 8691 2333 31 2040 8843 5542
 5959 6052 884 5785 369 5988 593 8720 2126 7748 1159 9741 6697 4326 314
 2769 3624 1263 2827 542 2365 6046 3541 745 3427 9401 9817 6128 4558 4533
 922 6986 2523 1597 708 5549 9418 7783 9426 5872 983 4357 812 5495 4666
 1654 9689 733 6408 6753 944 3571 3410 7771 8253 1037 790 443 2402 4675
 6975 4284 3391 1321 8176 2233 4313 2325 2494 3697 2795 8322 9139 7408
 3210 9229 675 4171 8596 5835 1757 7874 1829 537 7745 87 5926 9805 9616
 7252 5150 6123 9342 4500 3342 4796 4028 3519 6752 4394 4526 1671 3809
 7638 8658 4433 3370 6591 9856 5188 9969 5393 9795 7976 7945 1852 9928
 4751 51 5173 665 7595 9050 7985 9298 6942 320 3669 6807 2190 9512]
