FDR List:
0.238
0.24
0.276
0.232
0.226
0.258
0.262
0.232
0.244
0.234
Subset List:
[2632 2634 2638 2639 6549 2628 6498 6545 6547 2627 2626 2625 2642 6548
 12778 6552 1323 1304 12777 19314 12510 18967 2623 1300 1345 12774 12502
 2620 1681 1305 1680 1325 18960 2615 12503 21474 6468 21520 12739 1350
 1338 5251 12751 1339 1316 1328 21471 1321 12508 12500 1308 12517 1319
 2614 7053 12726 2621 15312 6469 12771 1341 5193 12497 21462 21535 18957
 21475 18950 1310 12522 6539 6493 12516 18954 21536 2643 21556 2039 1297
 22028 18952 8911 1351 21521 12687 2040 12758 2613 12761 12685 12496 5256
 12755 2677 21473 12764 12760 12763 1714 2033 12733 12491 21542 7122 1578
 1362 1608 18966 12741 1709 1703 12978 12769 1504 1693 5253 7124 177 12767
 7125 1556 12694 1275 12519 21550 1997 12743 1557 12736 288 1613 1276 5249
 283 286 12742 14214 12609 1723 1365 12727 1916 12734 1736 5266 12745
 12717 2043 185 18962 5268 1125 12976 14202 2000 14205 1782 1555 72 21551
 18880 12535 18975 18510 1696 21580 929 15070 178 12748 6518 1588 1344 249
 5031 18974 12606 21489 1729 7130 1918 21549 1291 1293 1589 1917 1616
 18971 6527 2054 12715 174 12678 184 12523 930 12693 289 6516 251 4894
 1992 21537 5384 6519 1123 1690 2044 1361 21480 12690 18973 5082 12721
 1313 7114 1689 18871 8930 167 352 296 198 18988 21531 15992 15989 262
 1976 293 2612 22049 1493 255 1360 333 1676 19318 14674 15947 21522 21528
 189 362 18978 14225 1587 12591 21568 1912 5264 1435 18511 12618 1590 1375
 2646 12722 1137 2644 19015 1687 18916 21510 202 1536 5388 1576 278 879
 5027 2061 1383 326 1910 1598 21484 7072 18508 21526 6487 5080 1612 1594
 193 18982 1931 267 2647 5368 5383 1127 7111 1771 5028 19266 411 1558
 12551 1580 279 15428 11313 18979 19012 2050 12490 4915 5392 335 1688 1720
 1133 1670 1761 925 15948 5391 4888 14687 14199 431 1544 19442 1701 1222
 1560 360 12552 14675 15945 12707 258 15946 265 19383 6466 1552 1614 12610
 338 11642 1377 1392 12481 331 1704 1909 2065 5074 1132 14677 18900 15425
 1656 199 12598 1927 1595 19014 12561 18992 12673 817 12456 7104 1626 1571
 323 5260 5113 12584 19244 1393 15062 18515 74 1928 8929 1138 2066 410
 2018 359 12645 4889 18898 5258 18917 12699 240 12487 13098 1920 19010
 1727 17078 18542 1940 1913 12891 1777 1530 207 306 11749 342 1604 1791
 12674 16013 4884 15429 1758 2661 2025 2022 427 12529 2653 4955 1549 272
 17093 1526 15075 11966 902 12540 12557 17090 18907 1218 18524 12703 2657
 442 2652 888 19392 392 16904 456 924 12538 12488 18914 194 7437 6697
 14683 15421 420 19273 12483 12035 115 2405 18989 12530 19262 18991 12525
 12827 2565 12597 206 1674 2014 163 12601 15920 18998 15067 2010 17544
 18527 1792 12956 17109 5001 1960 4910 22053 1601 5365 1200 1812 1975 116
 15034 4989 6554 2572 7439 1181 5992 4996 17349 17032]
[2632 2634 2638 2639 6549 2628 6498 6545 6547 2626 2625 2642 6548 12778
 1682 1323 1304 12777 19314 18967 2623 1300 1345 12502 2620 1680 18960
 2615 18958 7126 18956 21474 6468 21520 12739 1338 5251 1339 1316 1328
 1695 21471 12508 12770 1715 12776 1298 12500 1319 12726 12771 1341 5193
 21535 18957 21475 18950 1310 6493 12516 21536 2643 21556 2039 1297 22028
 18952 1351 21521 12687 2040 12758 12761 5256 2677 21473 1337 12764 12760
 12763 12521 1714 2033 12733 12491 21542 7122 1578 1608 18966 1709 1703
 12978 12769 5253 21481 12767 7125 21541 1556 12694 1275 1784 12519 21550
 1997 12743 1557 1613 1285 5249 283 12744 6517 12692 12609 1723 1365 1916
 12734 1736 5266 12745 1232 2043 18962 5268 1125 14202 2000 14205 5254
 21461 1782 1555 72 21551 18880 12714 18975 1696 21580 929 15070 18872 281
 19437 12533 6518 1588 1344 5373 1915 252 5031 18974 12606 7130 1918 21549
 1291 1293 1589 1917 1616 294 18971 6527 1292 2054 12715 174 12678 184
 12492 1705 12523 1563 930 289 6516 251 4894 21537 1123 5081 1690 2044
 1361 1317 1303 12690 5082 12721 21577 2016 7114 18871 1998 167 352 1565
 198 18988 21531 15992 15989 262 1944 1976 293 2612 22049 255 1269 1991
 19318 14674 15947 21522 1783 1700 15994 1957 12591 1388 21568 1585 5264
 280 12618 1815 1590 4891 12722 21554 1137 1307 7083 1994 353 7115 2004
 18916 21510 202 14200 5388 2055 1576 278 2061 5076 1910 18508 1594 193
 337 6003 1931 1379 22016 168 5383 1127 5028 19266 12615 1580 12642 19012
 12490 5392 12702 1376 19271 925 5391 21491 15993 4888 6524 417 14199 1329
 19443 431 12617 18908 12552 371 2029 12707 18884 258 15946 1698 265 1381
 6466 1593 1567 1392 1233 1925 12481 331 1704 815 2065 18877 1914 1234
 12598 1927 257 19014 158 817 12456 12697 1571 1385 1947 274 5113 12584
 2659 22015 18515 1928 1138 2066 938 266 5246 359 12553 5258 18928 18917
 240 12487 19010 5195 5070 17078 1583 18542 12608 7108 1913 7110 18558
 2026 16011 21486 1629 1541 277 11749 16045 342 197 17087 1604 1791 12674
 1284 18543 18981 19320 270 16013 4884 1758 2025 15923 427 12529 15069
 2653 4955 1549 272 17093 19396 18970 1526 15075 4994 902 12557 12543 6006
 17090 63 18907 19243 1218 345 21463 1817 18524 12703 2657 1599 442 5369
 12459 2607 19394 19241 1469 392 456 10082 895 2648 8932 19273 1683 12483
 115 5068 308 1955 212 18994 932 5367 15917 5261 881 4944 18889 17544
 16902 2408 2023 21566 2649 12544 943 3561 21518 15049 12532 2069 5086
 2566 19004 1646 1470 16006 12632 1130 5245 17099 1966 14948 2070 897
 15934 15939 19618 11639 896 161 19236 713 716 2549 20357 15943 14680
 15976 14262 210 21499 1119 1780 1753 12566 22012 208 21574 2394 5366
 16005 2003 1967 12582 1172 19451 707 1899 2748 16083 13192]
[2634 2639 6498 6547 2626 2625 2642 6548 1682 12777 18967 1300 1345 12774
 2620 1681 7053 12726 2621 15312 6469 12771 1341 12505 5193 12497 21462
 18957 21475 18950 1310 12522 6539 6493 12516 18954 21536 2643 21556 12495
 2039 1297 22028 8911 1351 21521 2040 12758 2613 12761 12685 12496 12755
 21473 1337 12764 12760 12763 12521 1714 2033 12733 12491 21542 7122 1578
 1362 1608 18966 12741 1709 1703 12978 12769 1504 1693 5253 7124 177 12767
 18976 7125 1556 1275 21550 12743 12736 1613 1120 1285 12692 14214 1723
 1365 1916 12734 1736 5266 18962 5268 12976 14202 2000 250 5254 21461 1782
 21551 18880 1696 21580 929 18872 178 12748 281 6518 249 14201 5031 18977
 18974 21489 1729 7130 1918 21549 1291 1293 1589 1917 1616 6527 2054 282
 12715 12678 184 12492 1705 12523 1563 289 6516 251 1992 5384 1123 1361
 21480 12690 5082 21577 1313 7114 1998 167 352 1565 21531 15992 293 22049
 19231 1269 1676 18947 21522 1783 362 1700 14225 15994 364 5408 1587 12591
 295 1388 1912 1435 280 18511 1815 1287 1590 182 1375 2646 4891 12722 2644
 19015 1307 1687 353 2004 1536 5388 2055 1576 278 1271 879 2061 5076 14676
 1383 1910 1598 7072 18508 21526 6487 5080 1612 193 337 6003 1379 1543
 22016 267 168 5383 1127 7111 5028 19266 12615 411 12551 1580 279 12642
 1436 883 15428 11313 1936 19012 2050 4915 335 1688 1720 12702 1376 1670
 1761 19271 925 15948 261 18983 18987 417 14199 431 12617 18506 1222 18908
 425 1560 360 12552 371 21483 21468 4883 1698 265 1121 19383 1548 1552
 1614 12610 12619 1593 1377 4913 1925 12481 331 1909 815 2065 13103 1132
 6492 1914 369 15425 4855 1656 1234 199 12598 1927 1595 1626 1947 323 274
 5113 12584 19244 1393 22015 15062 12599 5032 74 8929 4942 2066 7450 266
 1239 2018 359 5244 12645 21487 18898 5258 18928 1822 424 21464 240 12487
 354 5071 5195 5070 1583 1940 7108 1913 12891 12589 1530 2026 16011 1629
 207 1541 4856 16045 342 197 1604 1147 12674 1284 2056 18543 18905 2062
 2610 15429 1758 1356 2552 22014 427 18911 2653 272 19396 18970 15075 4994
 902 12557 5397 12585 63 1817 1599 5369 1961 12459 243 1469 241 419 888
 16904 456 12538 12488 895 18544 8932 420 1683 11365 12035 5072 2067 19006
 308 12827 356 16017 2609 21527 212 18994 2014 163 12601 15067 1954 16578
 2010 17544 1792 12956 16902 17094 391 2023 2554 15940 149 16558 119 13856
 8457 14051 2540 14820 13578 2400 11637 16027 15417 62 1151 14839 12922
 16951 810 18868 1523 13162 2663 11332 14814 11304 16551 677 20433 2404
 2595 19426 15749 22746 6465 15750 2532 22491 1160 2393 14659 14830 12572
 20370 784 16029 16344 19627 10613 1874 1983 21434 14163 6658 19248 5018
 798 11685 2396 17107 17168 5179 14664 19404 6674 66 6678 16857 19712 5323
 19699]
[2632 2634 2639 6549 6498 6545 2626 2625 2642 6548 7126 21474 6468 12739
 1350 1338 5251 1333 1339 1316 1328 1695 21471 1321 12770 12776 1298 1308
 12517 1319 2614 12726 2621 15312 6469 12771 1341 5193 12497 21535 18957
 12522 6539 6493 12516 18954 12495 2039 1297 22028 18952 12687 2040 12758
 12761 12685 12496 5256 12755 2677 21473 1337 12764 12760 12763 12521 1714
 2033 12733 12491 21542 7122 1578 1608 1703 12978 12769 1504 5253 7124
 21481 177 12767 18976 21541 1556 12694 12519 21550 1997 12743 1557 288
 1613 1120 1276 1285 5249 283 12729 12744 6517 286 12742 12692 14214 12609
 1723 1365 12727 2005 5266 2049 12745 12717 2043 18962 1125 12976 14202
 2000 21461 1782 1555 72 21551 18880 12714 12535 18975 21580 21557 929
 18872 178 12748 19437 12533 6518 1588 1344 1915 252 14201 5031 18977
 18974 12606 1729 7130 1918 21549 1291 1293 1917 294 18971 6527 1292 2054
 282 12715 174 12678 184 12492 1705 1563 930 12693 289 6516 1992 5384 6519
 1123 5081 1690 2044 1361 21480 1317 1303 12690 1569 5082 12721 21577 2016
 1313 7114 1998 8930 352 296 198 18988 21531 15992 15989 1944 1976 293
 2612 22049 255 19231 1269 5255 1676 19017 189 18978 14225 364 295 1912
 1585 18511 21494 12618 1590 1375 21554 1307 7083 1687 7115 14200 2055
 5027 2061 21484 926 21526 6487 193 1529 6003 1931 5383 1127 7111 1771
 19266 411 1558 12551 1580 12642 883 11313 18979 1936 19012 12490 335 1688
 1720 341 1133 12702 1761 261 18983 18987 6524 16582 1128 1222 360 12552
 14675 1568 371 2029 12707 258 15946 1698 14253 265 1552 18965 1614 12610
 338 1593 1567 15938 12701 12481 331 19617 1704 815 2065 1457 18877 1132
 369 15425 4855 1656 1234 199 1595 19014 19384 12673 158 12697 7104 1626
 1571 323 5260 274 12584 2659 22015 5032 74 1928 8929 4942 1534 1138 2066
 938 266 5246 1239 2018 5244 12553 12645 4889 18898 5258 18928 1822 12699
 424 240 19272 13098 1920 19010 5071 5195 5070 17078 1583 12608 13150 1940
 7108 12891 328 12589 1772 1530 12723 2026 16011 21486 207 1541 277 306
 11749 12527 16045 4951 342 197 1604 12674 1284 2056 18543 18981 270 1758
 2025 2022 2552 15923 15310 12529 1549 272 17093 19396 18970 1526 4994
 12540 12543 6006 5397 12585 17090 16048 18907 1218 345 21463 1817 18524
 2657 1599 5369 1961 243 2607 19241 1469 241 419 12892 888 19392 16904
 1195 15990 924 205 12538 15998 1816 18914 4906 194 7437 895 389 18544
 6697 2648 14683 12647 8932 420 13095 1683 12483 12035 5146 5072 14268
 5405 2067 18989 19006 18993 12530 19262 14264 20388 12525 460 356 16589
 16017 4886 12597 1130 5245 17098 16007 1966 19590 12558 11643 5145 2070
 5999 15934 18516 11639 1603 896 1141 15050 713 18864 716 1524 20357 2570
 11651 15943 14680 15976 15052 21499 1119 13107]
[2638 2639 6549 6498 6545 6547 2626 2625 6548 12778 1682 6552 1304 12510
 18967 2623 1300 1345 12774 6499 2620 1305 1680 1325 18960 6542 18958 7126
 18956 6468 21520 12739 1350 5251 12751 1328 1695 21471 1321 12770 1715
 12776 12500 1308 1319 2614 7053 12726 2621 15312 6469 12771 1341 12505
 5193 12497 21535 18957 18950 12522 6539 6493 12516 18954 21536 2643 21556
 12495 2039 22028 18952 8911 1351 21521 12687 2040 12758 2613 12685 12496
 5256 12755 2677 12764 12760 12763 12521 2033 12733 12491 21542 7122 1578
 1362 1608 18966 12741 1709 12978 1504 5253 21481 177 12767 18976 21541
 1275 12519 21550 1997 12743 1557 12736 1613 1120 1276 5249 283 12729
 12744 286 12742 12692 14214 1723 12727 1916 12734 1736 2005 12745 12613
 185 1125 12976 14202 250 21461 1555 21551 18975 18510 21557 929 15070
 18872 12533 6518 1588 1344 5373 252 14201 18977 18974 21489 1729 7130
 1918 1589 1616 6527 2054 174 184 1705 12523 930 6516 251 4894 21537 1123
 5081 1690 2044 1361 1317 1303 18973 5082 12721 1313 7114 1689 18871 1998
 8930 167 296 198 15992 15989 1944 22049 1360 1991 1676 18947 14674 15947
 21522 21528 189 1783 362 195 1700 14225 15994 364 1957 1587 295 18948
 1388 21568 5264 1435 280 7112 21494 12618 1815 182 12722 21554 1137 19015
 1307 1994 1687 12531 18916 21510 21569 202 14200 2055 1576 278 5027 2061
 1910 1598 21526 6487 1594 18982 337 6003 1931 22016 267 2647 5368 5383
 5028 19266 1558 1436 883 15428 11313 18979 19012 12490 4915 1688 1720 341
 12702 1761 925 15948 261 18983 18987 417 14687 14199 1329 16582 19442
 1546 18506 14675 15945 371 21483 21468 4883 15946 19383 1548 6466 1552
 18965 1614 338 12619 1593 11642 1567 1233 12701 4913 12481 331 19617 1704
 815 18877 13103 1132 6492 1914 14677 1234 1927 257 12561 19384 817 12456
 12697 7104 1947 274 5113 19244 1393 2659 12599 18515 1928 8929 2066 266
 15066 1239 359 12553 12645 268 18928 18917 12487 1920 19010 1217 354 5071
 12608 1940 1772 1530 2026 207 4856 277 12527 16045 197 1791 12674 1437
 18543 18981 270 15429 1758 1356 2022 2552 22014 18911 15069 272 19396
 18970 1526 4994 12557 12543 5397 305 1218 345 21463 12588 1817 18524 1599
 2652 19394 19241 419 12892 888 16904 1195 15990 924 205 12538 15998 4906
 895 6697 2648 19273 13095 12035 5146 5072 5405 115 2405 18993 18991 12525
 4886 1674 163 18494 15067 1954 16578 18889 18527 1756 16902 18920 12544
 16901 1395 1768 19004 16006 899 12632 3549 4956 382 12040 1966 19590 901
 5999 161 12549 15907 10612 19865 14811 8404 2145 8866 14971 9378 24 11704
 18742 22511 15525 11763 1494 10900 14974 22678 15723 7514 19559 14154
 6642 18154 10199 19178 17764 14727 16151 6300 11900 13659 13356 17315
 8203 17882 3308 13593 14499 20836 17983 7010 14564 21652 14619 7332 10551]
[2634 2638 2639 6549 2628 6498 2625 12778 1682 6552 1323 1304 19314 18967
 2623 2620 1681 1305 6542 12503 18958 6468 12739 1350 1338 5251 1333 1339
 21471 1321 12508 12770 1715 12776 1298 12500 12517 1319 2614 7053 12726
 2621 15312 6469 1341 12505 5193 18957 21475 18950 12522 6539 6493 18954
 2039 1297 22028 8911 1351 12687 2040 12758 12761 12685 12496 2677 21473
 12764 12760 12763 12521 1714 12733 12491 7122 1608 12741 1709 1703 12978
 1693 12767 21541 1784 21550 288 1120 1276 283 12744 6517 12609 12734 2005
 5266 12745 12717 2043 185 5268 1125 14202 18880 18510 1696 178 281 12533
 1588 1344 5373 1915 252 12606 1729 7130 1291 1293 1589 1616 2054 12715
 1705 21537 1123 5081 1690 2044 1303 18871 1998 352 1565 21531 15989 262
 1944 293 19231 1360 5255 333 19318 15947 1700 14225 15994 364 295 1912
 1585 7112 21494 12618 1287 1375 21554 2644 7083 12531 353 7115 2004 18916
 1536 5388 278 879 14676 1383 326 1910 18508 926 21526 193 1529 6003 1379
 267 2647 1127 5028 12615 1558 1580 279 1436 883 15428 1936 2050 12490
 5392 1688 12702 2053 1376 15948 5391 21491 18983 18987 6524 14687 1908
 1701 1546 12617 18506 360 1568 371 2029 21483 4883 19383 6466 18965 11642
 1567 1233 1704 1909 5074 1457 18877 1132 14677 369 18900 4855 1656 1234
 12598 257 1595 12673 12456 1571 1385 1947 5260 5113 12584 18515 5032 74
 4942 1534 1138 5246 4889 268 18898 5258 18928 18917 424 19272 13098 1920
 19010 1217 5071 1727 17078 18542 21530 12608 13150 7108 12891 1530 207
 4856 342 197 1604 2056 19320 2062 2661 2022 15923 15310 18911 15069 4955
 1549 18970 1526 902 12557 6006 12585 17090 16048 19243 345 18524 12703
 2657 12459 19394 241 1195 924 205 12488 15998 18914 4906 194 7437 895
 18544 6697 8932 420 12483 12035 5405 19006 12530 308 14264 12827 356
 16589 1955 16017 2565 4886 12597 212 209 19626 932 15418 12601 15920
 19441 1954 5261 2010 15047 15982 17544 18527 1792 1756 16902 1143 17094
 19619 15981 393 15997 21518 15049 2069 5086 394 1467 1646 441 18915 12646
 382 5245 17099 19240 5145 2070 2554 897 901 5999 15934 11639 19236 18864
 716 2549 13554 1524 15977 11651 329 14680 15976 210 21499 1753 12566
 19008 208 20349 831 16914 16005 17100 1946 5415 1707 5381 12582 160 1172
 19451 8490 22013 15975 464 20383 1439 213 21438 5034 468 1767 832 463
 15043 1774 16915 14665 5021 3559 16896 20354 15928 172 15995 4999 19261
 458 1982 14798 15039 11756 12563 1204 8377 19399 3562 18881 13105 12649
 22018 15042 12888 318 5020 11652 2560 19387 5110 7445 13534 1159 21567
 1440 10780 21446 940 1978 7444 5019 215 5398 1262 12917 225 18893 15030
 812 15907 15940 183 911 14270 15914 5413 18503 17109 8520 15929 2533
 14783 15508 5001 5357 17501 5426 7673 4127 21032 14437]
[2632 2634 2638 2639 6549 2628 6498 6545 6547 2626 2625 2642 6548 12778
 1682 6552 1323 1304 12777 19314 12510 18967 1300 1345 12774 12502 6499
 1305 1325 18960 12503 7126 18956 21520 12739 1350 12751 1333 1339 1316
 1695 21471 1321 12508 1298 12500 1308 12517 1319 2614 6469 1341 5193
 18957 21475 18950 1310 12522 6493 18954 21536 12495 2039 12687 2040 12758
 2613 12761 12685 12496 12755 21473 1337 12764 12763 12733 7122 1578 1362
 1608 18966 12741 1709 1703 12978 12769 1504 1693 5253 7124 21481 18976
 1556 12694 1997 12743 1557 12736 288 1120 1276 1285 283 12729 286 14214
 1723 2005 1232 12613 12717 2043 185 18962 5268 1125 2000 14205 5254 72
 21551 12714 12535 18975 1696 21580 21557 18872 178 281 19437 12533 5373
 1915 252 14201 5031 21489 1729 7130 1291 1293 1589 1917 1616 282 174
 12678 12492 1705 12523 1563 930 289 6516 4894 21537 1690 2044 1317 1303
 12690 18973 1569 5082 12721 21577 167 352 296 1565 198 21531 15992 15989
 1944 1976 2612 22049 255 1269 1360 5255 1991 1676 19017 21528 195 18978
 1700 15994 5408 295 1435 280 7112 18511 21494 1815 1287 1590 1375 2646
 4891 12722 1137 2644 19015 1307 1994 12531 353 18916 21510 21569 202
 14200 1576 278 1359 2061 5076 14676 1383 326 1910 1598 21484 7072 926
 21526 6487 1594 337 6003 1543 2647 5383 7111 1771 411 1558 1580 1436 883
 11313 1936 2050 4915 335 1688 341 19440 1376 1670 19271 925 18987 6524
 14687 19443 431 1908 19442 1701 1546 1128 12617 360 12552 15945 1568 371
 21483 18884 258 14253 19383 6466 18965 12610 338 11642 12701 1925 12481
 331 19617 815 2065 5074 14677 16587 12598 1927 12561 19384 12673 12697
 7104 1626 1385 323 5260 274 12584 2659 5032 74 1928 8929 938 15066 5246
 1239 2018 5244 12553 268 5258 1822 12699 424 21464 12487 19010 354 5071
 17078 1583 21530 12608 1940 7108 18558 12891 12589 1772 1530 12723 2026
 207 1541 4856 306 422 342 17087 18981 270 2610 16013 4884 15429 2661 2025
 427 12529 4955 1549 17093 11966 4994 12540 12543 18907 305 19243 345
 21463 12588 12703 5369 1961 243 2607 2652 888 456 1195 15990 12538 12488
 194 895 389 18544 6697 12647 15421 420 19273 13095 11365 5072 14268 2067
 115 18989 18993 12530 19262 308 356 16589 21575 21527 1674 212 1633 12644
 15920 19441 18998 5367 14684 15917 15067 881 2010 15047 4944 17544 18527
 12956 1143 374 393 12526 16588 15997 2021 900 21518 15018 2069 5086 19004
 19027 441 1757 18915 4956 382 12040 17099 19240 19590 5145 2070 901 15934
 11639 1141 15050 14244 1524 14680 15052 831 2394 16914 16005 17100 1946
 8490 22013 1406 15975 21452 15019 1418 1427 1767 832 463 2580 3559 16896
 20354 12579 172 14798 15039 11708 8935 6489 19237 2560 1159 1440 14797
 7444 5019 1262 1255 3581 14052 11876 3076]
[2632 6549 2628 6498 2627 2626 2625 2642 6548 12778 1682 6552 1323 1304
 12777 19314 12510 18967 2623 1300 1345 12774 6499 2620 1681 1305 1680
 1325 18960 6542 12503 18958 7126 21474 6468 21520 1350 1338 5251 12751
 1333 1339 1316 1328 1695 21471 12508 12770 1715 12776 1298 12500 1308
 12517 7053 12726 2621 15312 12771 12505 5193 12497 21462 21535 18957
 18950 12522 6539 18954 21536 21556 12495 2039 1297 22028 21521 12687
 12758 12685 12496 12755 2677 21473 1337 12764 12763 12521 1714 2033 12733
 12491 21542 7122 1578 1362 18966 12741 1709 12769 1504 1693 5253 7124
 21481 12767 18976 7125 21541 1556 12694 1275 12519 1997 12743 1557 12736
 1613 1276 5249 283 12744 286 12742 12692 14214 1723 12727 12734 12680
 2005 5266 2049 12745 12717 185 18962 1125 12976 14202 2000 250 21461 1782
 72 21551 12714 12535 18975 18510 21580 21557 929 15070 178 12748 281
 12533 1588 1344 1915 5031 18977 7130 1918 21549 1291 1293 1589 1917 1292
 2054 282 12715 174 184 12492 1705 12693 289 251 4894 1992 21537 5384 6519
 1123 5081 1690 2044 21480 1317 21577 7114 1689 1998 352 296 1565 198 7112
 18511 21494 12618 1815 1590 2646 12722 21554 2644 19015 1307 7083 12531
 353 7115 18916 1576 1271 2061 5076 1383 326 1910 1598 21484 21526 6487
 1612 1594 193 18982 337 6003 1379 1543 267 935 168 5368 1127 5028 12615
 411 1580 12642 1436 15428 11313 18979 1936 19012 2050 12490 335 1688 341
 1133 12702 19440 2053 1376 1670 1761 19271 21491 18983 15993 6524 417
 14687 1329 19443 16582 1544 1908 19442 1701 12617 18506 1222 18908 425
 1560 1568 4883 265 1121 1381 19383 1552 18965 1614 12610 338 12619 1593
 1377 1233 4913 1925 12481 19617 1704 815 5074 14677 369 18900 15425 4855
 1656 199 16587 12598 257 1595 19014 12561 19384 12673 158 817 7104 1571
 1947 323 19244 15062 18515 5032 74 8929 1534 1138 7450 938 266 1239 2018
 5244 21487 4889 268 18898 5258 18917 424 240 19272 12487 1920 354 5071
 5195 5070 18542 21530 12608 13150 7108 7110 18558 12589 1530 12723 2026
 16011 21486 1629 207 4856 277 11749 12527 422 4951 342 17087 1791 1147
 1284 1437 2056 18543 19320 2062 16013 2661 1356 2025 2022 2552 15923
 22014 427 15310 18911 15069 2653 4955 1549 272 17093 1526 15075 11966
 4994 12543 6006 16048 18907 305 1218 12588 1817 18524 2657 5369 1961
 12459 2607 2652 19394 19241 241 419 1651 10082 205 12488 1816 18914 4906
 194 7437 389 6697 14683 8932 420 1683 12483 12035 5146 14268 2067 5068
 2405 18989 19006 18993 12530 308 14264 12525 12827 356 16589 1955 16017
 2565 4886 12597 2609 2059 22011 206 1674 209 1972 1633 19626 163 12644
 15418 15920 19441 18998 5367 15067 5261 16578 2010 15047 4944 1792 421
 17094 1149 391 2023 19619 15981 393 20382 2021 943 21586 6278 1719]
[2632 2634 2639 6549 2628 6498 6545 6547 2627 2626 2625 2642 6548 12778
 1682 6552 1323 1304 12777 19314 12510 18967 2623 1300 1345 12774 12502
 6499 2620 1681 1305 1680 18960 2615 6542 12503 18958 7126 21474 6468
 21520 1350 1338 5251 12751 1333 1339 1328 1695 1321 12508 12770 12776
 1298 12517 1319 2614 7053 12726 2621 6469 1341 5193 21462 21475 18950
 1297 22028 18952 8911 1351 21521 12687 2040 12758 12685 12496 5256 12755
 2677 21473 1337 12760 12763 1714 2033 12733 12491 21542 7122 1578 1608
 12741 1709 1703 12978 12769 1693 5253 21481 12767 21541 12694 1275 1784
 12519 21550 1557 1613 1120 1276 1285 5249 12744 6517 286 12742 12692
 12609 1365 12727 1916 12734 1736 2005 5266 2049 12745 1232 12717 2043 185
 18962 5268 1125 12976 14202 2000 250 14205 5254 21461 1782 72 21551 18880
 12714 18975 18510 21580 21557 929 15070 178 12748 281 19437 12533 6518
 1588 1344 5373 249 252 14201 5031 18977 18974 12606 21489 7130 1918 21549
 1291 1917 1616 1292 2054 12715 12492 1705 12523 12693 289 251 4894 21537
 1361 1317 12690 18973 1569 5082 12721 7114 1998 167 352 296 1565 18988
 21531 15992 1976 2612 22049 1676 19318 15947 21522 21528 1783 362 1700
 14225 295 18948 1388 1585 5264 1435 280 18511 21494 12618 1815 1287 1590
 1375 2646 21554 2644 19015 1307 1687 12531 7115 2004 18916 21569 14200
 5388 1576 1271 879 5027 5076 14676 1383 326 1598 18508 926 21526 193 1529
 18982 1931 1543 935 5368 5383 1771 19266 12615 1558 12551 1580 12642
 11313 18979 19012 2050 12490 4915 5392 335 1688 1720 341 1133 12702 19440
 1761 925 15948 261 5391 21491 18987 6524 417 14687 14199 19443 16582 431
 1908 1701 18506 425 1560 360 12552 14675 1568 371 2029 12707 18884 21468
 4883 258 15946 1698 14253 1381 1548 18965 12610 12619 11642 1377 1567
 1392 1233 15938 12701 4913 12481 331 19617 1704 1457 6492 369 4855 1234
 199 12598 19014 12561 19384 12673 158 817 12697 1626 1571 1947 5260 19244
 22015 15062 5032 1928 8929 2066 938 266 15066 5246 2018 359 18898 18928
 18917 12487 13098 1920 1727 5195 18542 21530 12608 13150 7108 7110 12891
 328 12589 1772 1777 1530 12723 16011 1629 207 277 12527 1791 1147 12674
 2056 19320 270 16013 4884 15429 2661 1356 2025 2552 22014 427 15310 1549
 272 17093 19396 1526 4994 12557 12543 6006 12585 63 18907 19243 1218 345
 21463 1817 2657 1599 5369 1961 12459 243 19241 1469 12892 888 19392 1651
 1195 924 205 15998 1816 18914 7437 895 14683 15421 8932 11365 12035 5146
 5072 2067 5068 2405 18989 19006 18993 12530 2058 12525 12827 460 356
 16589 4886 21575 2059 1773 21527 206 212 19626 18895 2014 163 18494 5367
 15917 15067 15982 17544 12956 16902 1143 391 18920 393 2649 12544 2021
 900 3561 12532 1768 5086 1646 19027 1470 12632 3549 23495]
[2632 2634 2638 6549 6498 6545 6547 2627 2626 2625 2642 6548 12778 6552
 1304 12777 19314 12510 18967 1300 1345 12774 12502 6499 2620 1681 1305
 1680 1325 2615 6542 12503 12771 12505 5193 18957 21475 18950 6539 6493
 12516 21536 2643 21556 2039 1297 18952 8911 1351 21521 2040 12758 12761
 5256 2677 1337 12521 1714 12733 21542 1578 1362 12741 1703 12978 1693
 5253 7124 21481 177 12767 18976 7125 21541 1275 1784 21550 1997 12743
 1557 288 1613 1120 1285 5249 283 12729 12744 6517 12742 14214 12609 12727
 12734 12680 1736 12717 5268 12976 5254 21461 72 18975 1696 21557 929 178
 12748 281 12533 6518 1344 1915 18974 12606 1293 1917 1616 18971 2054 1992
 5384 6519 1123 5081 1690 2044 21480 1303 18973 1569 12721 2016 1313 7114
 1689 1998 8930 167 352 296 1565 198 18988 21531 15989 262 1944 1976 293
 1493 255 1269 5255 333 1991 1676 19318 18947 15947 21522 189 1783 362 195
 18978 1700 15994 1957 1587 12591 295 18948 21568 1912 1585 5264 18511
 21494 1815 1590 182 1375 2646 4891 21554 1137 2644 1307 7083 1687 353
 7115 2004 18916 21510 21569 1536 14200 5388 2055 1576 278 1271 879 5027
 2061 5076 1383 326 1910 1598 6487 5080 1612 193 1529 18982 337 1931 1379
 1543 267 935 2647 5368 7111 19266 12615 411 1558 1580 279 12642 1436
 15428 11313 18979 1936 19012 2050 12490 4915 335 1688 1720 341 12702
 19440 1376 1670 1761 19271 925 261 5391 15993 18987 417 14199 16582 431
 1908 19442 1701 1546 1128 12617 18506 1222 425 1560 360 12552 14675 1568
 2029 12707 265 19383 1548 6466 1552 18965 1614 12610 338 1377 1567 1392
 15938 12481 1909 2065 5074 1457 18877 13103 1132 1914 14677 369 18900
 15425 4855 1234 199 16587 12598 1927 257 1595 19014 19384 18992 12673 158
 817 12697 7104 1385 323 5260 5113 12584 19244 1393 12599 18515 74 1928
 8929 4942 1534 7450 938 266 410 1239 2018 5244 12553 21487 4889 268 18898
 5258 18928 1822 12699 424 240 12487 1920 19010 354 5195 5070 18542 12608
 13150 1940 7108 1913 7110 18558 12891 12589 1772 1777 1530 12723 2026
 1629 207 1541 4856 277 11749 16045 4951 342 197 1604 1791 12674 1284 2056
 18543 19320 270 2610 15429 1758 2661 1356 2025 2552 427 18911 2653 1549
 272 15075 4994 12557 17090 63 16048 345 21463 1817 2657 1599 442 12459
 243 2607 19394 19241 419 19392 16904 456 1195 10082 12538 18914 4906 194
 7437 895 14683 15421 8932 19273 13095 1683 12035 5146 5072 14268 5405
 2405 19006 12530 19262 2058 14264 20388 460 356 16589 1955 16017 2565
 21575 2609 2059 22011 1773 21527 206 212 209 18994 1972 932 2014 163
 18494 14684 2010 15047 15982 18889 17544 18527 12956 1143 421 17094 2408
 391 2023 21566 15981 393 12544 900 3561 21518 5086 441 16006 1757 12646
 5245 440 14948]
