FDR List:
0.6823529411764706
0.6823529411764706
0.6941176470588235
0.6705882352941176
0.5882352941176471
0.7176470588235294
0.6705882352941176
0.6941176470588235
0.6705882352941176
0.6588235294117647
Subset List:
[7826 3751 1989 3030 542 7521 3598 619 6560 2794 8327 1356 1209 2905 1759
 1440 7248 8160 1128 9433 7454 3381 2131 4065 4301 959 46 1242 2969 498
 8982 3329 3065 3811 3288 1899 2571 5824 1855 9652 317 7240 5735 7195 3757
 301 7850 1583 8020 4755 1952 8444 1465 2488 6632 4369 319 994 3460 8107
 3749 3723 4634 268 2748 2820 4879 4454 9904 2770 9709 1248 3124 9883 1050
 1357 3490 257 3893 6027 9892 3269 2957 9035 5577 443 7471 800 1494 1581
 5083 4761 4315 4451 2508 8170 9629 9879 7249 2699 6997 8527 605 4159 3879
 2233 3848 1433 2038 3681 7491 3062 7241 7473 3762 78 6686 827 9746 7451
 4205 4427 2229 5078 4921 3583 514 528 1941 497 2507 1823 1968 1444 6788
 2037 671 926 2028 9513 4302 2989 7588 7541 5973 4116 2573 2552 1117 9535
 5556 3698 7474 96 3494 429 4959 8182 4187 2670 4438 3186 3160 478 4828
 266 1522 7917 3962 171 7490 915 582 4238 2224 3136 7542 1127 8981 241 66
 62 5054 2090 6080 2204 3305 4201 5631 552 8165 7672 1072 8091 511 781
 7842 502 730 2690 3710 5525 245 6627 3829 3441 3176 2760 1353 9726 4753
 4145 6681 2198 4165 6784 5851 3388 4823 7162 1212 3573 6558 4131 823 213
 5183 8948 960 4000 6741 243 1091 9654 2394 6787 3591 6391 6643 3468 9826
 2305 6894 4990 7043 7777 2668 9747 6747 2660 7724 4230 9843 9211 4259
 7671 866 998 1973 2654 9783 1107 2556 8426 8507 951 1391 1886 5118 4225
 7597 3833 6625 8095 9937 5065 950 6004 9252 4086 2298 3599 2648 523 7349
 829 7338 5176 4031 1039 6053 4966 184 4498 1965 4080 8408 2052 4053 9031
 3800 7394 2823 432 5698 6990 9552 5639 9596 3806 6886 8272 9924 1124 3252
 6722 6610 4373 624 9891 5986 1553 5209 1644 7720 6517 1157 2419 3330 1767
 7779 3263 9742 1325 3707 6037 324 4727 6546 1562 3146 4511 1024 2193 8412
 1782 7445 6561 4548 2433 2866 9731 84 340 6564 7498 3763 712 2454 7495
 1839 6759 4344 795 3976 7440 4967 1319 5522 3316 1197 3377 7332 2739 4570
 2237 3456 3672 791 5752 7673 1910 1328 1078 902 2598 5561 1229 2850 3295
 2339 1033 2930 2177 4327 9536 6698 222 614 2201 358 9651 627 8435 300
 4338 5678 304 4293 6165 3748 5269 6577 5608 4425 3559 4374 9023 2413 1587
 8453 7902 9595 8416 3475 5413 9912 6775 1378 3404 2515 1092 9238 4619
 1609 9914 6975 6613 2535 4963 4686 2342 6571 2219 4740 6883 9006 3949
 2514 4997 6915 6565 5978 3567 6692 125 6669 6535 3302 2144 5921 4567 6912
 9538 1415 1882 175 4013 2269 992 2949 2203 1256 3739 7916 9744 2869 3324
 8545 6599 4180 7922 1893 8322 7643 2134 2082 7687 9073 3772 9970 1859
 2148 1523 8632 6487 9271 4675 9577 7193]
[7826 3751 1989 3030 542 7521 3598 619 6560 2794 8327 1356 1209 2905 1759
 1440 7248 8160 1128 9433 7454 3381 2131 4065 4301 959 46 1242 2969 498
 8982 3329 3065 3811 3288 1899 9764 2571 5824 1855 691 9652 317 7240 5735
 7195 3757 301 7850 1583 8020 4755 1952 8444 1465 2488 6632 4369 319 994
 3460 8107 9110 3749 3723 4743 4634 268 2748 2820 4879 4454 9904 2770 9709
 1248 3124 9883 1050 1357 3490 257 3893 6027 9892 3269 2793 2957 9035 5577
 443 7471 5890 1494 5083 4761 4315 4451 2508 8170 9629 7583 9879 2699 6997
 8527 605 4159 3879 2233 3848 1433 2038 3681 7491 3062 7241 7473 1007 3762
 78 5078 514 528 2507 1823 1968 1444 6788 2037 671 926 2028 9513 2989 5973
 4116 1117 9535 5556 3698 96 3494 429 4959 8182 2670 4438 7333 3186 3160
 478 1159 266 1522 7917 3884 3962 7490 582 9781 8981 241 62 5054 2090 6080
 3305 5631 8165 9669 7672 1072 8091 511 781 7842 2063 730 2690 9728 9079
 3710 5525 3829 3441 2760 1353 9726 4753 4145 6681 2198 4165 6784 4823
 7162 1212 3573 4857 7876 4131 213 5183 8948 960 6741 243 1091 9654 7689
 2394 6787 3591 6391 6643 3468 2526 2305 4990 7043 7777 6747 2660 7724
 4230 9211 4259 866 998 1973 2654 9783 2556 8507 951 1391 1886 4225 3833
 8294 8095 9937 9234 5065 950 6004 9252 4086 1192 2298 3599 2322 523 3818
 7338 5176 6053 4498 6654 1965 4080 4053 5261 3800 5105 7679 4721 2823
 6905 432 8889 6990 9552 5639 9596 3806 6886 8272 1124 486 3252 6722 6610
 4373 9891 5986 1553 5209 1644 5468 7720 6517 1219 1767 7779 9168 9742
 1325 6546 1562 1024 8412 1782 7445 3718 6561 4548 2866 9731 84 340 3763
 7495 1839 4344 7235 795 3976 7440 4967 5522 7117 1197 2772 3246 4313 7332
 2739 551 9227 8297 2237 3456 9926 3672 7673 872 1910 1328 7568 1078 2598
 5561 4987 2850 3295 8637 2339 1033 2930 9536 6698 222 1274 2201 358 1089
 627 8435 304 4293 3748 5269 5608 4425 3559 3929 4374 9023 2413 5726 673
 2771 1709 7902 9595 8416 3475 5413 9912 6775 1378 2515 1092 4619 1609
 6975 3550 6613 7915 2535 4963 5262 2342 6571 2219 6883 3949 1735 6915
 2961 125 2689 3626 6669 6535 5518 3302 2144 4487 4297 5843 4156 5921 9634
 4567 6912 3170 9538 1243 3033 1882 3725 404 1469 1247 4013 2269 992 2949
 5597 7233 8244 1256 3739 9887 2810 3716 5985 1638 2291 4735 9680 9744
 7436 2869 6065 1125 6599 3683 6769 8322 8102 2134 3114 9136 4435 1757
 3928 9970 4312 1462 4798 3634 7951 4552 2001 2047 3307 4333 4584 2053
 1868 8339 2970 4748 9773 376 3950 2744 5250 1215 6575 668 3038 1856 1402
 1343 7562 4824 8502 7472 7822 4260 8954 7403 8278 1546 9285]
[7826 3751 1989 3030 542 7521 3598 619 6560 2794 8327 1356 1209 2905 1759
 1440 7248 8160 1128 9433 7454 3381 2131 4065 4301 959 46 1242 2969 498
 8982 3329 3065 3811 3288 1899 9764 2571 5824 1855 691 9652 317 7240 5735
 7195 3757 301 7850 1583 8020 4755 1952 8444 1465 2488 6632 4369 319 994
 3460 8107 9110 3749 3723 4743 4634 268 2748 2820 4879 4454 9904 2770 1248
 3124 9883 1050 1357 257 3893 6027 9892 3269 2793 2957 9035 5577 443 800
 1494 1581 4761 4315 2508 8170 9629 7583 7249 2699 8527 605 4159 3879 2233
 3848 1433 2038 3681 7491 3062 7241 1007 3762 78 6686 827 9746 7451 4205
 4427 5078 514 528 1941 497 2507 1823 1968 1444 6788 2037 671 926 2028
 9513 4302 2989 7541 5973 4116 2573 2552 7490 915 582 4238 2224 7542 1127
 8981 66 62 5054 2090 6080 2204 3305 5631 552 8165 9669 7672 1072 8091 511
 781 7842 2063 730 2690 9728 3710 5525 245 6627 3511 9560 3441 3176 2760
 1353 9726 4753 6681 2198 1091 2394 6787 3591 6391 6643 3468 9826 2526
 2305 7777 9747 2660 7724 4230 9843 9211 4259 866 998 3691 2654 1107 2556
 8426 3448 8507 951 1391 1886 5118 4225 8095 9234 5065 950 6004 9252 1192
 2298 3599 2648 2322 7349 3818 829 4031 1039 6053 6446 9740 1965 2052 5261
 9031 2691 1896 5105 7679 5698 8889 9552 9596 8272 9924 1124 486 6722 6610
 4373 9891 5986 5209 1644 5468 7720 1767 9742 1325 3707 3146 1782 6561
 2433 2866 6564 7498 3763 2454 1839 6759 1208 4344 7235 3976 7440 1319
 5522 3316 7117 2772 551 3672 791 7673 872 1910 1328 2320 7568 4987 8885
 3295 8637 5644 2339 1033 2930 9536 6698 9986 2201 358 627 8435 300 4338
 1003 304 6577 5608 3929 4374 9023 1709 8453 9595 8416 3475 5413 1378 1092
 9238 4619 9914 6975 3550 9626 4963 5262 6571 3949 1735 4997 6915 6565
 7268 2961 3567 6692 4487 3170 2939 1882 7238 3725 2877 1469 4013 5597
 3275 8244 9749 1256 1241 9887 5985 1638 7916 1611 7436 6065 1125 9522
 3191 4180 4560 9173 3021 7643 6650 2082 1429 4439 7911 4426 7448 1689
 3185 3967 2400 4135 4798 119 3634 6926 674 7951 22 344 4552 7107 2001
 3414 3644 4584 1266 6304 8665 2053 7049 2853 9217 1868 5134 4841 2116
 9479 2292 4791 4748 9773 376 2470 4002 7698 2744 5250 7478 9941 3892 6575
 9713 3038 9619 1856 5981 7562 6967 6228 8502 2397 7430 1310 894 7472 7822
 1917 4260 8954 6400 6512 9874 8278 3558 1269 2162 4712 2148 4139 4166
 2149 9976 3902 5308 1614 1062 121 5885 9788 846 853 9698 4782 5100 4341
 8181 4291 6402 7692 464 8531 4443 3322 895 4494 9026 3686 591 4968 510
 3504 3859 1765 2450 6898 2218 5165 3171 7432 1327 3339 565 5106]
[7826 3751 1989 3030 542 7521 3598 619 6560 2794 8327 1356 1209 2905 1759
 1440 7248 8160 1128 9433 7454 3381 2131 4065 4301 959 46 2969 498 8982
 3329 3065 3811 3288 1899 9764 2571 5824 1855 691 9652 317 7240 5735 7195
 3757 301 7850 1583 8020 4755 1952 8444 1465 2488 6632 4369 319 994 3460
 8107 9110 3749 3723 4634 268 2748 2820 4879 9709 1050 1357 257 3893 6027
 9892 2793 443 7471 800 5890 1581 5083 4761 4315 4451 2508 9629 9879 2699
 605 2233 3848 1433 2038 3681 3062 7241 7473 1007 3762 6686 4205 4427 2229
 5078 3583 514 528 1941 2507 1823 1968 1444 6788 671 2028 9513 4302 2989
 5973 2573 2552 1117 9535 5556 3698 7474 96 3494 6867 429 4959 4187 2670
 2166 3186 478 4828 1159 266 1522 7917 3962 7490 915 4238 9781 2224 7542
 1127 8981 241 66 62 5054 2090 6080 2204 3305 4201 5631 3280 552 8165 9669
 7672 1072 8091 511 781 7842 2063 502 730 2690 9079 3710 5525 245 6627
 3511 9560 3441 3176 2760 1353 4753 4145 6681 2198 4165 5851 3388 4823
 7162 1212 3573 4857 7876 6558 4807 4131 6611 823 213 5183 8948 960 4000
 6741 243 1091 9654 7689 6787 3591 6391 6643 3468 2526 2305 6894 4990 7043
 2668 9747 7724 4230 9843 9211 4259 7671 866 998 1973 3691 2654 9783 1107
 2556 8426 3448 8507 1391 4225 7597 3833 6625 8294 8095 9937 9234 950 6004
 9252 4086 1192 2298 3599 2648 2322 523 7349 3818 829 5176 4031 1039 6053
 4966 6446 184 9022 4498 6654 1965 4080 8408 2052 4053 5261 2691 3800 7545
 5105 7679 7394 4721 6905 432 8889 9552 5639 9596 3806 6886 8272 1124 486
 3252 6722 4373 9891 5986 5209 1644 5468 7720 1157 1767 7779 9168 9742
 1325 3707 6037 4727 6546 1562 4511 1024 8412 7445 3718 4548 2433 2866
 9731 84 290 340 6564 3763 2454 7495 1839 6759 1208 4344 7235 795 3976
 7440 4967 5522 7117 2772 3377 4313 7332 551 4570 8297 2237 3456 5752 7673
 9562 7568 1078 2598 4987 8885 1229 2850 3295 8637 5644 1033 2930 4327
 1234 9986 1274 614 9651 627 8435 1003 5678 304 4293 3748 5269 6577 5608
 4425 3559 3929 4374 9023 2413 673 1709 8453 7902 9595 3475 6775 2515 4619
 1609 9914 6613 9626 7915 2535 5262 4686 6571 2219 4740 3949 1735 2514
 4997 6915 7268 3567 6692 2689 3626 6669 6535 3302 4487 4297 4156 645 5921
 9634 4440 6912 9538 4207 1243 3033 7238 3725 1469 1247 4013 2269 992 2949
 5597 3275 7233 9749 1256 5985 1638 4679 1125 3683 5135 1425 6772 1893
 6769 2134 460 1800 7687 1429 4785 9073 4435 367 1689 2293 4995 4312 3967
 9206 4135 4849 4798 5946 119 3634 6926 674 7951 4029 22 4998 4044 2047
 717 5495 3414 8120 9975 6011 8186 3192 9661 9726]
[7826 3751 3030 542 7521 3598 619 6560 2794 8327 1356 1209 2905 1759 1440
 7248 8160 1128 9433 7454 3381 2131 4065 4301 959 46 1242 2969 498 8982
 3065 3811 3288 1899 9764 2571 1855 691 9652 317 7240 5735 7195 3757 301
 7850 1583 8020 4755 8444 1465 6632 4369 319 994 3460 8107 9110 3749 3723
 4743 4634 268 2748 2820 4879 4454 9904 2770 9709 1248 9883 1050 1357 3490
 3893 6027 3269 2793 2957 9035 5577 3681 7241 1007 3762 827 9746 1444 266
 1522 7917 3884 3962 171 7490 915 582 2224 3136 7542 66 62 2090 3305 8165
 9669 7672 1072 8091 511 7842 2063 730 2690 9728 3710 245 6627 3511 3829
 1353 4145 6681 2198 6784 5851 3388 4823 3573 4857 6558 4807 6611 823 213
 8948 960 4000 6741 9654 2394 6391 6643 3468 9826 2526 6894 4990 2668 9747
 2660 7724 4259 7671 998 2654 9783 1107 2556 8426 3448 8507 951 1391 1886
 5118 4225 3833 6625 8294 8095 9937 5065 950 4966 6446 4498 1965 8408 2052
 5261 9031 2691 1896 5105 7394 4721 2823 6905 5698 6990 9596 3806 6886
 8272 9924 1124 486 6722 6610 4373 624 9891 5209 7720 6517 1157 2419 7779
 9168 3263 9742 1325 3707 4727 6546 1562 1024 2193 8412 3718 6561 4548
 2433 2866 84 290 340 6564 3763 2454 7495 1839 6759 1208 4344 795 3976
 7932 7440 1319 7117 1197 2772 3246 7332 551 9227 2237 3456 9926 7673 1078
 902 2598 8885 2850 2930 2177 6698 222 614 2201 1089 627 8435 5678 304
 3748 3929 9023 2413 673 7902 9595 3475 5413 9912 3404 1092 9238 9914 6975
 6613 4686 2342 2219 4740 125 2689 3626 6535 4487 4297 5843 9634 4440 6912
 4154 1243 2939 227 1469 2269 4056 7916 7643 2134 2082 3114 7220 7687 4011
 4785 9073 4415 4435 3772 7911 1757 3928 4339 1689 3185 2293 4995 4312
 2400 4849 4798 5946 119 3634 674 7951 22 4998 4665 344 6803 7107 717 5495
 2720 8120 9975 6304 2053 2853 9217 3189 8339 9479 6598 5015 2970 9773
 3206 4726 2470 7698 6827 3950 6636 9941 6575 3038 1859 467 6952 1402 1343
 6228 1977 1310 894 4260 8954 6400 6056 2545 4163 2162 9670 2709 9976 5308
 6619 8785 5885 9788 4058 846 6889 9698 4782 2445 8536 464 8531 4443 591
 4968 991 3504 5504 2182 9732 9723 8314 1774 3658 3171 1626 1073 4633 4523
 1900 5210 4566 508 9955 2671 4072 2695 9679 1 2138 2118 9687 8277 2735
 5530 2005 8547 4630 8227 8431 2604 5103 7010 9880 5701 3831 316 9721 3985
 9659 6538 2594 9755 8236 6945 7208 9183 2500 8382 9544 6710 1642 2730
 6417 4558 1671 4988 5225 4660 1173 4742 2467 7837 2755 1625 7543 8217
 4134 7499 5736 1771 8146 3738 4515 3467 2713 488 9793 1568 8998 7211 5705
 1009 8299 2021 7859 638 878 7713 3705 8493]
[3751 1989 3030 542 7521 3598 619 6560 2794 8327 1356 1209 2905 1759 1440
 7248 8160 1128 9433 7454 3381 2131 4065 4301 959 46 1242 2969 498 8982
 3329 3065 3811 3288 9764 2571 5824 1855 691 9652 317 7240 5735 7195 3757
 301 7850 1583 8020 4755 1952 8444 1465 2488 6632 4369 319 994 3460 8107
 9110 3749 3723 4743 4634 268 2748 2820 4879 4454 9904 2770 9709 1248 3124
 9883 1050 1357 257 3893 6027 9892 3269 9035 5577 443 7471 5890 1494 1581
 5083 4761 4315 4451 2508 8170 9629 7583 9879 7249 2699 6997 8527 605 4159
 3879 3848 1433 2038 3681 7491 3062 7241 7473 3762 6686 827 4959 8182 4187
 2670 4438 2166 7333 3186 3160 478 4828 1159 266 1522 7917 3884 3962 171
 7490 915 582 4238 9781 2224 3136 7542 1127 8981 241 66 62 5054 2090 6080
 2204 3305 4201 5631 3280 552 8165 9669 7672 1072 8091 511 781 7842 2063
 502 730 2690 9728 9079 3710 5525 245 6627 3511 9560 3829 3441 3176 2760
 1353 9726 4145 2198 4165 6784 5851 4823 3573 7876 6558 4807 4131 213 5183
 8948 960 4000 6741 243 6643 4990 6747 2660 4230 4259 7671 866 998 1973
 3691 2654 1107 2556 3448 8507 951 1886 5118 3833 6625 8294 8095 9937 5065
 950 6004 4086 2298 2322 523 7349 3818 829 5176 4031 1039 4966 6446 184
 9022 4498 6654 1965 4080 8408 2052 4053 5261 9031 2691 3800 7545 5105
 7679 2823 6905 432 5698 9552 5639 9596 3806 8272 9924 486 6722 6610 1553
 5468 6517 1157 9168 3263 9742 3707 6037 324 4727 1024 2193 8412 1782 3718
 6561 4548 2433 9731 84 340 6564 3763 712 2454 7495 1208 4344 7235 795
 7932 5522 1197 2772 4313 7332 551 8297 3456 791 7673 4987 8885 2850 3295
 2339 1033 2930 2177 4327 9536 6698 9986 614 2201 358 627 300 1003 3748
 5269 5608 3559 3929 9023 2413 5726 673 1587 2771 1709 8453 7902 9595 3475
 5413 1378 3404 2515 1609 9914 6975 3550 6613 9626 7915 2535 4963 5262
 4686 2342 6571 4740 9006 3949 2514 4997 6565 7268 2961 5978 3567 6692 125
 2689 3626 6669 3302 4487 4297 5843 5921 9634 4567 4440 6912 9538 4207
 4154 1882 227 404 2877 1469 1247 1878 4013 2949 3275 1256 1241 1584 9887
 3716 4056 5985 7916 1611 7436 3683 5617 7283 1893 8322 1182 3114 4785
 3928 4426 9128 9206 4135 4798 674 7951 4029 4998 4665 344 2047 717 5495
 3414 8120 3243 2053 9217 1868 8339 2116 9479 2292 2970 4748 8158 7099
 2470 6827 3950 5642 5001 9357 7478 2911 9941 668 9619 1859 1856 6952 4900
 6967 1977 2397 7430 1310 5945 1917 4260 8954 2545 4163 3323 2162 9670
 9976 1614 631 2445 1774 3658 3213 3171 1073 4531 6093 2564 1327 4251 4566
 1658 1 2005 2678 7372 4383 8382 1642 4134 5605]
[7826 3751 1989 3030 542 7521 3598 619 6560 2794 8327 1356 1209 2905 1759
 1440 7248 8160 1128 9433 7454 3381 2131 4065 4301 959 46 1242 2969 498
 8982 3329 3065 3811 3288 1899 9764 2571 5824 1855 691 9652 317 7240 5735
 7195 3757 301 7850 1583 8020 4755 1952 8444 1465 2488 6632 4369 319 994
 3460 8107 9110 3749 3723 4743 4634 268 2748 2820 4879 4454 9904 2770 9709
 1248 3124 9883 1050 1357 3490 257 3893 6027 9892 3269 2793 2957 9035 5577
 443 7471 800 5890 1494 1581 5083 4761 4315 4451 2508 8170 9629 9879 7249
 2699 6997 8527 605 4159 3879 2233 3848 1433 2038 3681 7491 3062 7241 7473
 1007 3762 78 6686 827 9746 7451 4205 4427 2229 5078 4921 3583 514 528
 1941 497 2507 1823 1968 1444 6788 2037 671 926 2028 9513 4302 2989 7588
 7541 5973 4116 2573 2552 1117 9535 5556 3698 7474 96 3494 6867 429 4959
 8182 4187 2670 4438 2166 7333 3186 3160 478 4828 266 1522 7917 3884 3962
 171 7490 582 4238 9781 2224 62 5054 6080 2204 4201 5631 3280 552 8165
 7672 1072 8091 511 781 7842 2063 502 730 2690 9728 9079 5525 245 6627
 3511 9560 3829 3441 3176 1353 4753 4145 6681 4165 6784 5851 3388 4823
 7162 1212 3573 6558 1956 4131 6611 823 213 5183 8948 960 4000 6741 243
 1091 9654 7689 2394 6787 6391 6643 3468 9826 2526 2305 6894 4990 7777
 2668 9747 6747 2660 7724 4230 9843 9211 4259 7671 998 1973 3691 2654 9783
 2556 8426 3448 8507 951 1391 1886 5118 4225 7597 3833 6625 8294 8095 9937
 9234 5065 950 6004 9252 4086 1192 2298 3599 7553 2648 2322 523 829 5176
 4031 1039 6053 4966 6446 9740 184 9022 4498 6654 1965 4080 8408 2052 4053
 5261 2691 7545 1896 5105 7679 7394 6905 432 5698 8889 9552 5639 9596 3806
 6886 8272 9924 1124 2650 486 6610 9891 5986 5209 1644 5468 6517 1157 1219
 3330 1767 7779 9168 3263 9742 1325 3707 324 4727 3146 4511 2193 8412 1782
 3718 6561 4548 2433 2866 9731 84 290 340 6564 7498 2454 7495 1839 1208
 7235 7440 4967 1319 7117 1197 3377 3246 4313 551 9227 2237 9926 3672 791
 5752 9562 1910 1328 2850 4327 304 2771 7902 6669 4487 4297 5843 645 4440
 6912 9538 4207 4154 1243 2939 1415 1882 3725 227 404 1469 1878 4013 2949
 9749 1241 1584 2291 4735 9744 7436 3683 5617 4560 8102 2134 7220 1800
 7687 4435 7911 8259 1571 3185 9128 4995 3967 1462 2250 674 6803 2047 5495
 3644 9607 2853 1868 8339 4841 2116 3688 6598 5015 9773 3206 8158 2470
 4002 6827 3950 5001 5250 2911 2979 6575 4478 8502 894 1917 4260 7403 2709
 846 9698 4314 5754 5504 1765 6898 4509 1523 7694 2604 4739 53 1642 8217
 1648 4514 8146 2715 1268 1904 5705 15 4542]
[7826 3751 1989 3030 542 7521 3598 619 6560 2794 8327 1356 1209 2905 1759
 1440 7248 8160 1128 9433 7454 3381 2131 4065 4301 959 46 1242 2969 498
 8982 3329 3065 3811 3288 1899 9764 2571 5824 1855 691 9652 317 7240 5735
 7195 3757 301 7850 1583 8020 4755 1952 8444 1465 2488 6632 4369 319 994
 3460 8107 9110 3749 3723 4743 4634 268 2748 2820 4879 4454 9904 2770 9709
 1248 3124 9883 1050 1357 3490 257 3893 6027 3269 2793 2957 9035 5577 443
 7471 800 5890 1581 5083 4761 4315 4451 2508 8170 9629 7583 9879 7249 6997
 8527 605 4159 2233 3848 1433 2038 3681 7491 3062 7241 7473 1007 3762 78
 6686 827 9746 7451 4205 4427 2229 5078 4921 3583 514 528 1941 2507 1823
 1968 1444 6788 2037 671 2028 9513 7541 5973 4116 2573 2552 5556 3698 7474
 3494 6867 429 4959 8182 4187 2670 2166 7333 3186 478 4828 1159 1522 3884
 7490 915 582 4238 2224 3136 1127 241 66 62 5054 2090 6080 2204 4201 5631
 3280 552 8165 9669 1072 8091 511 781 7842 730 2690 9728 5525 3511 9560
 3829 3441 9726 6681 6784 5851 4823 3573 4857 7876 6558 4131 6611 823 213
 5183 960 6741 243 1091 9654 7689 2394 6787 3591 6643 3468 9826 2526 2305
 6894 4990 7043 7777 2668 6747 2660 7724 4230 9843 9211 4259 998 1973 3691
 2654 1107 2556 8507 951 1391 5118 4225 3833 8294 9234 5065 950 6004 9252
 3599 7553 2648 2322 7349 3818 7338 5176 4031 1039 6053 4966 184 9022 4498
 6654 1965 8408 2052 4053 5261 9031 2691 3800 7545 1896 5105 7679 7394
 4721 6905 432 8889 6990 5639 9596 3806 6886 9924 2650 486 3252 6722 6610
 4373 624 5986 1553 5209 1644 5468 7720 1157 2419 3330 1767 7779 3263 9742
 1325 3707 6037 324 3146 4511 1024 8412 1782 7445 3718 9731 84 6564 7498
 3763 712 2454 7495 1839 6759 1208 4344 7235 795 3976 7932 4967 3316 7117
 2772 4313 2739 551 2237 3456 9926 3672 791 5752 7673 9562 872 1078 2598
 5561 1229 8637 5644 2339 1033 2930 1234 6698 9986 1274 614 2201 358 1089
 8435 300 304 4293 6165 3748 5269 6577 3929 4374 9023 1587 1709 8453 7902
 9595 8416 5413 9912 3404 1092 4619 1609 3550 9626 2535 5262 4686 2342
 6571 2219 6883 9006 1735 6915 6565 7268 2961 5978 3567 125 6669 6535 5518
 3302 4487 4297 5843 4156 645 5921 4567 9538 4207 4154 1243 3033 2939 1415
 1882 3725 227 175 404 2877 1469 1247 1878 4013 992 5597 3275 7233 8244
 9749 1256 3739 1241 1584 9887 2810 3716 5985 1638 2291 4679 9680 7436
 2869 3324 9522 8545 6599 3683 1425 4180 7922 4560 7283 1893 9375 6769
 8322 2472 8102 3021 460 7220 1429 4785 9136 3772 7911 8259 3928 8362 1689
 2293 4995 4312 3967 2400 2250 6926 6871]
[7826 3751 1989 3030 542 7521 3598 619 6560 2794 8327 1356 1209 2905 1759
 7248 8160 1128 9433 7454 3381 2131 4065 4301 959 46 1242 2969 498 8982
 3329 3065 3811 3288 1899 9764 5824 1855 691 9652 7240 5735 7195 301 7850
 1583 8020 4755 1952 8444 1465 6632 4369 319 3460 8107 3749 3723 4743 4634
 268 2748 2820 4879 4454 9904 2770 9709 9883 1050 1357 3490 257 3893 6027
 9892 3269 2793 2957 9035 5577 7471 800 5890 1494 1581 5083 4761 4315 4451
 2508 8170 9629 7583 9879 7249 2699 6997 8527 605 4159 3879 2233 3848 1433
 2038 3681 7491 3062 7241 7473 1007 3762 78 6686 827 9746 7451 4205 4427
 2229 5078 4921 3583 514 528 1941 497 2507 1823 1968 1444 6788 2037 671
 926 2028 9513 2989 7588 7541 5973 4116 2573 2552 1117 5556 3698 7474 96
 3494 6867 8182 4187 2670 2166 7333 3186 478 4828 1159 266 1522 7917 3884
 3962 171 7490 915 582 4238 9781 2224 3136 7542 1127 8981 241 62 5054 6080
 2204 3305 4201 5631 3280 552 8165 7672 1072 511 7842 2063 502 2690 9728
 3710 245 6627 3511 9560 3829 2760 2198 6784 5851 3388 7876 1956 4807 4131
 823 213 8948 6741 1091 9654 7689 2394 3591 6643 3468 9826 2526 2305 6894
 4990 7043 7777 2668 9747 6747 2660 7724 9843 4259 7671 866 998 1973 3691
 2654 9783 1107 2556 8426 3448 8507 951 1391 1886 5118 4225 7597 6625 8294
 9937 9234 5065 950 6004 4086 1192 2298 3599 2648 2322 523 7349 3818 829
 7338 5176 1039 6053 4966 184 9022 4498 6654 1965 4080 8408 2052 4053 5261
 9031 2691 3800 7545 1896 5105 7679 4721 2823 6905 432 5698 6990 9552 5639
 9596 3806 6886 8272 9924 1124 486 3252 6722 6610 4373 9891 5986 1644 5468
 7720 6517 1157 1767 9168 3263 9742 1325 3707 6037 4727 1562 3146 4511
 1024 2193 1782 7445 6561 4548 2866 290 6564 7498 3763 2454 7235 795 3976
 1319 5522 3246 7332 4570 8297 9926 3672 5752 7673 9562 872 1910 7568 1078
 902 8885 3295 2930 4327 6698 222 2201 358 9651 8435 1003 4293 5269 6577
 4425 3559 1587 2771 8453 7902 8416 3475 9912 6775 1378 2515 1092 9238
 1609 3550 9626 7915 5262 2342 6883 9006 1735 4997 6692 6535 4487 4297
 4156 9634 6912 4207 4154 3033 1415 1882 2877 1247 4013 2949 5597 3275
 9749 3739 2810 2291 9834 9680 9744 6065 1125 9522 3191 8545 4180 7922
 5617 6772 9375 9173 2472 1182 2082 4011 1429 4785 4439 4435 3772 7911
 8259 8362 2293 4312 2250 4135 119 674 2049 321 22 4998 344 4552 6803 7107
 2047 717 2720 9975 9607 6304 2053 7049 2853 9217 5134 8339 4841 2116 6598
 2970 687 2470 4002 6827 6636 9941 3892 3038 9619 4746 1856 6952 1402 5981
 1977 7472 4260 7403 5691 6056 6409 3558 8481]
[7826 3751 1989 3030 542 7521 3598 619 6560 2794 8327 1356 1209 2905 1759
 1440 7248 8160 1128 9433 7454 3381 2131 4065 4301 959 46 1242 2969 498
 8982 3329 3065 3811 3288 1899 9764 2571 5824 1855 691 9652 317 7240 5735
 2748 2820 4879 4454 9904 2770 9709 1248 3124 9883 1050 1357 3490 257 3893
 6027 9892 3269 2793 2957 9035 5577 7471 800 5890 1494 1581 5083 4761 4315
 4451 2508 8170 9629 7583 9879 7249 2699 8527 605 4159 3879 2233 3848 1433
 2038 3681 7491 3062 7241 7473 3762 78 6686 827 7451 4205 4427 2229 5078
 3583 514 528 1941 1823 1968 1444 6788 2037 671 2028 4302 2989 5973 2573
 2552 1117 9535 5556 3698 3494 4187 4438 2166 478 1159 1522 3884 3962 7490
 582 4238 9781 3136 7542 1127 8981 241 66 5054 2090 6080 2204 3305 4201
 5631 3280 552 8165 9669 7672 1072 8091 511 781 7842 2063 502 730 2690
 9079 3710 5525 245 6627 3511 9560 3829 3441 3176 2760 1353 4753 4145 6681
 2198 5851 3388 7162 1212 7876 6558 1956 4807 6611 213 5183 960 4000 243
 2394 6787 3591 6391 6643 2305 6894 2668 9747 6747 2660 7724 4230 9843
 9211 4259 866 998 1973 3691 2654 2556 8426 3448 951 4225 7597 3833 6625
 8294 8095 9937 9234 5065 950 6004 9252 4086 1192 7553 2322 523 7349 3818
 829 5176 4031 1039 6053 6446 9740 184 4498 6654 1965 4080 8408 2052 4053
 5261 9031 2691 3800 7545 1896 5105 7679 7394 4721 2823 6905 432 5698 8889
 9552 5639 9596 3806 8272 9924 1124 2650 486 6722 624 9891 5986 1553 5209
 1644 5468 7720 6517 2419 3330 7779 9168 3263 9742 1325 3707 6037 324 4727
 6546 1562 3146 4511 1024 8412 7445 3718 6561 4548 2433 9731 290 340 6564
 7498 3763 712 2454 7495 1839 6759 1208 7235 795 7932 7440 4967 1319 5522
 3316 1197 3377 3246 4313 7332 2739 551 9227 4570 2237 3456 9926 5752 7673
 1328 7568 902 2598 4987 8885 3295 8637 2339 2930 6698 614 627 300 1003
 4293 3748 6577 4425 4374 9023 2413 5726 673 1587 1709 9595 3475 5413 9912
 1378 3404 6613 2535 4686 2342 6571 4740 2514 4997 6565 2961 6692 2689
 3626 4487 5843 4156 645 5921 9634 4440 3170 9538 4154 1415 1882 7238 3725
 227 175 404 1247 4013 7233 8244 1256 1241 1584 2810 8816 4056 1638 2291
 4735 9680 7436 6065 1125 3191 6599 3683 7922 9375 1429 119 674 3243 3189
 8339 4841 9479 5015 4791 4748 9773 3206 8158 2470 5642 7525 5250 1215
 7478 2979 3892 9713 1856 1402 4824 4478 2397 1310 7472 4260 8954 6400
 6512 7854 6409 3558 2398 1269 4166 739 3902 5308 1062 121 9788 5009 846
 7797 9698 4314 2445 8181 7692 464 591 991 5504 3859 9218 4536 2780 5745
 9732 8232 250 9723 1774 5165 3109 578 7976]
