FDR List:
0.6204379562043796
0.5766423357664233
0.5547445255474452
0.5766423357664233
0.6131386861313869
0.5912408759124088
0.5474452554744526
0.6131386861313869
0.5474452554744526
0.5474452554744526
Subset List:
[661 324 443 6775 6725 9606 4302 2185 4583 8982 8507 9655 9907 1404 3033
 4657 1583 2009 7454 8948 6716 6087 552 3808 3559 1855 3166 7921 9139 3989
 2430 1192 870 8160 2289 3416 2698 7248 3381 8132 6575 3723 898 3186 9629
 9651 4408 149 4205 9755 1436 515 1759 8444 8095 3280 6686 4948 9754 2925
 9700 9552 2658 1044 2611 4584 4477 429 7875 4284 9709 7541 1696 1243 4990
 4231 502 3404 4498 9925 2739 944 1198 5394 3460 542 2241 1502 1356 2358
 167 261 6390 2011 7474 3204 4419 6894 182 9666 7249 2743 1135 3838 3846
 4018 7426 8158 582 6765 2507 6530 9071 8270 257 152 9998 1874 2233 2387
 96 7473 7492 693 9016 1286 9875 4238 195 9728 2902 6940 551 3502 8144
 2574 6681 3206 2237 2429 1701 3994 8170 3623 8299 4156 577 4504 321 1644
 2697 9687 7459 877 4065 7996 3384 495 2422 9835 3884 3341 4118 2946 6659
 6788 4201 2552 9712 59 6709 8331 2825 8329 7671 7558 3769 9008 7338 7608
 1117 1115 1384 6535 3468 2099 3818 2029 4439 700 7504 6495 4301 1317 2325
 7108 9777 9793 6914 191 6643 9610 4197 8273 7210 4615 6710 2320 1778 8181
 3654 73 1447 2131 7578 3663 844 1550 1296 1954 2986 3955 5143 8469 7808
 6620 7413 6627 4726 9831 6004 2855 684 7198 7283 621 9679 1375 340 4952
 3511 9017 8276 6981 2989 1762 63 9173 3718 970 1899 1274 827 627 9626
 1961 7469 4918 1635 5413 6952 2949 7127 2778 8453 6612 9748 166 5261 4059
 7268 3811 4131 1772 4820 5892 2829 3252 8122 4577 3762 1626 4211 151 1561
 7433 1928 9539 2905 3984 9965 1732 7208 671 9827 4251 3773 4873 1748 6642
 8530 1078 6787 1259 3832 4121 7539 6008 3742 5209 9877 9005 4541 8412
 3061 624 3494 4013 3189 4316 4761 1185 4076 218 7262 7718 4461 317 8866
 9985 7468 184 7070 4257 6665 1737 213 4496 604 9752 6749 1981 5754 9168
 84 4373 2793 2063 7525 6886 8119 9316 4015 610 6867 4355 4124 5395 4108
 3631 2085 4313 4567 7724 3964 2987 7779 1176 3394 5423 2838 9880 3898
 1101 2380 8105 6537 7876 247 4690 4823 6005 226 1755 673 9735 6385 8230
 9560 3791 4071 4053 3499 9639 2159 4950 521 9045 9944 4954 7928 2263 4051
 4613 1527 7044 902 9856 6019 9676 4203 3429 4921 5984 6080 4358 3796 3263
 6142 5656 1676 6637 4400 1344 3600 9830 9342 8787 426 4481 3800 6919 433
 2732 7562 2852 878 5626 5457 4571 1655 9829 7982 1593 9107 5701 789 4202
 8735 1965 4016 4605 8280 6730 1587 1827 9782 7033 9740 2520 9954 4494
 3240 1556 2182 3521 1663 2143 4501 609 4298 4167 5654 4817 566 5719 1904
 5680 718 5054 511 7857 9817 589 9491 2224 2313 616 4745 2730 4339 3262
 8097 7628 1268 3708 1289 2037 9976 2742]
[661 324 6775 6725 9606 4302 2185 8183 4583 8982 8507 9655 9907 1404 9675
 3033 4657 7494 4634 1583 2009 7454 1641 8948 528 6716 6087 3808 3559 3166
 7921 9139 3989 2430 1192 870 8160 2289 3416 2698 7248 3381 6575 3723 898
 9629 9651 4408 149 4205 1436 515 8444 6686 4948 9754 7195 9700 9552 5083
 1044 2611 4584 5678 4477 429 4284 9709 7541 1696 4990 4231 502 3404 4498
 2739 944 1198 6593 4798 5394 3460 2241 1502 1356 2358 167 261 6390 2011
 7474 4419 6894 182 9666 7249 1135 3838 3846 4018 7426 8158 6765 2507 6530
 9071 8270 152 9998 1874 2233 96 7473 7492 693 1286 9875 4238 195 2902
 6940 551 8144 2574 2713 4560 6681 7434 3206 2237 2429 1701 3994 8170 3228
 3623 4156 6563 577 321 1644 2697 9687 7459 877 4065 3516 3384 495 5288
 2422 3884 959 1197 4118 6793 2946 4389 6659 670 9253 4201 2552 9712 699
 3448 59 6709 2825 8329 7691 7671 8003 7558 2309 2516 3769 9008 7338 7608
 1117 1115 1384 3468 4825 2099 282 1033 700 2325 7108 191 346 4197 1208
 4615 5960 1778 2584 6024 92 1550 2986 4096 8469 6620 6627 6004 2855 9679
 340 3511 9783 3329 6981 1762 970 5567 4287 7487 3133 9646 3946 1274 9626
 1914 2970 4918 1635 62 5261 4059 4131 5892 8122 5841 3762 4211 7698 151
 3106 1561 3984 9965 9883 671 2229 3773 7490 5650 3832 5209 9877 9005 4541
 8412 3494 4380 3189 4761 5720 1185 4076 218 7718 4461 184 7070 4257 6665
 1415 9636 6605 6872 4496 4452 604 9752 1981 3427 1169 6136 7713 3530 331
 5536 9168 806 1495 2129 8545 3523 4390 3176 2090 8912 9316 436 9205 4015
 6867 9768 4355 2812 4124 5395 3873 3631 6347 2863 3967 4567 7724 9747
 3964 2987 1176 3394 4293 5423 7204 9268 2312 9465 3898 1242 1101 9692
 2901 3580 3905 8301 1900 7876 247 4690 4823 6005 1755 3358 673 9735 2909
 6694 4810 6385 9560 1462 4071 4558 1912 4863 9639 2159 121 2003 4950 521
 5335 6453 9944 523 4954 3738 3880 7928 2263 6740 4051 6552 1501 1618 1721
 6599 968 8151 3840 1527 7044 902 9856 2351 3859 6019 2250 9779 8816 3429
 4921 5984 193 9252 8361 2095 8357 3128 7545 9346 6598 4358 3796 6142 5656
 9833 9656 5164 9893 6637 613 4400 3600 2134 9830 2913 8787 426 4481 1833
 3800 3839 7416 433 6755 8184 7562 5626 3023 5457 8142 7194 9013 9349 4294
 4434 8000 9915 8236 4736 4737 2163 2853 7971 2879 2964 1216 1253 8392
 4310 1355 2400 1596 8318 9914 7130 6154 7519 479 6178 3086 8382 2202 8314
 760 3737 1474 7805 3568 4907 5803 3324 6967 3509 9073 6021 3954 6020 1221
 533 9742 7505 1993 5701 789 4202 8735 1965 4605 6730 9863 9954 3240 1556
 2182 1663 300 4501 609 4167 5654 8667]
[6593 4798 5394 3460 542 2241 1502 1356 2358 167 261 6390 2011 7474 3204
 4419 6894 182 9666 7249 2743 1135 3838 3846 4018 7426 8158 582 6765 2507
 6530 9071 8270 257 152 9998 1874 2233 2387 96 7473 7492 693 9016 1286
 9875 4238 195 9728 2902 3502 8144 2574 9832 2713 4560 6681 7434 3206 2237
 1701 3994 8170 3228 3623 8299 577 4504 1644 3516 9835 6744 3884 3341 4118
 2946 6659 4201 9712 59 6709 2825 7671 2309 3769 7338 7608 1115 6535 4825
 1033 7504 4301 1317 2325 5468 9793 6914 191 346 1208 1007 8445 4011 5960
 2584 7578 3855 844 6990 1550 4096 5143 4212 6620 7413 6627 2855 684 7198
 7283 9679 4952 9783 5262 2815 1762 7489 4287 3133 5183 827 5409 2305 6952
 4254 2778 6612 9748 4059 7268 6617 1772 2093 2829 1626 1933 4782 3106
 2297 1928 2905 9883 4849 7208 9827 3773 4873 2408 7490 8530 1078 1259
 5650 5209 4541 1584 3061 4761 4031 4076 8866 6665 1415 1737 9636 213 9752
 3154 5754 837 7713 3530 5536 882 84 4373 8912 436 7809 9205 610 6867 4355
 3631 4313 7090 7724 7779 5423 2838 9268 9880 3898 1234 4063 6537 2909
 4810 8230 8353 4071 4053 7649 4863 9639 4950 521 5335 6453 9045 523 6552
 1501 6599 968 9856 3859 2250 3429 4921 9924 8357 3128 9346 9656 115 613
 4400 9830 6065 2913 601 1833 3800 433 2732 7562 2852 878 3095 3023 4571
 7194 9013 5617 4434 8000 1842 2246 4737 7391 2163 4777 7971 7430 6831
 5967 4310 2400 8442 4449 8318 5769 1464 6780 530 2199 3259 3086 8227 1004
 4297 8382 2202 6813 7552 3737 8322 6403 3246 9228 6414 7030 5075 5561
 6597 5586 1237 9073 7143 3954 6020 1221 1993 4744 1593 9107 5701 7211
 8735 1965 9782 7033 9740 9863 9954 2182 1956 3521 300 609 4298 566 5680
 5955 2191 9203 5054 8218 1894 403 9478 589 7220 4339 9338 4812 3262 5192
 2818 1268 6420 778 547 3708 2637 9255 6558 8722 3153 6608 2018 8293 2445
 7856 6803 3440 9749 714 7094 3251 4890 9217 5547 2685 1866 4876 7207 1241
 5683 4114 4037 8081 5138 5874 1423 2670 2653 1303 6915 7047 4573 7573
 7134 3540 7947 5364 3544 2903 8773 8143 5910 5981 7271 2274 1511 8467
 2476 1636 8705 7509 3185 2799 9266 214 7536 5167 3578 1401 4685 6282 7446
 3609 3710 64 2479 6052 5160 9274 8377 4217 3536 2629 41 823 2952 7639
 4775 5203 2370 7719 7399 451 8351 6484 8965 4646 7868 9437 1876 7743 854
 9059 3027 4994 7547 2602 4387 5071 4587 7631 6536 7031 67 2084 5759 5610
 4458 26 3192 5039 2843 2483 8214 3919 1108 267 2787 4622 3554 4668 6497
 6050 9704 3274 9072 4328 2405 1174 6419 848 4524 8693 6862 6356 4006 8720
 5732 5810 337 8902 3016 6963 7149 5761 3306 413 2638 3668]
[661 324 443 6775 6725 9606 4302 2571 2185 8183 4583 5134 8982 8507 9655
 9907 1404 9675 3033 4657 7494 4634 1583 2009 7454 1641 8948 528 6716 6087
 552 3808 3559 1855 3166 7921 9139 3989 2430 1192 870 8160 3416 2698 7248
 3381 8132 6575 3723 898 3186 9629 9651 4205 9755 1436 515 1759 8444 8095
 3280 4948 9754 2925 7195 9700 9552 2658 5083 1044 2611 4584 5678 4477 429
 7875 4284 9709 7541 1696 1243 4990 4231 502 4498 9925 2739 944 1198 6593
 4798 3460 7249 2743 1135 3838 3846 4018 7426 8158 582 6765 2507 6530 9071
 8270 257 152 9998 1874 2233 2387 96 7473 7492 9016 1286 9875 4238 195
 2902 6940 551 3502 2574 9832 2713 4560 3206 2237 2429 1701 3994 8170 3228
 3623 4156 6563 577 4504 321 2697 9687 7459 877 4065 1968 3516 7996 3384
 495 5288 2422 9835 6744 3884 3341 959 1197 4118 6793 2946 6659 670 6788
 9253 4201 2552 6542 9712 699 3448 59 6709 7691 7671 8003 7558 2309 2516
 605 3769 9008 7338 7608 1117 1115 1384 6535 4825 2099 282 1033 4439 700
 7504 6495 4301 1317 514 2325 7108 5468 9777 3555 9793 6914 6643 9610 346
 4197 1208 8273 7210 2065 9970 8445 4857 4615 4011 5960 2320 1778 8181
 1901 7574 3654 2584 73 1447 6024 92 7578 3855 844 1550 1296 1954 2986
 3955 4096 5143 1093 8469 7808 4212 6620 7413 6627 4726 9831 6004 684 7198
 7283 621 9679 1375 340 4081 3511 9017 5262 7874 3329 8276 2815 6981 2989
 1762 9173 3718 7049 970 5567 3688 1267 7487 5409 994 9626 1914 2970 7469
 1635 5413 6952 7735 7127 2778 62 1308 9739 5261 4059 7268 6617 3811 4131
 1772 4820 8122 5841 3102 1072 3762 1173 4211 7698 1933 6768 1928 9539
 2905 9290 3984 344 9965 9883 4849 4177 1732 7208 671 2229 498 9827 3773
 4873 1748 7490 2414 8530 1078 6787 7106 5650 3832 7539 3742 5209 1493
 9877 9005 4541 8412 4888 624 3494 4380 4013 3189 4316 4761 4031 1185 218
 7262 7718 8866 9985 7468 874 935 7070 4257 6665 9636 6605 213 4452 604
 9752 3154 3427 5754 1169 6136 837 7713 331 882 84 3523 4390 2090 9316
 1757 436 610 6867 3873 5038 2085 3534 6347 3112 7090 2863 3967 3089 7724
 7779 3394 5423 7204 9268 1178 1101 2380 3905 8105 4063 6537 8092 1900 968
 4358 8279 9830 7451 7982 6813 7552 1474 1886 3246 846 6414 4152 1472 5561
 3324 4239 4440 7143 6020 366 1593 8735 4016 6730 1827 1956 4501 1904 386
 5054 511 1894 9817 9478 6573 4176 7220 2145 8097 7628 9607 2797 1268 778
 1289 2720 1595 8722 3153 6608 2445 6803 7164 3440 4878 9217 6996 1866
 9813 2537 8324 4876 1241 828 2268 6471 7493 4963 5102 5677 1383 6657 6650
 8002 4519 8037 7951 4321 3592 2644 9027 8480]
[661 324 443 6775 6725 9606 4302 2571 2185 8183 4583 5134 7454 1641 8948
 528 6716 6087 552 3808 1855 3166 7921 9139 3989 2430 1192 870 8160 2289
 3416 2698 7248 3381 8132 6575 3723 898 3186 9629 9651 4408 149 4205 9755
 1436 515 1759 8444 8095 3280 6686 4948 9754 2925 7195 9700 9552 2658 5083
 1044 2611 4584 5678 4477 429 7875 9709 7541 1696 1243 4990 502 4498 9925
 2739 944 1198 6593 4798 5394 3460 542 2241 1502 1356 2358 167 261 6390
 2011 7474 3204 4419 182 9666 7249 2743 1135 3838 3846 4018 7426 8158 582
 6765 2507 6530 8270 257 152 9998 2233 2387 96 7473 7492 693 9016 1286
 9875 4238 195 9728 2902 6940 551 3502 8144 2574 9832 2713 4560 6681 7434
 3206 2237 2429 1701 3994 8170 3228 3623 8299 4156 6563 577 4504 321 1644
 2697 9687 7459 5011 1968 7996 3384 495 5288 9835 6744 3884 3341 1197 4389
 6659 670 4201 9712 699 59 8329 7691 8003 7558 2309 9008 1384 3468 4825
 2099 282 3818 1033 2029 4439 700 7504 6495 4301 1317 514 2325 5468 9777
 3555 9793 6914 191 6643 9610 346 4197 1208 1007 8273 7210 2065 9970 8445
 4857 4615 6710 5960 2320 1778 8181 1901 7574 3654 73 1447 2131 3855 3663
 844 6990 1550 1296 1954 2986 1093 8469 7808 6620 7413 6627 9831 6004 2855
 684 7198 7283 621 9679 4952 4081 9017 5262 7874 3329 8276 6981 2989 936
 3718 970 5567 3688 1267 7489 7487 1899 1274 5183 827 994 1142 2305 9626
 1914 2970 1635 5413 2219 4755 2949 7735 7127 2778 1308 8453 9748 5261
 4059 6617 3811 4131 1772 4820 2829 3252 8122 5841 3102 1072 4577 3762
 1173 4211 7698 1933 4782 6768 1928 9539 9290 9965 9883 2038 4177 2420
 7208 2229 325 9827 4251 2408 1748 7490 6642 2414 8530 1078 6787 3832 4121
 7539 6008 9877 9005 4541 7361 4888 1584 3046 3061 624 4316 5720 1185 1052
 218 7262 4461 317 9985 7070 4257 6665 1737 6872 213 4496 4452 604 3154
 1981 3427 5754 1169 6136 837 7713 3530 331 5536 9168 829 9708 4373 806
 2793 1495 2129 8545 3523 4390 7525 6886 8119 3176 8912 436 7809 9205 4015
 610 1878 6867 9768 4355 2812 4124 5395 4108 4171 5038 3534 3112 7090 2863
 3967 4567 774 3089 3964 2987 7779 1176 5423 9268 2312 9465 1178 3898 1242
 1101 1234 9692 2901 3580 8105 8301 4063 6537 8092 247 3636 4823 226 8232
 3358 673 5300 2909 6694 4692 4753 4810 6385 8230 9560 3791 4558 1912 4863
 2159 9237 121 4950 5335 6453 4954 7928 2341 1721 1527 902 2351 3859 6019
 9676 2250 3344 9779 2149 9924 3128 6598 8279 613 2134 2913 3483 2964 7130
 7982 5803 7043 2937 7505 1993 4744 4080 366 1593 9107 789 1965 4016 6730
 9782 7033 3240 1556 1956 3521 2730 2476]
[661 324 443 6775 6725 9606 4302 2571 2185 8183 4583 5134 8982 8507 9655
 1404 3033 4657 4634 1583 2009 7454 8948 528 6087 552 3808 3559 1855 3166
 7921 2430 1192 870 8160 3416 2698 7248 8132 6575 3723 898 3186 9629 9651
 4408 149 4205 9755 1436 515 1759 8444 8095 3280 6686 4948 9754 2925 7195
 9700 9552 2658 5083 1044 2611 4584 5678 4477 429 7875 4284 9709 7541 1696
 1243 4990 4231 502 3404 4498 9925 2739 944 1198 6593 4798 5394 3460 542
 2241 1502 1356 2358 261 6390 2011 7474 6894 182 9666 7249 2743 1135 3838
 3846 4018 8158 582 6765 2507 6530 9071 8270 257 152 9998 1874 2233 2387
 96 7473 7492 693 9016 1286 9875 4238 195 9728 551 3502 8144 2574 4560
 6681 7434 3206 2237 2429 1701 3994 8170 3228 3623 4156 6563 577 4504 321
 1644 2697 9687 877 4065 5011 1968 3516 7996 3384 495 2422 9835 6744 3884
 1197 4118 670 6788 4201 6542 3448 59 6709 8331 2825 8329 7691 2309 605
 3769 7338 1117 1115 1384 6535 4825 3558 282 3818 1033 2029 4439 700 1317
 514 7108 5468 9777 3555 191 9610 4197 1208 7210 9970 8445 4857 4615 6710
 5960 8181 7574 73 1447 2131 6024 92 3855 3663 844 6990 1550 1954 3955
 4096 5143 1093 7808 4212 6620 7413 6627 4726 9831 684 7198 7283 621 9679
 4952 4081 3511 9783 9017 5262 7874 3329 8276 936 63 9173 3718 970 5567
 1933 6008 3742 5209 9005 4541 8412 4888 1584 3061 624 3494 4380 4013 3189
 4316 4761 5720 1185 4076 1052 218 7718 4461 317 184 935 4257 6665 1737
 6872 9752 6749 3154 1169 837 7713 331 882 84 806 2793 1495 2129 3523 2063
 8912 9316 1757 9205 4015 1878 2812 5395 4108 3873 3631 4171 5038 4313
 2863 3988 4567 774 3089 7724 3964 7779 1176 3394 4293 7204 266 9880 3898
 2901 8105 4063 6537 1900 7876 4690 4823 226 8232 673 6312 4692 6385 9560
 8353 1462 4053 7649 4863 9237 5335 9944 523 4954 3738 3880 7928 2263 6740
 4051 6552 1501 1618 1721 6599 1527 7044 7055 2351 7858 3344 9779 8012
 3429 5984 3302 193 9506 9536 9346 3796 3263 9833 5164 1676 613 1344 2134
 9830 9932 1833 3800 1851 6755 2732 9553 878 5457 4571 1655 4434 8236 726
 2456 4737 7391 2163 4777 7971 7430 277 1216 982 428 4310 1355 8504 950
 2400 3339 8442 8318 3727 9208 234 6392 842 2199 8382 7982 6813 7552 3737
 6414 5561 125 1077 6597 2121 4630 4410 3954 6020 1221 2937 533 7505 1993
 1593 9107 789 4202 1965 4605 8280 9954 3240 3521 4501 4298 5719 5955 2191
 9203 2342 7857 9478 4176 9491 2313 4745 2730 2145 8097 7628 6458 1268 778
 6632 6558 6393 2018 2445 7856 7164 4878 4896 5547 2685 6664 9730 893 3896
 4127 1291 2906 7189 1049 1194]
[661 324 443 6775 6725 9606 4302 2571 2185 8183 4583 5134 8982 9655 9907
 1404 9675 3033 4657 4634 1583 2009 7454 1641 8948 528 6716 6087 552 3808
 3559 1855 3166 7921 3989 2430 1192 870 8160 3416 2698 7248 3381 6575 3723
 898 3186 9629 9651 4408 149 4205 9755 1436 515 1759 8444 8095 6686 4948
 9754 2925 7195 9700 9552 2658 5083 1044 2611 5678 429 7875 4284 9709 7541
 1696 1243 4990 4231 502 3404 9925 2739 6593 5394 3460 2241 1356 2358 167
 261 6390 2011 7474 3204 6894 182 9666 7249 2743 1135 3846 4018 7426 8158
 582 6765 6530 9071 8270 257 152 9998 1874 96 7473 7492 693 9016 1286 9875
 4238 195 9728 2902 6940 3502 8144 2574 9832 2713 4560 6681 7434 3206 1701
 3994 8170 3228 3623 8299 4156 6563 4504 321 1644 2697 7459 877 4065 3516
 7996 3384 495 5288 2422 9835 6744 3341 959 4118 6793 4389 6788 2552 6542
 699 3448 6709 8331 2825 8329 7671 8003 7558 605 7338 7608 1115 1384 6535
 3468 4825 2099 3558 282 1033 2029 4439 6495 4301 1317 514 2325 7108 5468
 3555 9793 6914 6643 1208 1007 8273 7210 8445 4615 4011 6710 5960 2320
 1778 8181 1901 7574 73 2131 6024 3855 3663 844 1550 1296 1954 2986 3955
 5143 1093 8469 4212 6620 7413 6627 4726 2855 1308 8453 6612 9739 9748 166
 5261 6617 3811 4131 4820 2093 5892 2829 3252 8122 3102 1072 4577 3762
 1173 4211 7698 1933 6768 2297 1561 1928 9539 2905 9290 3984 344 9965 9883
 4849 4177 2420 1732 7208 498 325 9827 3773 4873 2408 1748 6642 2414 8530
 1078 6787 7106 795 3832 4121 7539 6008 3742 5209 1493 4541 7361 8412 4888
 1584 3061 624 3189 4761 4031 1185 4076 218 7262 317 9985 7468 874 184 935
 7070 6665 9752 837 3530 9168 829 84 4373 1495 2063 6886 8119 8912 9316
 436 610 9768 4108 3873 3631 5038 2085 6347 3112 7090 2863 4567 7724 3964
 7779 3394 5423 2312 9465 1178 266 9880 3898 1242 1101 3580 8105 8301 6537
 8092 7876 247 4690 6005 3358 673 9735 2909 6312 6694 4810 3791 1462 4071
 4558 4053 7649 9639 9237 562 121 2003 4950 521 9944 523 4954 3738 7928
 2263 6740 1501 1618 4613 1721 6599 968 8151 1527 7044 902 2351 6019 2250
 8012 3429 4921 5984 7731 8361 6080 8357 8536 6598 4358 3263 6142 5656
 9893 8279 1676 613 4400 3600 2134 9830 9932 6065 9342 426 4481 7416 1851
 433 6755 7562 2852 878 5626 3023 5457 4571 8142 290 9013 9422 9349 4997
 4294 8405 726 4736 2456 4737 2163 2853 7971 7430 3483 6831 2964 277 1216
 982 2856 349 1253 8392 428 2447 5126 4310 1355 950 3339 4449 5769 3727
 9914 9901 1464 9208 6780 7130 9769 3349 6392 6154 530 2271 6178 3571 9955
 1004 8382 6813 760 3737 8676]
[2063 2065 4118 8218 6178 4131 8227 2093 2099 4152 59 4156 62 63 4165 4167
 4176 2129 2131 8276 84 8280 92 2143 2145 2149 4201 8301 110 4205 4211 115
 8314 8322 2179 4231 8329 2185 8331 4238 4239 2191 149 151 152 6136 4257
 8353 166 8361 2229 182 2233 4284 2237 193 2241 195 4293 8392 4297 4298
 4302 213 2263 218 4316 2269 2271 234 6385 241 2289 6390 2297 8442 8444
 257 2305 2309 8453 2313 2320 6420 2325 8469 4375 4389 2341 2342 4400 6453
 2358 4408 6458 8507 317 4419 324 325 331 2380 4431 2387 344 4440 2400
 8545 4449 4452 4461 2414 366 2420 2422 2429 2430 4477 386 6535 6542 2447
 4498 403 412 6558 6573 429 6575 443 6597 6599 4558 4560 6620 4583 6632
 4584 502 4605 515 4613 6665 523 2571 2574 528 8722 533 4630 536 6681 4634
 6686 547 6694 551 552 4657 562 2611 6709 566 6716 577 6725 6730 2637 604
 605 609 610 6755 2658 613 616 624 8816 627 6775 4737 4744 2697 6793 2698
 4749 661 2713 4761 670 671 8866 2730 684 4782 2739 693 2743 699 4798 4812
 718 8912 4820 4823 6872 4825 2778 6894 8948 4857 761 6919 2829 789 8982
 795 6940 2855 6952 4907 9005 4918 6981 837 844 846 4948 4952 2905 870 877
 2925 7033 4990 2946 7043 7044 2949 4997 898 7049 2970 935 2986 2989 944
 9139 5054 959 5075 9173 3033 7130 990 7143 1004 9203 1033 5134 1044 5143
 7195 7198 3102 7204 9253 7208 3112 7210 7211 1072 9268 1077 3133 1093
 1101 7248 7249 3154 1115 1117 3166 1135 3186 7283 3189 9338 9346 3204
 3206 5262 1169 5268 3228 5288 1192 7338 1197 1208 3262 9422 3280 1259
 1267 1268 7413 1274 1286 9478 1289 3341 1296 3344 5394 7451 1308 7454
 9506 7459 1317 5413 7469 3381 3384 7487 7489 7494 3404 1356 7504 5457
 9552 9560 3416 7525 3429 3432 7541 3448 1404 3460 7558 1415 9606 7574
 1436 9629 9636 9639 3502 9646 9651 3511 9656 5561 9655 3516 5567 3521
 9666 3523 3530 5579 9676 7628 9675 9679 9687 9692 9693 9700 3558 3559
 9709 3568 5617 3571 1527 9728 7691 9739 1550 5650 1556 5654 1561 9754
 9755 7713 3623 5678 3631 1584 1583 1587 9782 9783 7735 1593 9793 5701
 3654 3663 9814 5719 5720 9817 1626 9829 9832 1641 9835 9843 3705 3708
 7805 1663 7808 9856 9863 3723 1676 3727 9875 9877 3737 9883 1696 1701
 5803 5805 7857 3762 9907 3769 3773 1732 7876 9925 5841 3796 1748 1759
 3808 9954 1772 9965 7921 9970 3832 3836 3838 5892 9998 3855 7982 1842
 7996 1855 3905 8003 5955 5960 1874 5984 1899 1900 6004 6008 6020 6021
 1928 3989 8095 8097 1954 1961 4011 4013 1965 1968 4018 8119 1979 8132
 6087 8144 2009 4059 2011 4063 8160 8170 4076 8181 2038 8183 8184 6227]
[4096 2049 2050 4108 2063 4118 4124 2085 2090 2093 2095 2099 4152 59 4156
 63 4165 4167 2121 73 8270 8273 4177 2129 8276 8279 8280 2143 96 2149 8299
 2159 115 8314 2179 2182 4231 2185 8329 8331 4238 149 151 152 4254 4257
 167 6312 8361 182 184 2233 4284 2237 8382 4287 2241 195 4293 4294 4302
 8405 213 2263 4313 218 8412 2269 234 2289 241 6390 247 6392 8445 257 4355
 261 2309 8453 6414 4373 4389 4390 6453 2358 8507 317 321 4419 324 4431
 4434 2387 340 8530 4440 6495 2400 4449 2414 2420 2422 4477 2429 4481 6530
 4494 6542 4498 2456 6553 4504 6563 428 6575 433 4541 6593 6597 6599 2507
 4556 4560 2520 6620 479 6627 4583 4584 491 495 502 4605 514 6665 2571 523
 2574 528 533 4630 6681 4634 542 8735 6694 551 552 4657 6709 6716 577 6725
 582 8787 6744 604 2658 6755 610 613 6765 621 624 4726 6775 4731 4736 6787
 6788 2697 2698 6793 4755 661 2713 671 684 6831 2739 693 2743 700 4798 707
 726 4823 6872 2793 6894 4849 8948 760 761 2812 4863 2815 6914 774 2825
 4873 789 8982 2838 4888 6940 806 9008 9013 9016 9017 6981 846 2901 9045
 2905 2913 870 872 2925 878 9071 9073 7030 2937 4990 898 7043 2946 4997
 7055 9107 2964 5011 2970 7070 935 2986 2987 5038 944 9139 950 959 7106
 968 970 9173 982 7127 3033 7130 5083 9208 5126 1033 9228 5134 3089 1044
 3095 5143 7194 7195 3106 7204 9252 9253 7208 7211 9268 1078 3128 1093
 7248 7249 5209 3166 7262 7268 9316 3176 1135 3186 3189 1142 9342 3204
 9349 3206 5268 1173 3228 1185 1192 7338 1197 3246 1198 3259 3263 1216
 7361 3266 1221 9422 1237 5335 1243 1253 3302 1267 7416 9465 3324 3329
 7426 7430 1286 7434 3339 3341 5394 3349 7454 5409 9506 7468 7473 7474
 3381 3384 1344 7490 9539 7492 7494 1355 3404 1356 9552 5457 7505 3416
 7519 3432 7539 7541 1404 7552 3460 9606 1415 7562 9610 7574 3483 9629
 5536 9636 9639 1447 3502 9651 1462 9655 9656 3516 9666 9675 9676 9679
 9687 9692 1502 9700 3559 9709 9712 7671 5626 9728 9739 1550 3600 9752
 7713 3623 3626 1583 3631 1587 9782 7735 1593 1596 5701 3663 1618 1626
 1635 9827 9830 9831 9835 1644 9843 1655 5754 7805 7808 5769 9875 9877
 9883 3742 1696 9893 1701 5803 9901 7858 9907 1721 9914 3769 3773 7875
 1732 9925 9932 3796 1748 9944 1757 3808 9955 3811 3818 1772 7921 1778
 3832 3838 5892 3846 9998 3855 3859 3873 3880 1833 3884 7982 7988 3898
 1851 7996 8000 3905 1874 5984 3946 1900 1912 6020 6024 1933 3984 3989
 1943 3994 8092 6044 1954 8105 4011 1965 4013 4018 1981 4031 6087 8144
 8151 2009 2011 4059 8158 8160 8170 4076 2029 8181 8183 8184 8233 4164
 7853]
[661 324 443 6775 6725 9606 4302 2571 2185 8183 4583 5134 8982 8507 9655
 9907 1404 9675 3033 4657 7494 4634 1583 2009 7454 1641 8948 528 6716 6087
 552 3808 3559 1855 3166 7921 9139 3989 2430 1192 870 8160 2289 2698 7248
 3381 8132 6575 3723 3186 9629 9651 4205 1759 8095 3280 6686 4948 9754
 2925 7195 9552 2658 5083 1044 2611 4584 4477 429 4284 9709 7541 1696 4990
 4231 502 3404 4498 9925 2739 1198 6593 4798 5394 3460 542 2241 2358 167
 261 6390 2011 4419 6894 182 9666 7249 2743 1135 3838 3846 4018 7426 8158
 6765 2507 6530 9071 8270 257 152 1874 2233 2387 96 7473 7492 693 9016
 1286 9875 4238 195 2902 6940 551 3502 2574 9832 2713 4560 6681 7434 2237
 2429 3994 3228 3623 8299 6563 4504 321 1644 2697 9687 877 4065 5011 1968
 3516 3384 495 5288 2422 9835 6744 3341 959 1197 4118 2946 4389 670 6788
 9253 4201 2552 6542 699 59 6709 8331 2825 8329 7691 8003 7558 2309 2516
 605 9008 7338 1117 1115 1384 6535 3468 4825 2099 3558 282 3818 1033 2029
 4439 700 7504 6495 4301 1317 514 2325 5468 3555 6914 191 6643 9610 1208
 8273 9970 8445 4011 6710 1901 1447 6024 92 3663 6990 1296 1954 2986 3955
 1093 8469 6620 7413 4726 9831 2855 684 4952 4081 3511 7874 8276 2815 2989
 1762 63 9173 970 3688 1267 7489 1899 9646 3946 1274 5409 1142 1914 7469
 1635 5413 6952 4755 7735 62 1308 9739 9748 5261 4059 7268 4131 4820 2093
 3252 4577 3762 1933 4782 3106 2297 1561 7433 1928 9539 3984 344 9883 4177
 2420 1732 7208 2229 325 9827 4251 3773 4873 2408 1748 7490 8530 1078 6787
 7106 1259 5650 4121 3742 5209 1493 7361 8412 4888 3061 4013 4761 5720
 4031 1185 7718 4461 317 9985 874 4257 1737 9636 6605 6872 4496 4452 6749
 1981 3427 837 3530 5536 829 84 806 1495 3523 4390 2063 7525 8119 3176
 8912 436 610 1878 9768 4355 2812 4124 3873 3631 4171 5038 3534 4313 872
 4567 774 3394 4293 5423 9268 2312 9465 266 3898 9692 4063 6537 7876 4690
 3636 8232 1755 9735 5300 2909 6312 4692 4753 6385 9560 4071 2159 2003
 4950 521 4613 1721 968 3840 1527 7044 902 3859 7858 4203 3302 9924 7731
 6080 3128 7545 6598 4358 3796 3263 115 8279 6637 613 1344 3600 2134 6065
 9342 8787 5268 1833 7416 433 2732 8184 7562 2852 3095 5457 4571 7194 290
 9349 707 4294 4434 1842 9915 726 7391 6553 4777 5967 2879 1216 982 2856
 8392 428 5126 1355 950 2400 3339 8442 5769 3727 3349 6154 842 479 3259
 7451 2202 6813 1474 6403 846 4907 4431 4440 3509 4630 533 9742 366 1593
 4016 4494 3521 2049 4501 1861 4817 566 5680 5955 9203 2342 536 1894 6573
 4176 6973 4745 3836 9338 8835 1289 3086]
