FDR List:
0.5743243243243243
0.46621621621621623
0.5675675675675675
0.40540540540540543
0.5608108108108109
0.5135135135135135
0.19594594594594594
0.5202702702702703
0.527027027027027
0.49324324324324326
Subset List:
[4099 4 8195 8198 4108 2061 2060 6159 2064 4109 8204 23 8216 2077 32 8224
 6176 8225 40 45 6193 55 56 8250 4155 76 77 8273 8278 4185 8281 2141 8287
 8288 4194 8291 8294 8295 4201 6250 8301 8304 8316 2178 8326 2190 8337
 4242 4254 159 4256 6307 8358 172 8369 180 2234 8385 4310 2267 8412 2270
 225 4329 8425 239 2289 8435 4342 8439 8448 4360 265 2316 4370 8475 4381
 8481 8493 8500 2358 6468 8521 8523 6475 8531 343 8537 4444 8540 6496 4454
 4456 2416 8566 2426 379 8571 8579 8581 8583 2440 8585 6543 402 8600 4506
 8608 8609 6562 432 8634 6588 8636 8638 447 8640 4545 6594 8639 2514 466
 4568 6619 2524 6621 8678 8680 8685 8691 2557 8702 6655 8704 8706 2563
 8711 8713 2573 2574 527 4622 529 8718 6673 6678 2587 8734 6690 8746 555
 8748 4664 2619 8766 6719 2624 4674 580 8773 581 8775 586 4686 8784 6736
 4695 8795 8796 4708 8811 2669 4718 4719 4720 6769 6772 6775 6788 8845
 2704 657 8848 8853 4764 8864 4774 4778 6837 2751 4801 2759 6860 8915 6870
 4826 4827 4828 4835 8935 6898 2809 6912 2821 8968 781 782 4877 4880 2836
 2845 2856 808 6970 6972 836 839 4936 2897 851 2907 7013 876 4981 9085 897
 2954 7055 7056 7061 944 9143 952 7102 3007 964 7112 7129 7130 991 3045
 9194 7147 3052 5105 5118 9216 5124 9223 7184 9238 3096 9242 3105 7206
 1082 3142 5194 5197 7250 5205 9306 5211 9313 9317 9318 3175 9320 7273
 1131 7294 7296 5248 9349 7305 5258 3212 9357 3213 3214 9361 1169 3232
 1190 3241 1201 9397 5303 7353 1210 9404 5309 1214 5313 7363 9416 7368
 7371 9420 5327 1234 5330 9430 5336 9439 5347 9443 9448 9450 7403 9453
 7423 9482 3359 7466 5422 5423 9521 1332 3383 5432 7483 9532 9543 7499
 9553 3411 1370 1376 9568 5478 9577 1389 1400 9596 5502 3457 3462 7559
 7561 5516 9616 3481 7578 3490 1445 9648 5556 7605 5562 5578 9677 5587
 1497 9695 1505 7673 5631 3586 5647 1551 5654 7707 1565 1570 3620 9770
 9772 1581 5679 1588 7733 7735 3639 7743 1604 1605 5700 7753 9801 5708
 9805 9813 9814 3674 9827 3686 9832 7789 3696 1649 1653 1655 9848 7800
 7801 5751 3708 1670 7815 7821 9873 7827 1688 9880 3738 7841 5800 5802
 3759 1711 7859 7865 5818 5817 5820 7870 1730 3779 5826 5833 9931 9933
 7886 5843 7893 1754 3804 3816 7914 9969 3837 9989 5895 7947 3860 5926
 5927 3880 1844 5941 5949 8001 8005 8012 3923 3924 8020 8026 3935 8038
 8050 8069 3974 8081 1942 8096 1967 8113 8127 6085 1991 8136 8145 2003
 8151 8153 4067 2031 8182 4087 2042 6139 8191 7946 9229 6933 7962 9116
 6173 9373 165 7849 2225 6583 7224 1211 828 8893 705 5699 452 591 4063
 1122 7146 3179 3818 7925 3067]
[9813 4155 1565 9317 3924 4456 8481 8358 5949 1389 1991 8775 2759 4828 964
 3759 2954 3804 7371 4194 4185 7753 2907 6250 1570 1688 1214 1605 6837
 8845 2514 1653 7056 7561 3052 7578 3696 5309 5941 9848 3457 2669 265 7206
 8385 5336 447 2573 836 8145 6678 781 2416 1604 4454 1730 4381 8069 8864
 7363 1670 4801 1131 9596 2574 9357 2031 8935 8711 8153 4256 1711 1201
 9677 2821 9420 3045 7061 3923 1370 7605 32 9361 5105 7870 5895 2358 3880
 7735 6588 4719 2234 8224 3142 239 8853 3738 1581 4108 9450 5258 4370 3359
 4201 9814 4936 8583 9801 527 5926 7423 9553 4774 4444 8012 8784 5118 4568
 8287 4067 432 3686 9416 9832 6970 7859 3974 2064 2178 76 6468 5631 9404
 1332 2845 7800 7801 6176 5205 8678 7130 1655 5313 1234 4720 7821 782 5700
 8493 343 7055 876 5578 6496 7250 5647 159 944 7483 3935 1497 4506 8096
 8020 7305 6860 9320 4835 5211 897 5587 2524 40 657 9242 5833 851 6085
 9482 2751 402 4877 3490 5751 3860 1551 8026 2563 2897 1754 8773 4310 9989
 3674 3241 9439 8915 2289 8278 9313 2836 7129 379 2003 7886 3212 5679 6870
 6912 2856 5124 7112 4718 9143 7184 1942 4764 172 2270 6957 6952 6948 6943
 6940 6936 6933 6920 6903 6901 6887 6880 6875 6871 6868 6861 6845 6831
 6826 6825 6822 6821 6820 6805 6800 6786 6783 6754 6748 6741 6730 6729
 6728 6727 6726 6707 6682 6673 6661 6656 6654 6653 6652 6641 6633 6631
 6616 6607 6587 6582 6578 6577 6576 6574 6567 6557 6539 6537 6532 6497
 6493 6485 6450 6448 6443 6441 6400 6398 6384 6380 6377 6371 6365 6343
 6321 6320 6318 6311 6309 6299 6296 6285 6283 6279 6274 6273 6241 6228
 6204 6203 6184 6178 6173 6149 6147 6142 6137 6115 6099 6093 6089 6082
 6079 6078 6065 6060 6044 6036 6019 6011 5996 5995 5993 5987 5985 5970
 5963 5908 5906 5901 5885 5874 5862 5853 5849 5847 5845 5831 5823 5812
 5799 5795 5794 5780 5777 5771 5761 5759 5755 5746 5741 5738 5734 5733
 5715 5714 5702 5697 5696 5692 5682 5675 5674 5670 5663 5661 5655 5651
 5635 5629 5621 5613 5606 5604 5572 5567 5562 5560 5555 5553 5552 5544
 5534 5521 5519 5507 5503 5499 5498 5491 5489 5488 5480 5460 5447 5442
 5441 5421 5417 5414 5394 5393 5352 5337 5330 5326 5322 5317 5315 5305
 5291 5272 5261 5257 5218 5212 5208 5206 5191 5189 5184 5173 5171 5161
 5158 5154 5146 5134 5109 5085 5083 5080 5059 4993 4987 4986 4973 4967
 4962 4956 4935 4934 4933 4932 4931 4929 4928 4919 4914 4911 4907 4902
 4892 4876 4874 4869 4867 4863 4862 4860 4847 4846 4833 4803 4790 4777
 4770 4767 4741 4740 4737 4723 4701 4670 4669 4663 4647 4641 4639 4629
 4625 4620 4615 4611 4591 4583 4566 4563 4561 4557 4548]
[8193 4108 2061 6159 2064 23 2077 32 8224 6176 4134 40 45 6193 56 4155 76
 77 8278 4185 8281 4189 2141 8287 4194 6245 8294 4201 6250 2178 4242 159
 4256 6307 8358 172 8369 180 2234 8385 4310 2270 225 4329 233 239 2289
 4342 265 2316 4370 4381 8481 8493 2358 4406 6468 6469 343 4444 6496 8549
 4454 4456 366 2416 379 8583 397 402 4506 6562 6568 432 6588 447 4545 2514
 466 4568 6619 2524 8678 2557 2563 8711 8713 2573 2574 527 529 6678 6690
 555 4664 2619 580 8773 581 8775 4686 8784 6737 6739 6743 6745 6747 6748
 4708 6756 2669 4718 4719 4720 6769 4717 6768 6766 6775 6783 6788 6790
 6792 8845 657 6801 8853 6806 4764 8864 4774 6823 4778 6831 6832 6834 6835
 6837 6840 6841 6846 2751 4801 6854 2759 6860 6862 8915 6868 6870 4828
 6877 6879 4835 6883 8935 6887 6892 6899 2809 6912 6913 2821 8968 6920 781
 782 4877 4880 2836 2841 6939 6940 2845 6948 2856 808 6952 6956 6957 6959
 4916 6970 6972 6976 6978 836 4936 6984 6987 2897 851 2907 7003 7010 7012
 7017 876 7026 4981 7029 7034 9085 7039 7040 897 7044 7047 7048 2954 7054
 7055 7056 7058 7061 7063 9116 7071 7075 7076 7085 944 9143 952 7097 7100
 7102 3007 7103 964 7109 7112 7114 7125 7129 7130 7136 3045 7143 3052 3053
 7150 5105 7162 5118 9216 7171 5124 1032 7181 7184 7186 3096 9242 7200
 7201 1058 7206 7214 7216 9270 1082 7226 7229 3142 7238 5194 7243 7242
 5197 9294 7248 7250 5205 5211 7260 7263 9313 9317 3175 9320 7273 7272
 1131 7271 7294 7296 7298 7305 5258 1161 3212 9357 3213 9361 9364 3232
 7328 3241 7338 7339 7342 7344 1201 7348 9397 5303 7353 1210 9404 5309
 1214 7359 5313 7363 9416 7371 9420 5327 1234 5336 9439 7401 9450 7403
 7406 9470 7423 9479 9482 7439 1299 7444 7452 3359 5422 1332 7477 3383
 5432 7483 9532 7493 9543 7499 9553 3411 1370 5478 1389 1400 9596 7551
 3457 7561 7570 7578 3490 5556 7605 7620 5578 9677 5587 1497 1505 7654
 9723 5631 3586 7684 7692 5647 1551 7707 1565 1570 3620 1581 5679 7730
 1588 7733 7732 7735 3639 9790 7743 1601 1604 1605 5700 7753 9801 9813
 9814 3674 3686 9832 7789 7791 3696 1649 1653 1655 9848 7800 7801 5751
 3708 7808 1670 7821 7823 9873 7827 1688 3738 7834 7837 5800 7851 3759
 1711 7859 7865 7870 1730 3779 5833 9931 7886 5843 7893 1754 3804 7905
 3816 7914 7918 9969 3828 3837 9989 5895 7948 3860 5926 5927 3880 1844
 5941 5949 7997 8001 8009 8012 3923 3924 8020 8026 3935 8035 8038 8048
 8058 8069 3974 1942 8096 8109 1967 6085 1991 8141 8145 2003 8153 4067
 2031 2042 6139 9122 2754 9987 6310 1831 2024 1242 3882 4556 5869 5934
 9329 721 8822 2040 2138 4894 2015]
[3759 2954 3804 7371 4194 4185 7753 2907 6250 1570 1688 1214 1605 6837
 8845 2514 1653 7056 7561 3052 7578 3696 5309 5941 9848 3457 2669 265 7206
 8385 5336 447 2573 836 8145 6678 781 2416 1604 4454 1730 4381 8069 8864
 7363 1670 4801 1131 9596 2574 9357 2031 8935 8711 8153 4256 1711 1201
 9677 2821 9420 3045 7061 3923 1370 7605 32 9361 5105 7870 5895 2358 3880
 7735 6588 4719 2234 8224 3142 239 8853 3738 1581 4108 9450 5258 4370 3359
 9814 4936 8583 9801 527 5926 7423 9553 4774 4444 8012 8784 5118 4568 8287
 4067 432 3686 9416 9832 6970 7859 3974 2064 2178 76 6468 5631 9404 1332
 2845 7800 6176 5205 8678 7130 1655 5313 1234 4720 7821 782 5700 8493 343
 876 5578 6496 7250 5647 159 944 7483 3935 1497 4506 8096 8020 7305 6860
 4835 5211 897 5587 2524 40 657 9242 5833 851 6085 9482 2751 402 4877 3490
 5751 3860 1551 8026 2563 8541 4097 9879 9007 7946 7945 7925 7918 7846
 7825 7823 7798 7788 7776 7768 7741 7713 7678 7657 7636 7633 7612 7588
 7570 7546 7521 7504 7476 7446 7443 7439 7419 7414 7410 7408 7406 7388
 7380 7379 7378 7376 7359 7353 7344 7341 7339 7338 7329 7326 7290 7289
 7284 7273 7260 7238 7233 7231 7230 7227 7226 7213 7180 7173 7172 7171
 7162 7159 7152 7146 7143 7140 7125 7103 7100 7097 7086 7082 7063 7045
 7040 7029 7027 7012 7008 7006 7002 6981 6976 6974 6957 6948 6947 6943
 6913 6910 6877 6868 6866 6858 6846 6834 6823 6822 6818 6814 6806 6786
 6763 6732 6730 6728 6726 6723 6720 6715 6699 6694 6673 6659 6654 6652
 6650 6637 6625 6614 6582 6578 6572 6571 6566 6559 6557 6553 6533 6526
 6518 6507 6494 6485 6470 6452 6451 6432 6431 6422 6400 6391 6388 6384
 6371 6365 6359 6349 6342 6338 6331 6320 6318 6310 6286 6283 6279 6270
 6227 6214 6203 6161 6149 6147 6143 6141 6127 6125 6093 6082 6079 6078
 6068 6060 6058 6000 5993 5970 5963 5960 5938 5920 5907 5902 5901 5900
 5894 5891 5869 5868 5845 5831 5825 5788 5778 5771 5755 5725 5707 5704
 5684 5661 5658 5654 5643 5611 5603 5597 5594 5580 5560 5548 5537 5533
 5515 5484 5481 5472 5465 5459 5449 5441 5434 5421 5417 5402 5401 5400
 5394 5390 5380 5379 5353 5344 5331 5322 5285 5272 5271 5266 5263 5244
 5236 5233 5218 5214 5210 5209 5208 5206 5190 5187 5183 5173 5171 5166
 5165 5164 5159 5157 5154 5152 5146 5145 5143 5141 5137 5134 5122 5120
 5119 5109 5108 5106 5104 5099 5098 5095 5083 5079 5071 5070 5068 5062
 5049 5046 5044 5038 5032 5020 5017 5008 5007 5002 4999 4998 4995 4994
 4983 4973 4964 4962 4952 4946 4934 4933 4932 4929 4928 4920 4918 4917
 4914 4903 4898 4876 4847 4676 4496 4173 4129 3008 2482 1806 1073 4050]
[9813 4155 1565 9317 3924 4456 8481 8358 5949 1389 1991 8775 2759 4828 964
 3759 2954 3804 7371 4194 4185 7753 2907 6250 1570 1688 1214 1605 6837
 8845 2514 1653 7056 7561 3052 7578 3696 5309 5941 9848 3457 2669 265 7206
 8385 5336 447 2573 836 8145 6678 781 2416 1604 4454 1730 4381 8069 8864
 7363 1670 4801 1131 9596 2574 9357 2031 8935 8711 8153 4256 1711 1201
 9677 2821 9420 3045 7061 3923 1370 7605 32 9361 5105 7870 5895 2358 3880
 7735 6588 4719 2234 8224 3142 239 8853 3738 1581 4108 9450 5258 4370 3359
 4201 9814 4936 8583 9801 527 5926 7423 9553 4774 4444 8012 8784 5118 4568
 8287 4067 432 3686 9416 9832 6970 7859 3974 2064 2178 76 6468 5631 9404
 1332 2845 7800 7801 6176 5205 8678 7130 1655 5313 1234 4720 7821 782 5700
 8493 343 7055 876 5578 6496 7250 5647 159 944 7483 3935 1497 4506 8096
 8020 7305 6860 9320 4835 5211 897 5587 2524 40 657 9242 5833 851 6085
 9482 2751 402 4877 3490 5751 3860 1551 8026 2563 2897 1754 8773 4310 9989
 3674 3241 6775 9439 8915 2289 45 8278 9313 2836 7129 379 2003 7886 3212
 5679 6870 6912 2856 5124 7112 4718 9143 7184 1942 4764 172 2270 5478 4189
 4708 4778 4686 3837 9931 3096 9873 7294 4342 4242 580 5800 3462 2619 555
 9397 2061 3586 8294 9194 23 1588 4329 7789 2077 6159 7707 1844 7893 3620
 6307 1649 7296 466 5303 3105 6769 8038 7865 1058 808 2042 7102 6619 3708
 4695 5927 1400 5194 233 2141 56 9085 7914 7827 6562 9532 7403 9543 9969
 5843 5327 1082 4087 6139 3007 77 1032 1601 8713 4916 6690 3213 2809 6469
 5197 3232 3779 3053 397 2841 2190 7743 3639 8369 7076 9270 7863 2399 9249
 8566 3220 6927 5876 4193 3427 5813 4481 2644 9189 4360 6175 2819 9979
 9863 9759 8637 8211 8167 8106 7123 7113 7109 7103 7097 7073 7072 7071
 7063 7054 7053 7048 7040 7039 7027 7010 7006 7002 6996 6987 6984 6981
 6978 6966 6959 6947 6940 6939 6933 6931 6920 6901 6899 6880 6879 6871
 6868 6864 6862 6861 6858 6853 6847 6846 6845 6834 6826 6823 6822 6821
 6813 6810 6801 6800 6792 6786 6783 6774 6771 6768 6766 6765 6756 6748
 6747 6743 6741 6729 6728 6727 6726 6720 6716 6705 6694 6691 6688 6680
 6670 6664 6657 6656 6654 6652 6641 6640 6639 6637 6634 6616 6615 6614
 6604 6591 6582 6580 6575 6567 6566 6563 6541 6540 6532 6528 6497 6494
 6489 6478 6476 6470 6463 6456 6443 6434 6432 6430 6410 6401 6400 6399
 6398 6391 6389 6388 6386 6382 6377 6345 6338 6330 6329 6316 6309 6296
 6289 6285 6282 6276 6275 6274 6263 6252 6248 6241 6240 6236 6227 6226
 6214 6211 6204 6203 6187 6184 6178 6167 6161 6150 5474 3162 2189 1796
 1447 1424 1411 889 5667]
[6144 6149 6150 4108 2061 2064 6161 23 6170 2077 32 8224 6178 6176 6184 40
 45 6194 8243 4155 6204 6211 76 6229 8278 4185 6236 8287 4194 8294 4201
 6250 6252 6273 2178 6277 6279 6285 6286 4242 6299 159 6304 4256 6307 6309
 8358 6311 172 6318 6320 2234 8385 6345 6349 6351 4310 2270 225 6371 6372
 6373 4329 239 2289 6386 6388 4342 6391 6396 6398 6399 265 4370 6421 6426
 6428 4381 6430 6431 8481 8493 6450 2358 6461 6466 6468 6476 6478 343 6489
 4444 6494 6496 4454 6503 4456 6509 2416 6518 379 6533 8583 6539 6541 402
 6553 4506 6559 6571 432 6579 6587 6588 447 6607 2514 6614 6615 4568 6617
 2524 8678 6641 6642 6646 6650 2557 6654 6656 6657 6659 2563 6661 8711
 6664 6665 2573 2574 527 6673 6677 6678 6680 6688 6691 6699 555 6704 6706
 2619 6716 6723 580 8773 8775 4686 8784 4708 8807 6764 2669 6766 4719 4720
 6769 4718 6771 6775 6790 8845 657 8853 4764 8864 6820 4774 4778 6835 6837
 6841 8891 6847 2751 4801 2759 6860 6861 6862 6865 6866 8915 6870 4828
 4835 8935 6903 2821 781 782 4877 2836 6933 2845 6949 6952 2856 6957 6970
 6974 836 6984 4936 2897 851 7002 2907 7010 876 7027 7029 7039 897 7044
 7047 7048 2954 7055 7056 7061 7063 7073 7075 7077 944 7093 9143 7097 7101
 7105 964 7112 7130 3045 9194 3052 5105 5118 5124 7184 3096 9242 7206 7213
 7229 3142 7250 5205 5211 9313 9317 7271 9320 1131 7289 7294 7298 7305
 5258 3212 9357 7310 9361 7328 7331 7337 7342 1201 9397 9404 5309 1214
 5313 7363 9416 7371 9420 7376 1234 5331 5336 7391 9439 7398 9450 7414
 7423 5379 9482 5390 5394 7443 7453 3359 5414 1332 5434 7483 7489 7491
 9553 1370 5469 5474 5481 5483 7532 5484 1389 5489 5491 5498 9596 7549
 7550 5503 3457 5507 3462 7559 7561 5515 5521 7573 7578 5535 3490 5552
 5553 5555 7605 5567 5578 9677 7631 5587 5588 1497 5595 9696 5604 7653
 7657 7660 5613 5620 5621 5631 5632 3586 5647 1551 5655 7706 5658 7708
 1565 7707 1570 3620 7719 1581 1588 7735 5691 5696 5697 5699 1604 1605
 5700 7753 5706 9801 5711 9813 5718 5719 7768 9814 3674 5730 3686 9832
 5740 7789 9840 3696 5746 5749 1653 1655 9848 5753 7800 7801 5751 5757
 5761 5763 1670 5771 7821 5776 9873 5784 1688 3738 5788 9888 5794 5800
 3759 1711 5809 5811 5812 7859 5821 7870 5825 1730 5831 5833 9931 7886
 5845 7893 5847 5849 1754 3804 5861 5862 3816 5873 5874 5877 5881 3837
 9989 5895 5900 3860 5909 5915 5919 5926 3880 5934 1844 5941 5947 5949
 5960 5963 8012 3923 5972 3924 8020 8026 5982 3935 5992 5996 6010 8069
 6022 3974 6026 1942 8096 1967 6065 6085 1991 6089 6091 6093 6097 8145
 2003 8153 6110 4067 6121 2031 6142 6854]
[3052 5941 9848 2669 265 8385 2573 8145 6678 2416 4801 9596 9357 8935 8711
 8153 4256 2821 9420 3923 1370 7605 32 7870 5895 2358 3880 7735 2234 3142
 8853 5700 2524 40 2563 3462 8038 9085 8232 1184 5431 6621 1460 1971 1566
 9850 9586 9088 8815 8770 8765 8618 8501 8449 8423 7984 7979 7966 7955
 7948 7947 7921 7918 7915 7910 7907 7862 7861 7858 7854 7848 7835 7834
 7833 7822 7809 7807 7790 7778 7776 7762 7759 7755 7754 7741 7730 7719
 7715 7700 7697 7687 7664 7660 7649 7636 7633 7632 7629 7617 7612 7610
 7592 7584 7580 7559 7558 7549 7543 7541 7538 7534 7528 7517 7505 7493
 7458 7444 7413 7388 7378 7348 7331 7301 7272 7259 7248 7230 7226 7213
 7201 7180 7179 7173 7164 7162 7135 7101 7100 7097 7094 7090 7086 7058
 7040 7039 7034 7027 7018 7010 6996 6978 6952 6936 6931 6922 6913 6903
 6899 6890 6884 6875 6864 6862 6858 6847 6823 6822 6818 6810 6805 6790
 6766 6765 6761 6758 6756 6745 6726 6724 6706 6676 6665 6661 6660 6654
 6634 6633 6630 6617 6616 6566 6563 6559 6558 6557 6540 6523 6489 6476
 6452 6434 6432 6428 6424 6406 6399 6398 6389 6371 6351 6349 6343 6338
 6330 6329 6321 6320 6310 6309 6276 6273 6252 6248 6227 6204 6200 6184
 6173 6168 6125 6123 6093 6089 6068 6031 6009 5992 5982 5967 5959 5921
 5908 5907 5906 5902 5894 5877 5873 5868 5852 5835 5812 5809 5771 5755
 5746 5740 5735 5667 5654 5611 5606 5605 5604 5590 5579 5577 5564 5559
 5553 5521 5494 5483 5472 5471 5459 5441 5425 5417 5402 5381 5380 5331
 5330 5294 5286 5266 5245 5226 5218 5213 5206 5184 5164 5161 5159 5038
 5033 5032 5026 5016 5007 4999 4998 4995 4993 4989 4986 4980 4973 4970
 4967 4965 4962 4961 4952 4946 4944 4935 4934 4933 4932 4931 4925 4920
 4914 4910 4907 4901 4894 4876 4862 4860 4859 4858 4850 4847 4846 4829
 4822 4807 4753 4750 4736 4673 4670 4620 4579 4532 4523 4521 4514 4503
 4491 4476 4466 4460 4376 4339 4303 4294 4240 4175 4143 4142 4123 4121
 4114 4110 4091 4035 4018 3993 3973 3944 3900 3899 3885 3884 3874 3822
 3811 3809 3807 3794 3776 3751 3748 3685 3681 3680 3670 3662 3628 3525
 3520 3511 3508 3506 3451 3446 3405 3399 3386 3367 3364 3340 3333 3328
 3326 3305 3301 3292 3285 3279 3254 3200 3163 3158 3145 3141 3111 3109
 3097 3087 3071 3064 3042 3037 3029 3025 3001 2999 2992 2971 2967 2958
 2956 2926 2914 2901 2879 2867 2852 2814 2807 2792 2787 2771 2729 2689
 2665 2663 2643 2609 2600 2593 2578 2576 2559 2533 2528 2513 2499 2493
 2488 2481 2466 2464 2442 2411 2409 2408 2406 2402 2389 2385 2369 2368
 2343 2342 2333 2324 2323 2322 2307 2295 2290 2285 2274 2273 2268 2263
 2251 2245 2243 2242 2209 2202 8742]
[8192 4108 2064 8211 8217 32 8224 6176 8230 40 45 8242 8244 4155 76 8275
 8278 4185 93 8287 4194 8295 4201 6250 8299 8304 8318 2178 8323 8322 2187
 8332 8334 8341 159 4256 8358 6321 8373 8374 6328 8377 2234 6331 6330 8385
 6338 8401 4310 8407 6359 8411 6364 6365 8416 6368 6371 6377 6380 8430 239
 6384 2289 6386 6389 6391 8444 6399 6400 265 6410 8459 4370 8469 4381 6430
 6432 8481 6434 6435 8493 6446 8495 8501 2358 8505 8512 6465 6466 8515
 6468 6470 6475 8531 6485 343 4444 8540 6493 6496 4454 4456 8557 6509 2416
 6518 6519 8572 4480 6528 8579 8581 8583 6537 6541 8590 402 6550 4506 8603
 6558 8608 6563 6571 6572 6574 432 8624 6578 6580 8634 6588 8636 447 8639
 6591 8642 8650 2514 6615 4568 2524 6625 6626 8675 8678 6633 8682 6642
 8691 6646 6653 8703 8704 8706 2563 6660 8711 8714 2573 2574 527 8718 6669
 6678 8726 6680 6681 6683 548 8742 6694 8746 6704 8757 6711 8763 6716 8766
 8770 6724 8773 8775 6729 6730 8784 6736 8786 2645 6743 6745 8796 6748
 8801 6754 8808 8809 6761 8812 2669 4717 4719 4720 8817 8813 6771 6768
 6766 6774 6775 8823 8837 6790 6792 8841 8845 6797 6799 2704 657 8849 8853
 6805 8857 8858 6812 8864 8867 8868 8869 4774 6823 6821 6820 6826 8875
 6832 6834 6835 6837 2751 6847 4801 6853 6854 2759 8904 6860 6861 6862
 6865 8915 6868 8919 6872 4828 6880 4835 8933 8935 6887 6892 8942 8943
 8944 8945 6899 6900 8949 6901 6909 6913 2821 8965 8971 781 782 4877 8976
 8978 2836 2845 8995 8999 6953 6956 9006 9016 6970 9023 836 9029 4936 2897
 851 9044 2907 9065 876 9075 897 9094 9097 2954 9099 7052 7055 7056 7061
 7076 943 944 964 7130 3045 3052 5105 5118 1028 9238 9242 9249 7201 7206
 3142 7250 5205 5211 9313 9317 9320 7273 1131 7305 5258 9357 9361 1190
 3241 1201 9404 5309 1214 5313 7363 9416 7371 9420 1234 7382 5336 9439
 5347 9450 6764 6765 7423 9480 9482 3359 1332 5432 7483 9533 1352 9553
 1370 1389 7538 9596 7549 7550 3457 7561 7574 7578 7580 3490 7592 7594
 7605 7610 5578 9677 7631 7632 5587 1497 7642 7644 7645 1505 7657 5631
 7687 5647 1551 1565 7713 1570 7714 1581 7734 7735 7740 7747 1604 1605
 5700 7753 9801 7755 7762 7763 9813 9814 7767 7777 3686 9832 3696 1653
 9845 1655 9848 7800 7801 5751 7802 1670 7821 7823 7831 1688 3738 7834
 7841 7848 7849 3759 1711 7859 5815 7870 7871 1730 5833 7891 5846 1754
 7899 3804 7907 9989 5895 3860 7962 7966 5926 3880 7978 7979 7986 5941
 5949 8012 8013 3923 3924 8020 8026 8028 8029 3935 8048 8058 8069 3974
 6030 8083 1942 8086 8092 8096 8129 6085 1991 8140 8141 8143 8145 2008
 8153 4067 8167 8173 2031 8182 8189 6688]
[9813 4155 1565 9317 3924 4456 8481 8358 5949 1389 1991 8775 2759 4828 964
 3759 2954 3804 7371 4194 4185 7753 2907 6250 1570 1688 1214 1605 6837
 8845 2514 1653 7056 7561 3052 7578 3696 5309 5941 9848 3457 2669 265 7206
 8385 5336 447 2573 836 8145 6678 781 2416 1604 4454 1730 4381 8069 8864
 7363 1670 4801 1131 9596 2574 9357 2031 8935 8711 8153 4256 1711 1201
 9677 2821 9420 3045 7061 3923 1370 7605 32 9361 5105 7870 5895 2358 3880
 7735 6588 4719 2234 8224 3142 239 8853 3738 1581 4108 9450 5258 4370 3359
 4201 9814 4936 8583 9801 527 5926 7423 9553 4774 4444 8012 8784 5118 4568
 8287 4067 432 3686 9416 9832 6970 7859 3974 2064 2178 76 6468 5631 9404
 1332 2845 7800 7801 6176 5205 8678 7130 1655 5313 1234 4720 7821 782 5700
 8493 343 7055 876 5578 6496 7250 5647 159 944 7483 3935 1497 4506 8096
 8020 7305 6860 9320 4835 5211 897 5587 2524 40 657 9242 5833 851 6085
 9482 2751 402 4877 3490 5751 3860 1551 8026 2563 2897 1754 8773 4310 9989
 3674 3241 6775 9439 8915 2289 45 8278 9313 2836 7129 379 2003 7886 3212
 5679 6870 6912 2856 5124 7112 4718 9143 7184 1942 4764 172 2270 5478 4189
 4708 4778 4686 3837 225 9931 3096 9873 7294 3816 4342 4242 580 5800 3462
 2619 555 9397 2061 3586 8294 9194 23 1588 4329 7789 2077 2557 6159 7707
 1844 7893 3620 6307 1967 1649 6193 4545 7296 466 5303 952 3105 8038 7865
 1058 2042 7102 6619 3708 4695 5927 1400 5194 233 9216 2141 9085 7914 7827
 9532 7403 6788 9543 8281 9969 5327 4087 6139 3007 77 7733 1032 529 1601
 4916 3175 3213 8968 4664 6469 5197 5556 3024 3232 1161 4254 8566 3220
 8541 8266 4958 6772 2314 9054 5952 8292 404 4198 2843 3102 9788 9893 9851
 9840 9460 9309 9251 9184 9109 8965 8771 8767 8750 8697 8447 8195 8105
 8013 7833 7632 7411 7271 7221 7151 7146 7143 7121 7109 7045 7034 6978
 6966 6936 6909 6880 6877 6875 6872 6861 6853 6847 6825 6820 6818 6814
 6813 6810 6783 6764 6763 6758 6739 6737 6732 6728 6716 6715 6706 6694
 6691 6688 6682 6676 6665 6660 6642 6640 6639 6632 6614 6604 6591 6579
 6576 6559 6558 6553 6550 6540 6537 6518 6509 6497 6489 6463 6446 6434
 6432 6431 6428 6421 6409 6406 6401 6400 6396 6384 6371 6364 6359 6349
 6336 6331 6330 6329 6326 6321 6310 6289 6283 6282 6281 6277 6276 6275
 6252 6240 6221 6204 6187 6173 6168 6164 6163 6150 6143 6121 6119 6097
 6047 6036 6016 6004 5995 5987 5965 5960 5959 5938 5934 5915 5909 5908
 5907 5902 5901 5891 5881 5873 5861 5848 5847 5828 5821 5809 5784 5763
 5761 5740 5739 5733 5725 4736 4125 3315 2717 1609 1448 912 573 423 173
 140 115 111 533]
[9813 4155 1565 9317 3924 4456 8481 8358 5949 1389 1991 8775 2759 4828 964
 3759 2954 3804 7371 4194 4185 7753 2907 6250 1570 1688 1214 1605 6837
 8845 2514 1653 7056 7561 3052 7578 3696 5309 5941 9848 3457 2669 265 7206
 8385 5336 447 2573 836 8145 6678 781 2416 1604 4454 1730 4381 8069 8864
 7363 1670 4801 1131 9596 2574 9357 2031 8935 8711 8153 4256 1711 1201
 9677 2821 9420 3045 7061 3923 1370 7605 32 9361 5105 7870 5895 2358 3880
 7735 6588 4719 2234 8224 3142 239 8853 3738 1581 4108 9450 5258 4370 3359
 4201 9814 4936 8583 9801 527 5926 7423 9553 4774 4444 8012 8784 5118 4568
 8287 4067 432 3686 9416 9832 6970 7859 3974 2064 2178 76 6468 5631 9404
 2845 7800 7801 6176 5205 8678 7130 1655 5313 4720 7821 782 5700 8493 343
 7055 876 5578 6496 7250 5647 159 944 7483 3935 1497 4506 8096 8020 7305
 6860 9320 4835 5211 897 5587 2524 40 657 9242 5833 851 6085 9482 2751 402
 4877 3490 5751 3860 1551 8026 2563 2897 1754 8773 4310 9989 3674 3241
 6775 9439 8915 2289 45 8278 9313 2836 7129 379 2003 7886 3212 6870 2856
 5124 7112 4718 9143 7184 1942 4764 172 2270 5478 4189 4708 4778 4686 3837
 225 9931 3096 9873 7294 3816 4342 4242 580 5800 3462 2619 555 9397 3105
 9216 56 4087 4406 3779 7181 9430 2645 670 6072 5502 6416 5384 1613 5298
 8922 9193 5719 497 7967 9626 3081 6668 8163 4395 1207 6158 4482 3563 4937
 1885 4886 4435 2440 9906 9433 9074 9053 8894 8856 8847 8801 8770 8736
 8466 8452 8390 8355 8136 8062 8060 7895 7819 7726 7720 7699 7644 7632
 7592 7447 7415 7414 7411 7405 7395 7391 7386 7372 7370 7364 7360 7348
 7344 7342 7341 7339 7337 7329 7328 7326 7320 7310 7301 7292 7273 7256
 7248 7242 7238 7233 7229 7227 7214 7208 7200 7180 7179 7173 7171 7165
 7151 7150 7143 7140 7123 7114 7109 7097 7093 7048 7040 7034 7029 7017
 7010 7008 6999 6976 6952 6949 6947 6939 6933 6920 6900 6895 6892 6868
 6866 6862 6858 6854 6840 6835 6832 6826 6823 6822 6820 6818 6806 6805
 6800 6799 6792 6790 6768 6765 6763 6761 6758 6748 6737 6730 6728 6723
 6720 6711 6706 6704 6680 6677 6642 6641 6617 6604 6582 6576 6575 6571
 6566 6558 6557 6553 6552 6540 6539 6532 6528 6526 6523 6518 6509 6507
 6497 6493 6485 6470 6466 6456 6452 6444 6443 6434 6432 6430 6422 6406
 6398 6396 6391 6382 6380 6371 6348 6345 6330 6329 6318 6311 6289 6286
 6285 6283 6281 6279 6275 6274 6248 6228 6227 6226 6214 6200 6194 6178
 6173 6167 6163 6149 6147 6144 6141 6137 6121 6115 6101 6099 6093 6091
 6079 6071 6055 6022 6019 6010 5993 5972 5967 5963 5962 5960 5959 5921
 5920 5919 5917 5909 5908 5907 5902 1081]
