FDR List:
0.6630434782608695
0.6739130434782609
0.717391304347826
0.7065217391304348
0.7065217391304348
0.6630434782608695
0.6956521739130435
0.7065217391304348
0.6847826086956522
0.717391304347826
Subset List:
[694 4170 1445 5275 4866 621 5558 7207 7119 5848 9402 3797 9377 7640 4615
 4051 379 1377 9168 1856 8168 2 4112 5632 5505 9657 4690 4904 8729 919
 7343 1887 6477 4654 3337 6805 9340 5685 3162 1443 8174 8682 7557 8080
 3386 1511 1594 422 9040 5175 9773 2455 7009 71 9611 4411 9620 7659 3250
 1934 723 932 1610 9431 8222 9309 3694 7791 4964 2509 2661 2558 1758 7269
 2673 7484 3704 2693 259 656 2796 2053 6280 9007 132 2446 2145 138 3099
 8011 2901 3017 5814 4175 6254 2348 1459 2393 9355 3474 8074 5560 5015
 7251 6002 3438 9412 7619 5162 4782 5926 4028 1258 4020 8592 8737 16 3904
 4206 6362 2749 923 3575 7233 2989 8462 4337 9061 9006 2194 2467 1438 2707
 7322 4658 3669 8540 219 4095 471 6852 5089 5317 3556 1969 6393 5431 7600
 3389 2972 5466 2704 1635 835 6283 1162 1686 4139 477 428 9378 3267 3646
 7489 9590 325 7397 3353 6657 4662 9054 4862 1270 4151 7787 2072 5243 263
 1677 5463 8548 2106 5199 7982 6505 1361 4293 971 1882 8411 3066 177 587
 2486 6001 3271 396 6802 5907 2778 5293 2766 8702 4445 5868 3056 2430 403
 8590 4726 1583 2477 204 3239 2261 5273 8643 4879 6883 314 5061 7021 8791
 5339 5790 5509 7714 4239 3255 7750 4771 9587 5008 2304 4308 9592 5693
 8414 4527 1312 5017 9701 3853 9911 2483 880 6093 5599 5958 547 2182 3752
 139 1147 6587 7796 9436 7347 5124 1833 4625 3701 1740 8373 4067 2060 4873
 6162 3089 7962 2831 6746 1534 2081 2561 768 6758 7624 6107 5094 8793 5879
 6516 2401 7293 9696 9457 4351 7555 512 605 279 4149 7983 6075 358 87 6382
 4148 9757 4843 6480 5398 6228 4792 109 8077 8987 7400 8401 6270 2262 7614
 3925 4335 973 749 114 7580 1345 2651 8217 3891 4121 754 5393 4556 7837
 6555 8733 2929 8120 3915 2981 5666 8355 9468 1680 8347 7248 4826 4501 416
 8465 2098 5531 7993 703 2260 3965 5177 4928 9456 3237 6711 6539 1838 4336
 7448 1306 4574 1453 5871 5924 1395 9287 3379 7070 9921 4709 727 644 1168
 9945 4596 23 9332 4737 3090 6926 3809 3873 5748 8928 8764 5837 3494 4639
 8172 5762 5169 2951 7065 7729 4281 2891 7761 4561 38 7897 7936 7135 2345
 1399 7323 8990 3960 7711 4021 32 5139 1528 4605 2356 1795 2921 2641 3540
 3886 4830 6994 7610 6076 5078 8121 5396 6770 195 1825 2377 4990 1174 40
 1531 6455 4388 4891 3905 4233 5401 5668 6527 5650 6751 6451 4983 2358
 1183 4570 9822 707 3555 6305 6784 2875 412 2550 4057 2215 2046 9392 9259
 744 6313 7838 1069 1473 3976 7956 2940 2990 1807 7947 1420 1574 759 620
 446 3122 4328 1481 9541 3322 1935 8860 2805 7749 1268 3242 9607 9636 2352
 5604 320 3652 5102 6546 743 2355 1650]
[694 7435 7773 4170 1445 5275 4866 621 1112 7207 1687 7119 4858 6648 3964
 5848 3541 7640 7613 4051 1377 8576 1856 8168 7776 2 4112 5632 9900 4877
 5505 9657 6391 262 8274 9406 4904 8729 7343 1887 6477 4654 3337 8742 9340
 5685 8174 8854 8682 607 7557 8735 9889 2475 8191 1511 1594 598 9040 8657
 5175 9773 7009 9611 4411 564 7659 921 723 1610 9431 8222 9309 3694 7791
 4284 4964 969 2509 1617 2558 5147 8578 7484 3455 2905 656 1736 2796 7459
 6280 9007 363 9114 8931 138 8011 9328 6319 5814 1554 6254 2348 9355 7251
 6002 9199 9412 4050 7619 5162 4782 5940 2063 7255 7417 6005 4206 1743
 6772 111 923 3575 4588 9132 9006 2194 2467 3657 3669 8540 7577 6179 4689
 9383 9703 471 6852 3556 1969 5631 555 4666 5431 2718 2972 1635 2912 1686
 4139 477 5738 4474 3167 6819 7129 481 7489 1207 6606 3635 5151 1270 4151
 4285 7104 2072 2494 3194 1677 5463 5211 2106 5199 6505 7514 3946 1882
 8849 9891 9653 4469 3271 396 4559 3628 6795 6802 8702 5895 2780 9580 3451
 5103 389 4726 8720 6142 1583 7724 8919 204 3239 6755 2261 6934 3583 1873
 4473 6990 4478 4 6147 4134 4879 9951 4747 3978 9319 309 5675 5061 1645
 8791 9587 9592 8414 9911 6736 5716 5599 4940 1147 5732 6622 4371 8141
 8076 8476 3018 7157 4625 3740 9244 3701 6593 9339 8373 2298 9871 8180
 3937 5462 8623 3089 7962 2831 4889 1534 4703 2561 6758 7624 8788 6507
 9003 4682 8793 9573 5920 2069 7293 6143 5977 7722 5843 3707 7521 4875
 7337 8518 9632 8829 279 7983 6075 6636 1313 8171 3465 7740 6480 4387 8246
 5398 6228 437 6919 8987 6270 1354 7614 3683 1244 4335 2340 6306 749 7580
 1345 1668 4410 2651 8217 4199 5393 7124 7398 4556 9451 3729 2529 6555
 7807 9831 9581 8733 6098 7178 171 3915 5666 9468 8347 6231 6043 7248 9056
 4501 1847 416 2678 4908 7520 9426 2018 5531 1362 3965 9456 3670 8524 3237
 6711 9501 9461 9588 1838 9771 4973 1650 7945 5871 9287 4766 687 8453 4441
 5154 2903 727 7661 644 2264 4953 2329 3595 3214 9332 1925 3090 1993 6926
 3809 5874 3873 9062 958 9941 4853 4948 8803 4639 3552 5169 5421 2951 7065
 7904 3522 6379 4267 4281 6256 2891 9280 377 7888 7761 4561 5737 7936 7135
 5003 200 9487 4894 3829 1399 7323 5684 4021 32 1025 8323 5139 5196 8665
 3869 1795 3218 4844 3685 4163 65 3511 5765 3991 623 9269 6464 8391 4942
 3050 3886 5754 4830 5320 316 195 3221 4419 7080 4990 5210 1531 4109 8407
 9396 5401 6527 8385 7941 9822 5134 1359 4156 6784 2875 1966 3691 2550
 5457 2046 9392 9259 3733 2940 2990 7947 497 1866 446 4328 1479 6609 9541
 3322 6845 4291 9607 6946 2352 5604 6832 7748 203 2975 1247 5557]
[7435 7773 4170 1445 4866 621 5558 1112 1687 4858 6648 3964 5848 9402 3541
 8135 9377 7613 4615 4051 379 8877 1377 9168 8576 8604 1856 1498 7776 2
 4112 9900 4877 5505 4690 6391 262 5792 9406 4904 8729 919 7343 1887 6477
 5917 7377 4654 2506 3337 8742 9340 5685 3162 1443 8174 8854 8682 8362 607
 7557 9889 7146 8080 5678 4585 1594 598 9040 288 1778 8657 5175 9773 8984
 2455 7009 9611 9620 564 3250 3944 921 1934 1944 1610 9874 9431 5472 8222
 9265 1355 9309 7791 2888 9544 969 2509 1617 2558 3129 1758 9659 7269 2673
 8578 3704 9497 2693 259 3455 656 1736 2796 7459 2053 6280 9007 363 8630
 2446 9883 2145 9114 5040 8931 138 440 8011 9328 6319 2901 3017 7003 4175
 2348 1459 9355 9934 8074 5541 7978 6245 5015 3554 7251 6002 3438 9199
 9412 4050 7619 5162 4782 5926 1258 7417 4020 8592 8737 5799 3904 1743
 3714 6362 2749 111 9316 5222 3655 9132 9006 2467 1438 3669 219 8073 7577
 4095 3882 9139 9383 2524 6023 7728 9703 471 6852 3556 1969 6393 5039 5631
 555 4666 7600 2718 3389 2972 2704 1635 2912 835 6283 1497 1754 1686 4139
 477 5738 428 9378 3267 4474 30 3167 481 7489 8631 1207 3126 325 4965 3771
 3635 6657 4662 9054 5151 1270 6177 4151 4285 7104 7787 5810 2072 2494
 3194 263 9252 5158 1677 1549 5463 8548 5211 2106 5199 7982 6505 971 1882
 9984 9891 3708 9653 7060 4469 2486 6001 3271 3628 2778 9576 5293 2766
 8702 5868 782 5895 9704 2430 8528 8590 3451 2756 5103 389 8720 6142 4671
 5751 1583 832 7724 8919 7297 204 3583 8627 4473 6990 4 6147 4879 9951
 4747 314 9319 309 5675 1645 9033 7021 8791 4435 4239 3255 4771 9587 2659
 3418 1978 4308 9592 5693 4063 1312 5017 9701 7758 3074 9911 2483 880 6093
 5599 7836 7979 5958 3752 1147 6645 5732 7796 9436 2220 7347 9029 8141
 8076 1520 6827 1965 4515 3149 7157 4625 3100 9244 5930 9339 2298 994 2060
 5715 4873 1950 7962 2831 3724 4889 6746 2081 2474 503 4600 768 7624 8097
 6507 9003 5094 8793 4699 9573 6516 2401 2069 7293 3728 5843 512 605 8829
 279 4149 358 87 287 6636 6792 5229 4148 9757 7740 6480 2710 8246 5398
 6228 2817 8077 3588 6919 8401 2273 1354 7105 1244 4790 2340 973 6306 114
 7580 7646 8975 2651 5009 5735 3237 9501 9461 9588 4336 9771 4973 4574
 5516 5896 1395 9287 3379 7070 3325 4766 5404 9552 9921 7902 8453 5971
 4441 5154 6969 2903 5775 7661 4190 6997 892 644 1168 3595 3214 9830 1925
 8048 3090 1993 6926 3809 9374 3873 5748 9062 5976 8928 8764 9941 7140
 8619 6070 4948 3494 8803 4639 5762 5169 7065 7904 7729 695 1332 2891 9280
 7888 7761 4561 5737 7135 7645 5003 6481 8323 65 2641 9600]
[694 7435 7773 4170 1445 5275 5558 1112 7207 1687 4858 3964 5848 9402 3541
 8135 3797 9377 4615 4051 379 1377 8576 1498 7776 9900 4877 5505 262 4904
 8729 919 6724 6477 7377 4654 2506 8742 6805 5685 3162 9283 8362 9889 8080
 8191 3386 1594 422 598 8657 9773 8984 2455 71 9611 4411 7659 3944 1944
 723 932 9597 9431 9265 1355 9309 2888 4964 9544 969 2509 1617 2661 2558
 5147 7269 2673 8578 7484 3455 6620 2905 7459 363 132 8630 9114 5040 2928
 8011 5814 1554 6254 8074 5541 3554 7251 6002 3438 4050 7619 4782 5940
 5926 4028 7417 4020 8592 6005 6772 2749 111 9316 2989 5503 2467 1438 3657
 7322 8236 4658 3669 8540 8073 6179 4689 2524 9703 6852 5089 5317 5631 555
 4666 7600 3389 5466 1635 835 6283 1754 6129 477 5738 9378 3646 481 7489
 1207 4965 3771 7397 6657 4662 9054 4285 5243 3194 9252 5158 5211 5548
 6505 1361 4293 971 9984 587 4469 6001 3315 6795 6802 5907 9576 5293 5868
 5895 2780 9704 3056 403 9580 8590 3451 5103 4726 8720 6142 3339 7724 6153
 113 204 6755 2261 6934 3583 1873 4473 4134 745 6883 3978 314 309 5061
 7021 5339 5790 5509 4239 3255 4771 9587 5008 8926 2304 3131 5693 5218
 4440 5017 3853 3074 2483 880 5716 6093 7979 4940 547 139 1147 6587 6622
 7796 7347 9029 8141 9997 5124 8771 1965 4515 3289 3100 3701 8373 2298
 9871 8180 994 2060 8623 5715 4873 1950 3089 2831 3724 6746 1534 2081 4600
 2561 768 8788 6507 116 4682 5094 8793 4699 9573 2401 2697 2069 7293 9696
 3728 6143 7722 8130 7260 3707 1912 8041 7521 4351 7555 512 4875 605 7337
 8518 8829 9686 87 5899 6382 287 6792 5229 1920 1313 8171 4843 3465 7740
 6480 4387 2710 109 9171 6270 8272 7614 3683 3925 4335 973 6306 8269 114
 7580 7646 4410 8975 2651 2810 1463 4121 6573 4578 754 4556 1705 7837 5757
 8733 7182 7178 8238 3915 5666 7049 246 1680 2244 6231 6043 7248 798 4826
 5370 4501 4908 8465 7520 9426 2018 7993 703 1598 4928 9456 3237 9461 1838
 9771 1585 5516 1317 4842 9358 7945 5871 5924 9287 7070 3325 4766 687 8453
 727 601 7661 892 644 2264 6856 4596 2329 3595 4846 23 3214 9830 4737 8048
 3090 7258 9985 3950 9374 9062 8764 4853 5837 8619 1914 3494 8803 3552
 5762 5169 7904 7729 4281 6501 2891 5371 4561 38 7645 8050 200 2848 8990
 1025 8323 5196 3218 4163 3991 5225 3540 6464 8391 4830 6623 6076 5320
 1028 5078 5396 7080 4388 992 4983 8385 2045 2380 1966 9429 5471 7838 5902
 1482 8906 5115 4183 2986 5444 5201 3921 9541 2805 1268 2826 320 7816 2481
 5912 4509 1985 4294 7634 579 2764 194 9078 9598 9786 9702 7615 3265 814
 7992 7847 6575 9151 8563 4494 6458 6159 3584 6245]
[694 7435 621 5558 1112 7207 1687 4858 3541 8135 9377 7613 1377 8576 1856
 1498 9900 5505 9657 4690 262 8274 5792 919 6724 7343 1887 5917 7377 4654
 2506 5685 3162 1443 9283 8682 8362 607 8735 7146 2475 5678 3386 1511 4585
 1594 422 598 288 1778 8657 9773 7009 71 4411 564 7659 3250 3944 921 1944
 9874 5472 8222 9265 3694 7791 5147 3129 1758 2899 9659 7269 2673 7484
 9204 9497 3455 6620 656 1736 7459 1611 2446 2145 9114 2928 8931 3099 440
 8011 9328 2901 3017 5246 1459 2393 9934 3474 8074 5541 6245 3554 7251
 3438 9412 5940 2063 7255 4020 8737 16 6005 6772 6362 2749 923 4588 7233
 5222 8462 3655 9132 5503 4337 9061 9006 2194 1438 3657 2707 3845 8236
 4658 3669 8540 219 8073 6179 9383 7728 9703 471 4185 5089 5317 3556 1969
 5039 4666 5431 7600 2718 5466 2704 1635 6283 1497 1754 6129 3267 4474 30
 3646 481 8631 9590 1207 325 4965 6606 3353 6657 4662 5151 4862 1270 6177
 4285 7104 7787 5810 2072 2494 263 1677 5463 8548 7982 5548 6505 1361 3946
 3600 971 7501 1882 8411 8849 9984 177 9891 3708 9653 7060 4469 6001 3271
 3628 3315 6795 6802 9576 8702 4445 5868 782 2780 3056 2430 9580 8590 2756
 4726 8720 859 3339 5751 832 7724 6153 8919 2477 7297 204 6755 2261 6934
 1873 8627 6990 4478 4879 9951 4747 6883 3978 314 9319 5675 9033 8791 5509
 7714 4435 3255 4212 7750 4771 9587 5008 2659 8926 3418 9492 2304 1978
 4308 9592 5295 5218 4527 1312 5017 9701 3853 3074 215 9911 6736 2483 5716
 6093 5599 7979 5958 547 3752 6587 6645 4331 5732 6622 7796 2220 3136 7347
 9029 8141 5124 8771 6827 1965 4515 3149 7195 3289 8476 3018 1833 7157
 3100 9244 1740 8373 2298 9871 3937 994 4067 2060 5462 5715 1950 3089 7962
 9943 3724 1534 2081 2474 503 4600 6758 7624 6107 8097 5879 4699 6516 5920
 4170 4873 7722 8130 9457 4351 512 7337 7983 287 6792 1920 1313 4148 9757
 3465 7740 5022 109 8077 7400 9171 731 1354 3925 7580 4410 4199 1463 7788
 754 7124 7398 3729 2529 603 6555 1761 9831 6098 7178 3915 8355 6231 6043
 7248 798 9056 6656 2678 7520 9426 3965 93 6711 9588 5516 1317 1453 7945
 5924 9287 4766 9552 687 8453 4441 2903 5775 2264 1168 2329 3595 2521 9332
 4737 1993 7258 3809 3950 9374 7140 8803 8172 5169 3522 695 4281 8762 2891
 377 7761 4561 7645 8050 200 9487 5684 8103 4519 1025 8323 5139 7921 3218
 4844 7163 3511 3991 3540 9269 1393 4942 3050 3886 4464 8290 7610 5060 316
 1263 195 1825 247 3221 2377 1115 4419 7080 7033 2958 7879 6455 2872 8116
 1609 9396 6602 8822 9517 5535 8430 4233 1857 4983 6095 6219 7941 9822
 5134 9050 5581 8597 9965 1359 5073 2380 8808 8249]
[694 7435 7773 5275 5558 1112 7207 1687 7119 4858 6648 3964 5848 9377 7640
 4615 4051 8877 8168 1498 2 5632 9900 9657 262 8274 9406 8729 7343 1887
 5917 7377 8742 9340 5685 3162 8682 8735 8080 8191 5678 3386 1594 598 9040
 8657 71 9620 564 3250 3944 8378 932 9309 3694 4964 9544 2558 1758 2899
 9659 8578 9204 3704 656 7459 6280 1611 2446 2145 5040 2928 3684 1459 2393
 9934 3474 5541 7978 5560 5015 7251 6002 5162 5940 2063 5926 7255 4028
 8592 8737 5799 16 3904 4206 2054 111 923 9316 2989 8462 9006 2194 2467
 1438 3657 3845 8540 8073 4689 3882 9383 2524 7728 9703 6852 5089 5317
 3556 6393 5631 2972 2704 2553 835 6129 4139 3267 4474 30 6819 7129 8631
 9590 1207 7397 6657 4151 4285 7787 5810 5243 2494 5211 5199 7982 5548
 1361 4293 7514 3946 3600 971 7501 8411 3066 177 587 3708 6001 6795 5907
 2778 5293 2766 2780 9704 3056 2430 8528 9580 8590 3451 5103 389 4726 859
 5751 6153 204 6755 2261 5273 6990 4134 9951 4747 745 6883 3978 314 309
 5675 1645 9033 8791 5339 5509 7714 4435 3255 4771 9587 2659 3418 2304
 1978 9592 5693 4063 1312 4440 9911 6736 2483 5716 6093 5599 7836 7979
 2182 3752 1510 139 6587 6645 6622 7796 9436 9029 4371 8141 8076 1520 1965
 7122 4515 3149 401 8476 1833 7157 3740 9244 1679 6593 1740 2298 3937 994
 4067 5462 8623 5715 4873 1950 3089 9943 2831 4889 6746 1534 2081 4703 503
 4600 2561 6758 1144 7624 6107 3700 6507 4682 5094 5879 5920 2401 2697
 7293 6143 5977 7722 5843 7260 9457 7555 512 605 7337 8518 9632 279 4149
 7983 6075 87 5899 6792 5229 4148 9555 9757 4843 3465 7740 4387 2710 5398
 6228 5022 4792 109 8077 3588 7400 8401 9171 731 2273 1354 7105 3683 1244
 4790 3925 4335 973 6306 114 7580 1345 1668 8975 2651 5735 3891 4199 1463
 4121 6573 8093 4578 754 7124 7398 4556 9451 3729 7837 6555 7807 2929 7178
 1680 8347 2244 6043 7248 5058 2827 4501 1847 2678 2444 8465 7520 9426
 5767 2260 3965 1598 9456 8524 3237 9588 1838 4336 1585 4574 5516 1317
 5896 1395 9287 9921 5971 4709 6969 2903 727 6997 892 2264 1168 4596 3595
 3214 3809 3873 9062 9941 8619 3494 8803 5762 2951 7065 7904 7729 5083
 6379 4267 4281 6256 2891 3191 4561 5737 7936 4894 2345 3829 1399 2848
 8990 3960 4021 4519 1025 742 1467 3218 65 2641 3540 3050 3886 5754 6076
 5078 5141 195 1825 247 2377 5322 1115 1900 2958 7879 1174 8752 5210 1531
 628 4109 2872 8407 9396 7120 8822 9517 4891 3905 8430 5401 992 6152 652
 2451 6095 8385 1183 7941 9822 9965 6305 6784 2380 5865 1891 7366 8808
 2550 8249 6188 5457 9392 5471 9259 1473 2990 423 1807 8944 9009 5939 7539
 6351]
[4170 621 1687 3797 4051 379 8877 1377 9168 657 8168 7776 5632 9900 4877
 5505 4690 6391 5792 9406 4904 8729 7343 3337 8742 6805 5685 3162 8174
 8854 9283 8682 7557 8735 9889 7146 8080 2475 5678 1511 422 598 9040 1778
 5175 9773 2455 7009 71 9611 4411 9620 3250 3944 921 1934 1944 1610 9597
 9431 9265 1355 9309 3694 7791 4964 9544 969 2509 1617 5147 3129 1758 2899
 9659 7269 2673 9204 656 7459 7944 363 8630 1611 2446 9883 2145 5040 2928
 8931 138 3099 8886 9328 6319 2901 3017 7003 5814 1554 4175 3684 2393 9355
 3474 8074 5541 7978 6245 3554 7251 6002 9199 9412 4050 5162 4782 5940
 2063 4028 1258 7417 4020 5799 16 3904 6772 2749 923 4588 9316 5222 8462
 4337 9061 9006 2467 1438 3845 7322 4658 3669 219 7577 6179 4689 9139 9383
 6023 9703 6852 5089 1969 6393 5631 555 4666 5431 7600 2972 5466 2704 1635
 2912 835 1162 1497 1686 4139 477 3267 7129 481 7489 9590 3126 325 4965
 6606 3771 7397 3353 6657 4662 9054 5151 4862 1270 6177 4151 4285 1588
 7104 7787 2072 2494 3194 263 1677 1549 5463 8548 5211 5199 6505 1361 4293
 3946 3600 1882 8411 9984 177 587 9891 3708 4469 2486 3271 4559 3628 6802
 5907 2778 9576 2766 5868 782 5895 2780 9704 3056 2430 8528 2756 5103 389
 6142 4671 859 1583 832 7724 6153 8919 2477 7297 113 204 3239 6755 2261
 6934 3583 1873 8627 4473 4 8643 6147 4134 4879 3978 9319 309 1645 9033
 7021 5790 3255 4212 4771 9587 2659 3418 9492 4308 4063 5218 8414 4527
 1312 5017 9701 3853 215 9911 8484 2483 5716 6093 5599 7836 7979 5958 2182
 3752 6645 9436 3136 7347 8141 9997 8771 6827 1965 3149 401 7157 3100 3740
 9244 3701 9339 8373 2298 9871 8180 3937 994 4067 2060 5462 8623 5715 4873
 3089 7962 9943 3724 2081 4703 503 4600 768 7624 6107 8788 6507 116 4682
 5879 4699 9573 2401 2697 2069 7293 9696 4488 7722 8130 7260 9457 1912
 8041 7555 512 4875 605 7337 9632 8829 5417 9686 4149 6075 287 1920 9555
 9757 4843 5398 6090 8077 7400 8272 3925 5111 6306 749 8269 114 1668 1541
 3891 2810 4121 9451 603 6555 171 8902 2981 5666 8347 2244 7248 1847 4749
 2260 3965 6199 4928 1838 1306 1585 5896 9358 5871 9287 3379 7070 3325 687
 5971 4441 6969 727 2264 1168 23 9332 1925 8048 3090 6926 9985 5874 9374
 5976 8619 4639 8172 3522 5083 6379 1332 4281 8762 7761 5371 5737 5003
 2848 8990 1135 32 5180 1025 5196 1528 742 3869 7921 3685 3511 2921 4942
 3886 6623 5060 316 1263 195 1825 3941 2958 2672 6455 3161 8822 3905 6451
 797 5581 5073 4156 1077 6784 412 3691 6188 2887 5405 5457 2046 9259 1069
 99 5902 2037 76 5115 6290 4183 6609 9541 3322 4148]
[694 7435 7773 4170 1445 4866 621 5558 7207 1687 6648 3964 5848 9402 3541
 3797 9377 7640 7613 4615 4051 379 1377 9168 8576 1856 8168 1498 7776 5632
 9900 4877 9657 4690 262 8274 5792 9406 919 7343 5917 7377 4654 2506 3337
 8742 6805 5685 3162 1443 9283 607 8735 9889 7146 8080 8191 5678 3386 1511
 4585 1594 422 598 9040 1778 8657 5175 9773 7009 71 9611 9620 564 3250
 3944 921 1934 723 9597 9431 8222 9265 1355 9309 7791 4284 969 2509 1617
 2661 5147 3129 1758 2899 2673 8578 7484 9204 9497 259 3455 6620 2905 1736
 2053 2446 9883 2145 138 3099 8886 9328 6319 2901 1554 5246 2348 3684 9934
 8074 5541 6245 5560 5015 7251 6002 3438 5162 4782 2063 5926 7255 7417
 8592 8737 3714 2749 111 923 4588 9006 2194 1438 3845 646 7322 4658 8540
 8073 7577 3882 9383 1969 6393 5039 5631 4666 5431 2553 835 1162 6129 5738
 9378 3267 30 3646 7489 1207 325 4965 3771 3635 4662 9054 1270 4151 1588
 7787 5810 2072 5243 2494 263 9252 1677 5463 5211 2106 5199 5548 6505 1361
 4293 3946 3600 971 7501 1882 8411 3066 8849 9891 3708 9653 4469 396 4559
 3315 6802 2778 5293 2766 8702 782 3056 8528 9580 8590 2756 5103 389 4726
 8720 859 6153 113 204 3239 6755 2261 3583 8627 4473 4478 4 745 6883 314
 5061 5790 5509 3255 4212 5008 3418 2304 1978 4308 9592 3131 5295 8414
 1312 9701 7758 3074 9911 2483 6093 5599 7979 4940 5958 547 2182 1510 139
 1147 6587 6645 4331 7796 9436 3136 9029 4371 8771 1520 6827 4515 3149 401
 3018 7157 4625 3740 5930 1740 9871 3937 4067 8623 4873 6162 3089 7962
 9943 3724 6746 4703 768 1144 7624 6107 8788 8097 6507 116 4682 5879 4699
 9573 6516 5920 2401 7293 6143 4488 8130 5843 1912 8041 4351 4875 7337
 8518 8829 5417 4149 6382 287 6792 1920 1313 9555 9757 4843 7740 6480 4387
 2710 8246 5022 4792 8077 3588 437 8987 7400 8401 9171 2273 1354 1568 7105
 7614 1244 4790 5111 2340 973 6306 749 8269 114 7580 1345 1668 7646 5009
 8217 5735 3891 4199 6573 7788 4578 7124 7398 9451 6399 7837 7807 5757
 2929 6098 7182 171 8902 8238 3915 2981 5666 7049 8355 9468 5126 246 1680
 8347 2244 7248 5370 4501 6656 1847 416 6448 4749 8465 7520 9426 9250 5531
 7492 1362 7993 703 3965 6199 6711 9501 1838 4336 9771 4973 1585 5516 4709
 6856 4596 3595 23 2521 9830 9332 6926 3873 9062 5837 1914 5421 4267 8762
 5371 4561 7897 5737 7936 5003 8990 9489 5180 742 8402 1795 3218 4163 2921
 5754 4683 6623 1028 5078 8121 5396 1825 247 5322 1115 7080 4427 4990 2872
 8407 4388 8116 9396 5535 6527 6095 1001 797 5832 4156 2380 1966 2550 2887
 3338 423 7947 9009 576 446 4183 3122 9985]
[694 7435 7773 4170 1445 5275 621 5558 7207 4858 6648 5848 8135 9377 7640
 7613 379 8877 1377 9168 8576 8604 1856 657 8168 1498 7776 2 4112 5632
 9900 5505 4690 6391 262 8274 5792 4904 8729 919 6724 7343 1887 6477 5917
 4654 2506 8742 6805 9340 1443 8174 9283 607 7557 8735 7146 8191 5678 3386
 1511 4585 422 598 8657 9773 8984 7009 9611 4411 9620 7659 921 1934 9874
 9431 8222 9265 1355 2888 4284 2509 2558 2899 9659 7269 2673 9204 3455
 6620 2905 656 7459 2053 7944 6280 9007 363 132 8630 1611 9883 2145 5040
 2928 8931 138 8886 440 8011 2901 3017 7003 5814 1554 6254 5246 2393 9934
 3474 5560 7251 3438 9199 7619 5162 5940 7255 4028 8592 5799 4206 3714
 2749 111 4588 9316 5222 5503 4337 9061 9006 2194 2467 1438 3657 6135 3845
 3669 219 8073 6179 4095 9383 6023 7728 9703 471 6852 4185 1969 6393 5039
 5631 555 5431 2718 3389 1635 2553 835 6283 1162 1497 1686 4139 477 428
 3267 30 3167 6819 3646 481 9590 1207 3126 325 4965 6606 7397 3353 6657
 4662 9054 1270 5529 4285 1588 5243 3194 263 9252 1677 1549 8548 5211 2106
 7982 6505 7514 3600 971 7501 8411 177 587 3708 9653 4469 6001 3271 396
 3628 6795 5907 9576 2766 8702 4445 5868 782 2780 3056 403 8528 8590 3451
 5103 4726 6142 859 3339 5751 832 7724 6153 8919 204 3239 2261 6934 3583
 1873 8627 5273 4134 9951 745 6883 3978 314 309 5675 5061 9033 7021 5339
 5790 5509 7714 4435 4239 4771 9587 5008 2659 8926 9492 1978 9592 3131
 5693 8414 4527 1312 5017 7758 3853 215 9911 8484 6736 2483 5716 6093 2138
 7836 4940 3752 1510 139 6645 5264 4331 5732 7347 4371 8076 5124 4515 401
 4625 9244 3701 1679 9339 9871 8180 8623 5715 1950 6162 437 8987 731 2273
 1354 8272 1244 749 114 7580 8975 1541 5009 5735 2810 4121 7788 5393 1705
 603 9581 8733 2929 7182 8902 3915 2981 5666 9468 5126 1680 6656 416 6448
 2678 4908 4749 7520 2098 9250 1598 93 3237 9501 9588 9771 7448 1306 1317
 7945 5871 9287 3379 3325 4766 4441 6969 2903 892 644 2264 6856 4953 3595
 4846 9830 4737 3090 9374 5748 8764 9941 4853 1914 3494 3552 5169 2951
 7904 5083 695 6501 7761 5371 38 5003 2345 3829 7323 7711 4021 32 5180
 8323 5139 5196 8402 3685 2921 9269 1393 3886 5754 6623 6076 6770 1825 247
 3221 7080 3941 7879 8752 8116 1609 9396 8822 5535 3905 6527 6751 6152 652
 6095 2045 4570 5832 5134 3555 9952 6305 5865 7366 3691 3476 6271 2887
 5405 9259 6952 1069 99 2940 2990 423 7947 1574 7405 497 759 9356 6535
 9635 620 6290 4980 4328 8819 3686 1935 6460 2805 6845 1353 1268 4815 5220
 571 2826 9607 9636 452 6946 5604 320 2481 3662]
[694 7435 4170 5275 621 5558 1112 7207 1687 4858 6648 3964 5848 4654 2506
 3337 8742 8854 9283 8682 8362 7557 8735 9889 7146 2475 5678 3386 4585
 1594 422 288 1778 8657 5175 9773 2455 7009 71 9611 4411 9620 7659 3944
 8378 921 1934 1944 932 1610 5472 8222 9265 9309 3694 7791 2888 4964 9544
 969 2509 1617 2661 2558 5147 3129 1758 2673 8578 9204 259 1736 7459 6280
 9007 363 132 9114 5040 2928 8931 138 3099 8886 440 8011 7003 5814 1554
 4175 6254 2348 1459 2393 9355 9934 8074 7978 6245 5560 3554 7251 3438
 9199 9412 7619 5162 5940 2063 7255 4028 7417 4020 5799 3904 6005 4206
 1743 3714 2749 2054 111 9316 2989 8462 5503 9061 9006 2194 2467 3657 2707
 7322 8236 4658 8073 7577 6179 4689 3882 9139 9383 2524 6023 9703 471 6852
 5317 6393 5039 5431 7600 2718 2972 5466 1635 6283 1497 1686 6129 477 5738
 428 4474 30 3167 6819 7129 3646 481 8631 9590 325 4965 6606 7397 3353
 6657 4662 9054 5151 4862 1270 6177 5529 4285 1588 7104 7787 3194 263 9252
 5158 8548 2106 5199 7982 5548 6505 4293 7514 3600 971 7501 1882 8411 8849
 177 9891 3708 9653 7060 4469 2486 3271 396 4559 3628 6795 6802 5907 2778
 9576 5293 2766 4445 5868 782 9704 2430 403 8528 9580 8590 3451 5103 389
 8720 6142 4671 859 3339 5751 1583 832 7724 2477 7297 113 204 6755 2261
 1873 5273 4473 6990 4478 8643 6147 4879 9951 745 6883 314 9319 5061 1645
 9033 5509 7714 3255 4212 9492 1978 4308 5218 9701 3853 3074 880 5716 2138
 7979 3752 7796 2220 7347 8076 7122 401 8476 3100 3701 5930 3937 2060 5462
 4873 1950 3089 9943 2831 4889 1534 4703 7624 9003 4699 5920 2401 2697
 2069 7293 3728 5977 8130 5843 1912 4875 279 5417 9686 7983 6075 6382 6792
 5229 4148 8246 5398 6228 6090 109 8077 8401 9171 731 2273 8272 7105 1244
 3925 8269 114 1345 1668 7646 8975 8217 3891 2810 4199 1463 8093 4578 6399
 1705 7837 2529 7807 9831 9581 2929 8120 7178 8902 8238 3915 246 6043 7248
 5058 9056 2827 4501 6656 6448 7520 9426 9250 2018 5531 7492 7993 5177 93
 400 3670 8524 9501 9461 9588 6539 1838 4973 9358 7945 7070 5404 9552 9921
 687 8453 5971 4441 727 7661 6997 2264 9945 4953 1383 2521 6481 3886 6994
 1482 9356 9865 452 6546 6215 863 7115 966 529 488 6144 3656 2517 766 9138
 1138 3910 3460 5287 6330 7677 6275 9908 9949 8782 1804 7319 5048 2604
 9913 8017 1742 8617 9191 8745 4160 9262 3447 5660 345 689 9786 9702 9022
 8421 7128 7147 8938 9127 1616 9048 3813 7012 2116 8147 8685 3680 7992
 4176 9744 213 6693 1414 9229 4142 7234 9151 2165 6638 2799 6702 3846 3649
 6998 5972 4192 4374 8188 4309 1210 1394 2547 4247]
