Fault List:
55
55
55
55
55
55
55
55
55
55
55
55
55
55
55
55
55
55
55
55
55
55
55
55
55
55
55
55
55
55
FDR List:
0.55
0.55
0.55
0.55
0.55
0.55
0.55
0.55
0.55
0.55
0.55
0.55
0.55
0.55
0.55
0.55
0.55
0.55
0.55
0.55
0.55
0.55
0.55
0.55
0.55
0.55
0.55
0.55
0.55
0.55
Time List:
0.13559293746948242
0.18535685539245605
0.23736214637756348
0.18114614486694336
0.1608579158782959
0.14232802391052246
0.16254210472106934
0.18369412422180176
0.20063519477844238
0.16432428359985352
0.16686201095581055
0.17107796669006348
0.17808318138122559
0.17945218086242676
0.20643401145935059
0.14324402809143066
0.17779922485351562
0.183319091796875
0.19139695167541504
0.16242527961730957
0.1706860065460205
0.18001389503479004
0.17398905754089355
0.1576390266418457
0.19710588455200195
0.17453598976135254
0.18430113792419434
0.18007397651672363
0.16893720626831055
0.1784830093383789
Subset List:
[3218, 4559, 993, 4210, 4823, 725, 6670, 1527, 6038, 8666, 6970, 598, 9059, 6839, 7398, 866, 7044, 9933, 6719, 5871, 3400, 2769, 9735, 7989, 3459, 4820, 1605, 3741, 2840, 9441, 1898, 4477, 5206, 9237, 5582, 7941, 7958, 606, 9563, 8254, 3363, 1304, 8428, 3806, 802, 8514, 474, 6466, 6958, 1673, 8632, 7360, 357, 1181, 8491, 5056, 818, 3789, 7959, 3297, 6854, 9832, 9010, 4749, 6190, 637, 3601, 6299, 254, 7449, 434, 2957, 6138, 6656, 4503, 1823, 7262, 6160, 5154, 1983, 8275, 3840, 9528, 2940, 8840, 717, 8363, 3355, 8657, 7744, 5607, 9851, 7952, 8484, 5837, 5461, 119, 5119, 7569, 6912]
[3218, 4559, 993, 4210, 4823, 725, 6670, 1527, 6038, 8666, 6970, 598, 9059, 6839, 7398, 866, 7044, 9933, 6719, 5871, 3400, 2769, 9735, 7989, 3459, 4820, 1605, 3741, 2840, 9441, 1898, 4477, 5206, 9237, 5582, 7941, 7958, 606, 9563, 8254, 3363, 1304, 8428, 3806, 802, 8514, 474, 6466, 6958, 1673, 8632, 7360, 357, 1181, 8491, 5056, 818, 3789, 7959, 3297, 6854, 9832, 9010, 4749, 6190, 637, 3601, 6299, 254, 7449, 434, 2957, 6138, 6656, 4503, 1823, 7262, 6160, 5154, 1983, 8275, 3840, 9528, 2940, 8840, 717, 8363, 3355, 8657, 7744, 5607, 9851, 7952, 8484, 5837, 5461, 119, 5119, 7569, 6912]
[3218, 4559, 993, 4210, 4823, 725, 6670, 1527, 6038, 8666, 6970, 598, 9059, 6839, 7398, 866, 7044, 9933, 6719, 5871, 3400, 2769, 9735, 7989, 3459, 4820, 1605, 3741, 2840, 9441, 1898, 4477, 5206, 9237, 5582, 7941, 7958, 606, 9563, 8254, 3363, 1304, 8428, 3806, 802, 8514, 474, 6466, 6958, 1673, 8632, 7360, 357, 1181, 8491, 5056, 818, 3789, 7959, 3297, 6854, 9832, 9010, 4749, 6190, 637, 3601, 6299, 254, 7449, 434, 2957, 6138, 6656, 4503, 1823, 7262, 6160, 5154, 1983, 8275, 3840, 9528, 2940, 8840, 717, 8363, 3355, 8657, 7744, 5607, 9851, 7952, 8484, 5837, 5461, 119, 5119, 7569, 6912]
[3218, 4559, 993, 4210, 4823, 725, 6670, 1527, 6038, 8666, 6970, 598, 9059, 6839, 7398, 866, 7044, 9933, 6719, 5871, 3400, 2769, 9735, 7989, 3459, 4820, 1605, 3741, 2840, 9441, 1898, 4477, 5206, 9237, 5582, 7941, 7958, 606, 9563, 8254, 3363, 1304, 8428, 3806, 802, 8514, 474, 6466, 6958, 1673, 8632, 7360, 357, 1181, 8491, 5056, 818, 3789, 7959, 3297, 6854, 9832, 9010, 4749, 6190, 637, 3601, 6299, 254, 7449, 434, 2957, 6138, 6656, 4503, 1823, 7262, 6160, 5154, 1983, 8275, 3840, 9528, 2940, 8840, 717, 8363, 3355, 8657, 7744, 5607, 9851, 7952, 8484, 5837, 5461, 119, 5119, 7569, 6912]
[3218, 4559, 993, 4210, 4823, 725, 6670, 1527, 6038, 8666, 6970, 598, 9059, 6839, 7398, 866, 7044, 9933, 6719, 5871, 3400, 2769, 9735, 7989, 3459, 4820, 1605, 3741, 2840, 9441, 1898, 4477, 5206, 9237, 5582, 7941, 7958, 606, 9563, 8254, 3363, 1304, 8428, 3806, 802, 8514, 474, 6466, 6958, 1673, 8632, 7360, 357, 1181, 8491, 5056, 818, 3789, 7959, 3297, 6854, 9832, 9010, 4749, 6190, 637, 3601, 6299, 254, 7449, 434, 2957, 6138, 6656, 4503, 1823, 7262, 6160, 5154, 1983, 8275, 3840, 9528, 2940, 8840, 717, 8363, 3355, 8657, 7744, 5607, 9851, 7952, 8484, 5837, 5461, 119, 5119, 7569, 6912]
[3218, 4559, 993, 4210, 4823, 725, 6670, 1527, 6038, 8666, 6970, 598, 9059, 6839, 7398, 866, 7044, 9933, 6719, 5871, 3400, 2769, 9735, 7989, 3459, 4820, 1605, 3741, 2840, 9441, 1898, 4477, 5206, 9237, 5582, 7941, 7958, 606, 9563, 8254, 3363, 1304, 8428, 3806, 802, 8514, 474, 6466, 6958, 1673, 8632, 7360, 357, 1181, 8491, 5056, 818, 3789, 7959, 3297, 6854, 9832, 9010, 4749, 6190, 637, 3601, 6299, 254, 7449, 434, 2957, 6138, 6656, 4503, 1823, 7262, 6160, 5154, 1983, 8275, 3840, 9528, 2940, 8840, 717, 8363, 3355, 8657, 7744, 5607, 9851, 7952, 8484, 5837, 5461, 119, 5119, 7569, 6912]
[3218, 4559, 993, 4210, 4823, 725, 6670, 1527, 6038, 8666, 6970, 598, 9059, 6839, 7398, 866, 7044, 9933, 6719, 5871, 3400, 2769, 9735, 7989, 3459, 4820, 1605, 3741, 2840, 9441, 1898, 4477, 5206, 9237, 5582, 7941, 7958, 606, 9563, 8254, 3363, 1304, 8428, 3806, 802, 8514, 474, 6466, 6958, 1673, 8632, 7360, 357, 1181, 8491, 5056, 818, 3789, 7959, 3297, 6854, 9832, 9010, 4749, 6190, 637, 3601, 6299, 254, 7449, 434, 2957, 6138, 6656, 4503, 1823, 7262, 6160, 5154, 1983, 8275, 3840, 9528, 2940, 8840, 717, 8363, 3355, 8657, 7744, 5607, 9851, 7952, 8484, 5837, 5461, 119, 5119, 7569, 6912]
[3218, 4559, 993, 4210, 4823, 725, 6670, 1527, 6038, 8666, 6970, 598, 9059, 6839, 7398, 866, 7044, 9933, 6719, 5871, 3400, 2769, 9735, 7989, 3459, 4820, 1605, 3741, 2840, 9441, 1898, 4477, 5206, 9237, 5582, 7941, 7958, 606, 9563, 8254, 3363, 1304, 8428, 3806, 802, 8514, 474, 6466, 6958, 1673, 8632, 7360, 357, 1181, 8491, 5056, 818, 3789, 7959, 3297, 6854, 9832, 9010, 4749, 6190, 637, 3601, 6299, 254, 7449, 434, 2957, 6138, 6656, 4503, 1823, 7262, 6160, 5154, 1983, 8275, 3840, 9528, 2940, 8840, 717, 8363, 3355, 8657, 7744, 5607, 9851, 7952, 8484, 5837, 5461, 119, 5119, 7569, 6912]
[3218, 4559, 993, 4210, 4823, 725, 6670, 1527, 6038, 8666, 6970, 598, 9059, 6839, 7398, 866, 7044, 9933, 6719, 5871, 3400, 2769, 9735, 7989, 3459, 4820, 1605, 3741, 2840, 9441, 1898, 4477, 5206, 9237, 5582, 7941, 7958, 606, 9563, 8254, 3363, 1304, 8428, 3806, 802, 8514, 474, 6466, 6958, 1673, 8632, 7360, 357, 1181, 8491, 5056, 818, 3789, 7959, 3297, 6854, 9832, 9010, 4749, 6190, 637, 3601, 6299, 254, 7449, 434, 2957, 6138, 6656, 4503, 1823, 7262, 6160, 5154, 1983, 8275, 3840, 9528, 2940, 8840, 717, 8363, 3355, 8657, 7744, 5607, 9851, 7952, 8484, 5837, 5461, 119, 5119, 7569, 6912]
[3218, 4559, 993, 4210, 4823, 725, 6670, 1527, 6038, 8666, 6970, 598, 9059, 6839, 7398, 866, 7044, 9933, 6719, 5871, 3400, 2769, 9735, 7989, 3459, 4820, 1605, 3741, 2840, 9441, 1898, 4477, 5206, 9237, 5582, 7941, 7958, 606, 9563, 8254, 3363, 1304, 8428, 3806, 802, 8514, 474, 6466, 6958, 1673, 8632, 7360, 357, 1181, 8491, 5056, 818, 3789, 7959, 3297, 6854, 9832, 9010, 4749, 6190, 637, 3601, 6299, 254, 7449, 434, 2957, 6138, 6656, 4503, 1823, 7262, 6160, 5154, 1983, 8275, 3840, 9528, 2940, 8840, 717, 8363, 3355, 8657, 7744, 5607, 9851, 7952, 8484, 5837, 5461, 119, 5119, 7569, 6912]
[3218, 4559, 993, 4210, 4823, 725, 6670, 1527, 6038, 8666, 6970, 598, 9059, 6839, 7398, 866, 7044, 9933, 6719, 5871, 3400, 2769, 9735, 7989, 3459, 4820, 1605, 3741, 2840, 9441, 1898, 4477, 5206, 9237, 5582, 7941, 7958, 606, 9563, 8254, 3363, 1304, 8428, 3806, 802, 8514, 474, 6466, 6958, 1673, 8632, 7360, 357, 1181, 8491, 5056, 818, 3789, 7959, 3297, 6854, 9832, 9010, 4749, 6190, 637, 3601, 6299, 254, 7449, 434, 2957, 6138, 6656, 4503, 1823, 7262, 6160, 5154, 1983, 8275, 3840, 9528, 2940, 8840, 717, 8363, 3355, 8657, 7744, 5607, 9851, 7952, 8484, 5837, 5461, 119, 5119, 7569, 6912]
[3218, 4559, 993, 4210, 4823, 725, 6670, 1527, 6038, 8666, 6970, 598, 9059, 6839, 7398, 866, 7044, 9933, 6719, 5871, 3400, 2769, 9735, 7989, 3459, 4820, 1605, 3741, 2840, 9441, 1898, 4477, 5206, 9237, 5582, 7941, 7958, 606, 9563, 8254, 3363, 1304, 8428, 3806, 802, 8514, 474, 6466, 6958, 1673, 8632, 7360, 357, 1181, 8491, 5056, 818, 3789, 7959, 3297, 6854, 9832, 9010, 4749, 6190, 637, 3601, 6299, 254, 7449, 434, 2957, 6138, 6656, 4503, 1823, 7262, 6160, 5154, 1983, 8275, 3840, 9528, 2940, 8840, 717, 8363, 3355, 8657, 7744, 5607, 9851, 7952, 8484, 5837, 5461, 119, 5119, 7569, 6912]
[3218, 4559, 993, 4210, 4823, 725, 6670, 1527, 6038, 8666, 6970, 598, 9059, 6839, 7398, 866, 7044, 9933, 6719, 5871, 3400, 2769, 9735, 7989, 3459, 4820, 1605, 3741, 2840, 9441, 1898, 4477, 5206, 9237, 5582, 7941, 7958, 606, 9563, 8254, 3363, 1304, 8428, 3806, 802, 8514, 474, 6466, 6958, 1673, 8632, 7360, 357, 1181, 8491, 5056, 818, 3789, 7959, 3297, 6854, 9832, 9010, 4749, 6190, 637, 3601, 6299, 254, 7449, 434, 2957, 6138, 6656, 4503, 1823, 7262, 6160, 5154, 1983, 8275, 3840, 9528, 2940, 8840, 717, 8363, 3355, 8657, 7744, 5607, 9851, 7952, 8484, 5837, 5461, 119, 5119, 7569, 6912]
[3218, 4559, 993, 4210, 4823, 725, 6670, 1527, 6038, 8666, 6970, 598, 9059, 6839, 7398, 866, 7044, 9933, 6719, 5871, 3400, 2769, 9735, 7989, 3459, 4820, 1605, 3741, 2840, 9441, 1898, 4477, 5206, 9237, 5582, 7941, 7958, 606, 9563, 8254, 3363, 1304, 8428, 3806, 802, 8514, 474, 6466, 6958, 1673, 8632, 7360, 357, 1181, 8491, 5056, 818, 3789, 7959, 3297, 6854, 9832, 9010, 4749, 6190, 637, 3601, 6299, 254, 7449, 434, 2957, 6138, 6656, 4503, 1823, 7262, 6160, 5154, 1983, 8275, 3840, 9528, 2940, 8840, 717, 8363, 3355, 8657, 7744, 5607, 9851, 7952, 8484, 5837, 5461, 119, 5119, 7569, 6912]
[3218, 4559, 993, 4210, 4823, 725, 6670, 1527, 6038, 8666, 6970, 598, 9059, 6839, 7398, 866, 7044, 9933, 6719, 5871, 3400, 2769, 9735, 7989, 3459, 4820, 1605, 3741, 2840, 9441, 1898, 4477, 5206, 9237, 5582, 7941, 7958, 606, 9563, 8254, 3363, 1304, 8428, 3806, 802, 8514, 474, 6466, 6958, 1673, 8632, 7360, 357, 1181, 8491, 5056, 818, 3789, 7959, 3297, 6854, 9832, 9010, 4749, 6190, 637, 3601, 6299, 254, 7449, 434, 2957, 6138, 6656, 4503, 1823, 7262, 6160, 5154, 1983, 8275, 3840, 9528, 2940, 8840, 717, 8363, 3355, 8657, 7744, 5607, 9851, 7952, 8484, 5837, 5461, 119, 5119, 7569, 6912]
[3218, 4559, 993, 4210, 4823, 725, 6670, 1527, 6038, 8666, 6970, 598, 9059, 6839, 7398, 866, 7044, 9933, 6719, 5871, 3400, 2769, 9735, 7989, 3459, 4820, 1605, 3741, 2840, 9441, 1898, 4477, 5206, 9237, 5582, 7941, 7958, 606, 9563, 8254, 3363, 1304, 8428, 3806, 802, 8514, 474, 6466, 6958, 1673, 8632, 7360, 357, 1181, 8491, 5056, 818, 3789, 7959, 3297, 6854, 9832, 9010, 4749, 6190, 637, 3601, 6299, 254, 7449, 434, 2957, 6138, 6656, 4503, 1823, 7262, 6160, 5154, 1983, 8275, 3840, 9528, 2940, 8840, 717, 8363, 3355, 8657, 7744, 5607, 9851, 7952, 8484, 5837, 5461, 119, 5119, 7569, 6912]
[3218, 4559, 993, 4210, 4823, 725, 6670, 1527, 6038, 8666, 6970, 598, 9059, 6839, 7398, 866, 7044, 9933, 6719, 5871, 3400, 2769, 9735, 7989, 3459, 4820, 1605, 3741, 2840, 9441, 1898, 4477, 5206, 9237, 5582, 7941, 7958, 606, 9563, 8254, 3363, 1304, 8428, 3806, 802, 8514, 474, 6466, 6958, 1673, 8632, 7360, 357, 1181, 8491, 5056, 818, 3789, 7959, 3297, 6854, 9832, 9010, 4749, 6190, 637, 3601, 6299, 254, 7449, 434, 2957, 6138, 6656, 4503, 1823, 7262, 6160, 5154, 1983, 8275, 3840, 9528, 2940, 8840, 717, 8363, 3355, 8657, 7744, 5607, 9851, 7952, 8484, 5837, 5461, 119, 5119, 7569, 6912]
[3218, 4559, 993, 4210, 4823, 725, 6670, 1527, 6038, 8666, 6970, 598, 9059, 6839, 7398, 866, 7044, 9933, 6719, 5871, 3400, 2769, 9735, 7989, 3459, 4820, 1605, 3741, 2840, 9441, 1898, 4477, 5206, 9237, 5582, 7941, 7958, 606, 9563, 8254, 3363, 1304, 8428, 3806, 802, 8514, 474, 6466, 6958, 1673, 8632, 7360, 357, 1181, 8491, 5056, 818, 3789, 7959, 3297, 6854, 9832, 9010, 4749, 6190, 637, 3601, 6299, 254, 7449, 434, 2957, 6138, 6656, 4503, 1823, 7262, 6160, 5154, 1983, 8275, 3840, 9528, 2940, 8840, 717, 8363, 3355, 8657, 7744, 5607, 9851, 7952, 8484, 5837, 5461, 119, 5119, 7569, 6912]
[3218, 4559, 993, 4210, 4823, 725, 6670, 1527, 6038, 8666, 6970, 598, 9059, 6839, 7398, 866, 7044, 9933, 6719, 5871, 3400, 2769, 9735, 7989, 3459, 4820, 1605, 3741, 2840, 9441, 1898, 4477, 5206, 9237, 5582, 7941, 7958, 606, 9563, 8254, 3363, 1304, 8428, 3806, 802, 8514, 474, 6466, 6958, 1673, 8632, 7360, 357, 1181, 8491, 5056, 818, 3789, 7959, 3297, 6854, 9832, 9010, 4749, 6190, 637, 3601, 6299, 254, 7449, 434, 2957, 6138, 6656, 4503, 1823, 7262, 6160, 5154, 1983, 8275, 3840, 9528, 2940, 8840, 717, 8363, 3355, 8657, 7744, 5607, 9851, 7952, 8484, 5837, 5461, 119, 5119, 7569, 6912]
[3218, 4559, 993, 4210, 4823, 725, 6670, 1527, 6038, 8666, 6970, 598, 9059, 6839, 7398, 866, 7044, 9933, 6719, 5871, 3400, 2769, 9735, 7989, 3459, 4820, 1605, 3741, 2840, 9441, 1898, 4477, 5206, 9237, 5582, 7941, 7958, 606, 9563, 8254, 3363, 1304, 8428, 3806, 802, 8514, 474, 6466, 6958, 1673, 8632, 7360, 357, 1181, 8491, 5056, 818, 3789, 7959, 3297, 6854, 9832, 9010, 4749, 6190, 637, 3601, 6299, 254, 7449, 434, 2957, 6138, 6656, 4503, 1823, 7262, 6160, 5154, 1983, 8275, 3840, 9528, 2940, 8840, 717, 8363, 3355, 8657, 7744, 5607, 9851, 7952, 8484, 5837, 5461, 119, 5119, 7569, 6912]
[3218, 4559, 993, 4210, 4823, 725, 6670, 1527, 6038, 8666, 6970, 598, 9059, 6839, 7398, 866, 7044, 9933, 6719, 5871, 3400, 2769, 9735, 7989, 3459, 4820, 1605, 3741, 2840, 9441, 1898, 4477, 5206, 9237, 5582, 7941, 7958, 606, 9563, 8254, 3363, 1304, 8428, 3806, 802, 8514, 474, 6466, 6958, 1673, 8632, 7360, 357, 1181, 8491, 5056, 818, 3789, 7959, 3297, 6854, 9832, 9010, 4749, 6190, 637, 3601, 6299, 254, 7449, 434, 2957, 6138, 6656, 4503, 1823, 7262, 6160, 5154, 1983, 8275, 3840, 9528, 2940, 8840, 717, 8363, 3355, 8657, 7744, 5607, 9851, 7952, 8484, 5837, 5461, 119, 5119, 7569, 6912]
[3218, 4559, 993, 4210, 4823, 725, 6670, 1527, 6038, 8666, 6970, 598, 9059, 6839, 7398, 866, 7044, 9933, 6719, 5871, 3400, 2769, 9735, 7989, 3459, 4820, 1605, 3741, 2840, 9441, 1898, 4477, 5206, 9237, 5582, 7941, 7958, 606, 9563, 8254, 3363, 1304, 8428, 3806, 802, 8514, 474, 6466, 6958, 1673, 8632, 7360, 357, 1181, 8491, 5056, 818, 3789, 7959, 3297, 6854, 9832, 9010, 4749, 6190, 637, 3601, 6299, 254, 7449, 434, 2957, 6138, 6656, 4503, 1823, 7262, 6160, 5154, 1983, 8275, 3840, 9528, 2940, 8840, 717, 8363, 3355, 8657, 7744, 5607, 9851, 7952, 8484, 5837, 5461, 119, 5119, 7569, 6912]
[3218, 4559, 993, 4210, 4823, 725, 6670, 1527, 6038, 8666, 6970, 598, 9059, 6839, 7398, 866, 7044, 9933, 6719, 5871, 3400, 2769, 9735, 7989, 3459, 4820, 1605, 3741, 2840, 9441, 1898, 4477, 5206, 9237, 5582, 7941, 7958, 606, 9563, 8254, 3363, 1304, 8428, 3806, 802, 8514, 474, 6466, 6958, 1673, 8632, 7360, 357, 1181, 8491, 5056, 818, 3789, 7959, 3297, 6854, 9832, 9010, 4749, 6190, 637, 3601, 6299, 254, 7449, 434, 2957, 6138, 6656, 4503, 1823, 7262, 6160, 5154, 1983, 8275, 3840, 9528, 2940, 8840, 717, 8363, 3355, 8657, 7744, 5607, 9851, 7952, 8484, 5837, 5461, 119, 5119, 7569, 6912]
[3218, 4559, 993, 4210, 4823, 725, 6670, 1527, 6038, 8666, 6970, 598, 9059, 6839, 7398, 866, 7044, 9933, 6719, 5871, 3400, 2769, 9735, 7989, 3459, 4820, 1605, 3741, 2840, 9441, 1898, 4477, 5206, 9237, 5582, 7941, 7958, 606, 9563, 8254, 3363, 1304, 8428, 3806, 802, 8514, 474, 6466, 6958, 1673, 8632, 7360, 357, 1181, 8491, 5056, 818, 3789, 7959, 3297, 6854, 9832, 9010, 4749, 6190, 637, 3601, 6299, 254, 7449, 434, 2957, 6138, 6656, 4503, 1823, 7262, 6160, 5154, 1983, 8275, 3840, 9528, 2940, 8840, 717, 8363, 3355, 8657, 7744, 5607, 9851, 7952, 8484, 5837, 5461, 119, 5119, 7569, 6912]
[3218, 4559, 993, 4210, 4823, 725, 6670, 1527, 6038, 8666, 6970, 598, 9059, 6839, 7398, 866, 7044, 9933, 6719, 5871, 3400, 2769, 9735, 7989, 3459, 4820, 1605, 3741, 2840, 9441, 1898, 4477, 5206, 9237, 5582, 7941, 7958, 606, 9563, 8254, 3363, 1304, 8428, 3806, 802, 8514, 474, 6466, 6958, 1673, 8632, 7360, 357, 1181, 8491, 5056, 818, 3789, 7959, 3297, 6854, 9832, 9010, 4749, 6190, 637, 3601, 6299, 254, 7449, 434, 2957, 6138, 6656, 4503, 1823, 7262, 6160, 5154, 1983, 8275, 3840, 9528, 2940, 8840, 717, 8363, 3355, 8657, 7744, 5607, 9851, 7952, 8484, 5837, 5461, 119, 5119, 7569, 6912]
[3218, 4559, 993, 4210, 4823, 725, 6670, 1527, 6038, 8666, 6970, 598, 9059, 6839, 7398, 866, 7044, 9933, 6719, 5871, 3400, 2769, 9735, 7989, 3459, 4820, 1605, 3741, 2840, 9441, 1898, 4477, 5206, 9237, 5582, 7941, 7958, 606, 9563, 8254, 3363, 1304, 8428, 3806, 802, 8514, 474, 6466, 6958, 1673, 8632, 7360, 357, 1181, 8491, 5056, 818, 3789, 7959, 3297, 6854, 9832, 9010, 4749, 6190, 637, 3601, 6299, 254, 7449, 434, 2957, 6138, 6656, 4503, 1823, 7262, 6160, 5154, 1983, 8275, 3840, 9528, 2940, 8840, 717, 8363, 3355, 8657, 7744, 5607, 9851, 7952, 8484, 5837, 5461, 119, 5119, 7569, 6912]
[3218, 4559, 993, 4210, 4823, 725, 6670, 1527, 6038, 8666, 6970, 598, 9059, 6839, 7398, 866, 7044, 9933, 6719, 5871, 3400, 2769, 9735, 7989, 3459, 4820, 1605, 3741, 2840, 9441, 1898, 4477, 5206, 9237, 5582, 7941, 7958, 606, 9563, 8254, 3363, 1304, 8428, 3806, 802, 8514, 474, 6466, 6958, 1673, 8632, 7360, 357, 1181, 8491, 5056, 818, 3789, 7959, 3297, 6854, 9832, 9010, 4749, 6190, 637, 3601, 6299, 254, 7449, 434, 2957, 6138, 6656, 4503, 1823, 7262, 6160, 5154, 1983, 8275, 3840, 9528, 2940, 8840, 717, 8363, 3355, 8657, 7744, 5607, 9851, 7952, 8484, 5837, 5461, 119, 5119, 7569, 6912]
[3218, 4559, 993, 4210, 4823, 725, 6670, 1527, 6038, 8666, 6970, 598, 9059, 6839, 7398, 866, 7044, 9933, 6719, 5871, 3400, 2769, 9735, 7989, 3459, 4820, 1605, 3741, 2840, 9441, 1898, 4477, 5206, 9237, 5582, 7941, 7958, 606, 9563, 8254, 3363, 1304, 8428, 3806, 802, 8514, 474, 6466, 6958, 1673, 8632, 7360, 357, 1181, 8491, 5056, 818, 3789, 7959, 3297, 6854, 9832, 9010, 4749, 6190, 637, 3601, 6299, 254, 7449, 434, 2957, 6138, 6656, 4503, 1823, 7262, 6160, 5154, 1983, 8275, 3840, 9528, 2940, 8840, 717, 8363, 3355, 8657, 7744, 5607, 9851, 7952, 8484, 5837, 5461, 119, 5119, 7569, 6912]
[3218, 4559, 993, 4210, 4823, 725, 6670, 1527, 6038, 8666, 6970, 598, 9059, 6839, 7398, 866, 7044, 9933, 6719, 5871, 3400, 2769, 9735, 7989, 3459, 4820, 1605, 3741, 2840, 9441, 1898, 4477, 5206, 9237, 5582, 7941, 7958, 606, 9563, 8254, 3363, 1304, 8428, 3806, 802, 8514, 474, 6466, 6958, 1673, 8632, 7360, 357, 1181, 8491, 5056, 818, 3789, 7959, 3297, 6854, 9832, 9010, 4749, 6190, 637, 3601, 6299, 254, 7449, 434, 2957, 6138, 6656, 4503, 1823, 7262, 6160, 5154, 1983, 8275, 3840, 9528, 2940, 8840, 717, 8363, 3355, 8657, 7744, 5607, 9851, 7952, 8484, 5837, 5461, 119, 5119, 7569, 6912]
[3218, 4559, 993, 4210, 4823, 725, 6670, 1527, 6038, 8666, 6970, 598, 9059, 6839, 7398, 866, 7044, 9933, 6719, 5871, 3400, 2769, 9735, 7989, 3459, 4820, 1605, 3741, 2840, 9441, 1898, 4477, 5206, 9237, 5582, 7941, 7958, 606, 9563, 8254, 3363, 1304, 8428, 3806, 802, 8514, 474, 6466, 6958, 1673, 8632, 7360, 357, 1181, 8491, 5056, 818, 3789, 7959, 3297, 6854, 9832, 9010, 4749, 6190, 637, 3601, 6299, 254, 7449, 434, 2957, 6138, 6656, 4503, 1823, 7262, 6160, 5154, 1983, 8275, 3840, 9528, 2940, 8840, 717, 8363, 3355, 8657, 7744, 5607, 9851, 7952, 8484, 5837, 5461, 119, 5119, 7569, 6912]
