Fault List:
112
112
112
112
112
112
112
112
112
112
112
112
112
112
112
112
112
112
112
112
112
112
112
112
112
112
112
112
112
112
FDR List:
0.6292134831460674
0.6292134831460674
0.6292134831460674
0.6292134831460674
0.6292134831460674
0.6292134831460674
0.6292134831460674
0.6292134831460674
0.6292134831460674
0.6292134831460674
0.6292134831460674
0.6292134831460674
0.6292134831460674
0.6292134831460674
0.6292134831460674
0.6292134831460674
0.6292134831460674
0.6292134831460674
0.6292134831460674
0.6292134831460674
0.6292134831460674
0.6292134831460674
0.6292134831460674
0.6292134831460674
0.6292134831460674
0.6292134831460674
0.6292134831460674
0.6292134831460674
0.6292134831460674
0.6292134831460674
Time List:
6.353945016860962
6.575275897979736
7.514346122741699
7.68282413482666
6.837648868560791
6.264955997467041
6.565032958984375
6.417182922363281
5.976147413253784
6.164332866668701
6.1268463134765625
6.8747899532318115
6.640269994735718
6.51788592338562
6.151048898696899
6.168878793716431
6.3321521282196045
6.579596042633057
6.4131920337677
6.308074951171875
6.192729949951172
6.411871910095215
7.983070373535156
7.897799968719482
7.021578073501587
6.907233238220215
8.003679752349854
7.606678009033203
6.445804119110107
7.123366117477417
Subset List:
[948, 1736, 5274, 5401, 275, 9810, 3084, 1100, 5369, 2729, 8473, 6299, 8553, 5305, 2132, 6261, 9923, 4730, 7952, 3218, 8200, 1790, 675, 7443, 8619, 8633, 8480, 1732, 7941, 4565, 4547, 433, 418, 8396, 6825, 6678, 817, 2059, 368, 2316, 5365, 3980, 2679, 1950, 9665, 1429, 7330, 5820, 2454, 8212, 7119, 7004, 2752, 7399, 4304, 2841, 3083, 1280, 6178, 9654, 8580, 7536, 1453, 2948, 4826, 8033, 9704, 6590, 5634, 7224, 214, 7685, 4581, 5532, 5053, 5979, 9755, 4303, 2136, 9753, 3654, 4238, 8286, 218, 7015, 5890, 7513, 2214, 160, 6210, 6913, 6985, 5833, 3928, 5943, 4016, 1463, 4135, 8699, 3297, 5919, 3400, 7989, 3306, 6986, 2810, 5982, 6769, 6861, 2703, 6842, 3019, 9393, 4962, 1353, 2186, 370, 724, 3237, 974, 3446, 4951, 5134, 3073, 7632, 3391, 4775, 6514, 2586, 5030, 483, 1299, 1061, 8002, 9957, 6134, 1868, 2044, 5309, 3485, 3774, 3436, 4355, 4786, 1747, 9349, 119, 7223, 6125, 5200, 3107, 2525, 2386, 4071, 9126, 7387, 7518, 802, 5187, 4843, 9514, 2807, 692, 2240, 2910, 9794, 7852, 967, 1936, 2843, 878, 9093, 4504, 3922, 2010, 5718, 6232, 3251, 4795, 6444, 9995, 8886, 2755, 4947, 2038, 6298, 7062, 1112, 8183, 9930, 7892, 1829, 3051, 8009, 7861, 1323, 5029, 6545, 3097, 8735, 2081, 1241, 8156, 9940, 7174, 2829, 9791, 3614, 6389, 332, 2774, 3415, 669, 3381, 5330, 5416, 4682, 5791, 6962, 1693, 3962, 228, 6952, 2737, 1538, 799, 7318, 1905, 9067, 3110, 3358, 2005, 7105, 3463, 715, 2166, 6076, 5277, 4155, 4537, 9354, 4453, 8242, 9253, 7398, 5350, 6329, 1126, 7572, 4094, 8642, 7401, 4552, 9742, 9237, 6640, 3204, 9157, 7202, 237, 4036, 7235, 6133, 1947, 7097, 1908, 2530, 4051, 478, 888, 8115, 8731, 9609, 7887, 4306, 5700, 7430, 9274, 5098, 8494, 697, 9985, 2293, 845, 5600, 3682, 8109, 8241, 3821, 1937, 8193, 7644, 9061, 7674, 5719, 468, 7168, 4002, 8850, 1181, 7760, 5084, 6054, 6085, 2046, 5787, 8848, 1687, 2273, 7453, 2957, 3561, 8231, 4871, 42, 5794, 232, 121, 4921, 5388, 734, 565, 3183, 1178, 8977, 411, 4574, 7017, 9370, 7628, 8932, 5582, 8752, 147, 1051, 9145, 9888, 303, 3150, 4442, 1813, 6698, 6787, 8598, 945, 8840, 2003, 2570, 1739, 2285, 8261, 9790, 4307, 3849, 5506, 6574, 3618, 926, 189, 9217, 6466, 3901, 8361, 6900, 5479, 6385, 8677, 6942, 7267, 37, 749, 6040, 8102, 8271, 5460, 8514, 6533, 7785, 3953, 2565, 4447, 2219, 5086, 5961, 3430, 3645, 6841, 6531, 6190, 779, 9059, 646, 4387, 5234, 1603, 2978, 5141, 1823, 9015, 9625, 5435, 412, 68, 2243, 1612, 4476, 9492, 2320, 5709, 8410, 8161, 6613, 4313, 2216, 9968, 1772, 5306, 6879, 9215, 3651, 1034, 4422, 8312, 5617, 2114, 4423, 7930, 5544, 6783, 9819, 3343, 9269, 4516, 8854, 78, 2535, 9868, 95, 6206, 1580, 9839, 1886, 3755, 1227, 9965, 9191, 9315, 2529, 1442, 4942, 8629, 7761, 9918, 1480, 1959, 1945, 8226, 9809, 2298, 5665, 6881, 8296, 1050, 8276, 1438, 9616, 549, 6, 4586, 6111, 7916, 8166, 1372, 7931, 7716, 7849, 6748, 9737, 8072, 3253, 8266, 9120, 3185, 5894, 1074, 8877, 4749, 6753, 7795, 6535, 6854, 1579, 4926, 9449, 6349, 3324, 4661, 6715, 2325, 5871]
[948, 1736, 5274, 5401, 275, 9810, 3084, 1100, 5369, 2729, 8473, 6299, 8553, 5305, 2132, 6261, 9923, 4730, 7952, 3218, 8200, 1790, 675, 7443, 8619, 8633, 8480, 1732, 7941, 4565, 4547, 433, 418, 8396, 6825, 6678, 817, 2059, 368, 2316, 5365, 3980, 2679, 1950, 9665, 1429, 7330, 5820, 2454, 8212, 7119, 7004, 2752, 7399, 4304, 2841, 3083, 1280, 6178, 9654, 8580, 7536, 1453, 2948, 4826, 8033, 9704, 6590, 5634, 7224, 214, 7685, 4581, 5532, 5053, 5979, 9755, 4303, 2136, 9753, 3654, 4238, 8286, 218, 7015, 5890, 7513, 2214, 160, 6210, 6913, 6985, 5833, 3928, 5943, 4016, 1463, 4135, 8699, 3297, 5919, 3400, 7989, 3306, 6986, 2810, 5982, 6769, 6861, 2703, 6842, 3019, 9393, 4962, 1353, 2186, 370, 724, 3237, 974, 3446, 4951, 5134, 3073, 7632, 3391, 4775, 6514, 2586, 5030, 483, 1299, 1061, 8002, 9957, 6134, 1868, 2044, 5309, 3485, 3774, 3436, 4355, 4786, 1747, 9349, 119, 7223, 6125, 5200, 3107, 2525, 2386, 4071, 9126, 7387, 7518, 802, 5187, 4843, 9514, 2807, 692, 2240, 2910, 9794, 7852, 967, 1936, 2843, 878, 9093, 4504, 3922, 2010, 5718, 6232, 3251, 4795, 6444, 9995, 8886, 2755, 4947, 2038, 6298, 7062, 1112, 8183, 9930, 7892, 1829, 3051, 8009, 7861, 1323, 5029, 6545, 3097, 8735, 2081, 1241, 8156, 9940, 7174, 2829, 9791, 3614, 6389, 332, 2774, 3415, 669, 3381, 5330, 5416, 4682, 5791, 6962, 1693, 3962, 228, 6952, 2737, 1538, 799, 7318, 1905, 9067, 3110, 3358, 2005, 7105, 3463, 715, 2166, 6076, 5277, 4155, 4537, 9354, 4453, 8242, 9253, 7398, 5350, 6329, 1126, 7572, 4094, 8642, 7401, 4552, 9742, 9237, 6640, 3204, 9157, 7202, 237, 4036, 7235, 6133, 1947, 7097, 1908, 2530, 4051, 478, 888, 8115, 8731, 9609, 7887, 4306, 5700, 7430, 9274, 5098, 8494, 697, 9985, 2293, 845, 5600, 3682, 8109, 8241, 3821, 1937, 8193, 7644, 9061, 7674, 5719, 468, 7168, 4002, 8850, 1181, 7760, 5084, 6054, 6085, 2046, 5787, 8848, 1687, 2273, 7453, 2957, 3561, 8231, 4871, 42, 5794, 232, 121, 4921, 5388, 734, 565, 3183, 1178, 8977, 411, 4574, 7017, 9370, 7628, 8932, 5582, 8752, 147, 1051, 9145, 9888, 303, 3150, 4442, 1813, 6698, 6787, 8598, 945, 8840, 2003, 2570, 1739, 2285, 8261, 9790, 4307, 3849, 5506, 6574, 3618, 926, 189, 9217, 6466, 3901, 8361, 6900, 5479, 6385, 8677, 6942, 7267, 37, 749, 6040, 8102, 8271, 5460, 8514, 6533, 7785, 3953, 2565, 4447, 2219, 5086, 5961, 3430, 3645, 6841, 6531, 6190, 779, 9059, 646, 4387, 5234, 1603, 2978, 5141, 1823, 9015, 9625, 5435, 412, 68, 2243, 1612, 4476, 9492, 2320, 5709, 8410, 8161, 6613, 4313, 2216, 9968, 1772, 5306, 6879, 9215, 3651, 1034, 4422, 8312, 5617, 2114, 4423, 7930, 5544, 6783, 9819, 3343, 9269, 4516, 8854, 78, 2535, 9868, 95, 6206, 1580, 9839, 1886, 3755, 1227, 9965, 9191, 9315, 2529, 1442, 4942, 8629, 7761, 9918, 1480, 1959, 1945, 8226, 9809, 2298, 5665, 6881, 8296, 1050, 8276, 1438, 9616, 549, 6, 4586, 6111, 7916, 8166, 1372, 7931, 7716, 7849, 6748, 9737, 8072, 3253, 8266, 9120, 3185, 5894, 1074, 8877, 4749, 6753, 7795, 6535, 6854, 1579, 4926, 9449, 6349, 3324, 4661, 6715, 2325, 5871]
[948, 1736, 5274, 5401, 275, 9810, 3084, 1100, 5369, 2729, 8473, 6299, 8553, 5305, 2132, 6261, 9923, 4730, 7952, 3218, 8200, 1790, 675, 7443, 8619, 8633, 8480, 1732, 7941, 4565, 4547, 433, 418, 8396, 6825, 6678, 817, 2059, 368, 2316, 5365, 3980, 2679, 1950, 9665, 1429, 7330, 5820, 2454, 8212, 7119, 7004, 2752, 7399, 4304, 2841, 3083, 1280, 6178, 9654, 8580, 7536, 1453, 2948, 4826, 8033, 9704, 6590, 5634, 7224, 214, 7685, 4581, 5532, 5053, 5979, 9755, 4303, 2136, 9753, 3654, 4238, 8286, 218, 7015, 5890, 7513, 2214, 160, 6210, 6913, 6985, 5833, 3928, 5943, 4016, 1463, 4135, 8699, 3297, 5919, 3400, 7989, 3306, 6986, 2810, 5982, 6769, 6861, 2703, 6842, 3019, 9393, 4962, 1353, 2186, 370, 724, 3237, 974, 3446, 4951, 5134, 3073, 7632, 3391, 4775, 6514, 2586, 5030, 483, 1299, 1061, 8002, 9957, 6134, 1868, 2044, 5309, 3485, 3774, 3436, 4355, 4786, 1747, 9349, 119, 7223, 6125, 5200, 3107, 2525, 2386, 4071, 9126, 7387, 7518, 802, 5187, 4843, 9514, 2807, 692, 2240, 2910, 9794, 7852, 967, 1936, 2843, 878, 9093, 4504, 3922, 2010, 5718, 6232, 3251, 4795, 6444, 9995, 8886, 2755, 4947, 2038, 6298, 7062, 1112, 8183, 9930, 7892, 1829, 3051, 8009, 7861, 1323, 5029, 6545, 3097, 8735, 2081, 1241, 8156, 9940, 7174, 2829, 9791, 3614, 6389, 332, 2774, 3415, 669, 3381, 5330, 5416, 4682, 5791, 6962, 1693, 3962, 228, 6952, 2737, 1538, 799, 7318, 1905, 9067, 3110, 3358, 2005, 7105, 3463, 715, 2166, 6076, 5277, 4155, 4537, 9354, 4453, 8242, 9253, 7398, 5350, 6329, 1126, 7572, 4094, 8642, 7401, 4552, 9742, 9237, 6640, 3204, 9157, 7202, 237, 4036, 7235, 6133, 1947, 7097, 1908, 2530, 4051, 478, 888, 8115, 8731, 9609, 7887, 4306, 5700, 7430, 9274, 5098, 8494, 697, 9985, 2293, 845, 5600, 3682, 8109, 8241, 3821, 1937, 8193, 7644, 9061, 7674, 5719, 468, 7168, 4002, 8850, 1181, 7760, 5084, 6054, 6085, 2046, 5787, 8848, 1687, 2273, 7453, 2957, 3561, 8231, 4871, 42, 5794, 232, 121, 4921, 5388, 734, 565, 3183, 1178, 8977, 411, 4574, 7017, 9370, 7628, 8932, 5582, 8752, 147, 1051, 9145, 9888, 303, 3150, 4442, 1813, 6698, 6787, 8598, 945, 8840, 2003, 2570, 1739, 2285, 8261, 9790, 4307, 3849, 5506, 6574, 3618, 926, 189, 9217, 6466, 3901, 8361, 6900, 5479, 6385, 8677, 6942, 7267, 37, 749, 6040, 8102, 8271, 5460, 8514, 6533, 7785, 3953, 2565, 4447, 2219, 5086, 5961, 3430, 3645, 6841, 6531, 6190, 779, 9059, 646, 4387, 5234, 1603, 2978, 5141, 1823, 9015, 9625, 5435, 412, 68, 2243, 1612, 4476, 9492, 2320, 5709, 8410, 8161, 6613, 4313, 2216, 9968, 1772, 5306, 6879, 9215, 3651, 1034, 4422, 8312, 5617, 2114, 4423, 7930, 5544, 6783, 9819, 3343, 9269, 4516, 8854, 78, 2535, 9868, 95, 6206, 1580, 9839, 1886, 3755, 1227, 9965, 9191, 9315, 2529, 1442, 4942, 8629, 7761, 9918, 1480, 1959, 1945, 8226, 9809, 2298, 5665, 6881, 8296, 1050, 8276, 1438, 9616, 549, 6, 4586, 6111, 7916, 8166, 1372, 7931, 7716, 7849, 6748, 9737, 8072, 3253, 8266, 9120, 3185, 5894, 1074, 8877, 4749, 6753, 7795, 6535, 6854, 1579, 4926, 9449, 6349, 3324, 4661, 6715, 2325, 5871]
[948, 1736, 5274, 5401, 275, 9810, 3084, 1100, 5369, 2729, 8473, 6299, 8553, 5305, 2132, 6261, 9923, 4730, 7952, 3218, 8200, 1790, 675, 7443, 8619, 8633, 8480, 1732, 7941, 4565, 4547, 433, 418, 8396, 6825, 6678, 817, 2059, 368, 2316, 5365, 3980, 2679, 1950, 9665, 1429, 7330, 5820, 2454, 8212, 7119, 7004, 2752, 7399, 4304, 2841, 3083, 1280, 6178, 9654, 8580, 7536, 1453, 2948, 4826, 8033, 9704, 6590, 5634, 7224, 214, 7685, 4581, 5532, 5053, 5979, 9755, 4303, 2136, 9753, 3654, 4238, 8286, 218, 7015, 5890, 7513, 2214, 160, 6210, 6913, 6985, 5833, 3928, 5943, 4016, 1463, 4135, 8699, 3297, 5919, 3400, 7989, 3306, 6986, 2810, 5982, 6769, 6861, 2703, 6842, 3019, 9393, 4962, 1353, 2186, 370, 724, 3237, 974, 3446, 4951, 5134, 3073, 7632, 3391, 4775, 6514, 2586, 5030, 483, 1299, 1061, 8002, 9957, 6134, 1868, 2044, 5309, 3485, 3774, 3436, 4355, 4786, 1747, 9349, 119, 7223, 6125, 5200, 3107, 2525, 2386, 4071, 9126, 7387, 7518, 802, 5187, 4843, 9514, 2807, 692, 2240, 2910, 9794, 7852, 967, 1936, 2843, 878, 9093, 4504, 3922, 2010, 5718, 6232, 3251, 4795, 6444, 9995, 8886, 2755, 4947, 2038, 6298, 7062, 1112, 8183, 9930, 7892, 1829, 3051, 8009, 7861, 1323, 5029, 6545, 3097, 8735, 2081, 1241, 8156, 9940, 7174, 2829, 9791, 3614, 6389, 332, 2774, 3415, 669, 3381, 5330, 5416, 4682, 5791, 6962, 1693, 3962, 228, 6952, 2737, 1538, 799, 7318, 1905, 9067, 3110, 3358, 2005, 7105, 3463, 715, 2166, 6076, 5277, 4155, 4537, 9354, 4453, 8242, 9253, 7398, 5350, 6329, 1126, 7572, 4094, 8642, 7401, 4552, 9742, 9237, 6640, 3204, 9157, 7202, 237, 4036, 7235, 6133, 1947, 7097, 1908, 2530, 4051, 478, 888, 8115, 8731, 9609, 7887, 4306, 5700, 7430, 9274, 5098, 8494, 697, 9985, 2293, 845, 5600, 3682, 8109, 8241, 3821, 1937, 8193, 7644, 9061, 7674, 5719, 468, 7168, 4002, 8850, 1181, 7760, 5084, 6054, 6085, 2046, 5787, 8848, 1687, 2273, 7453, 2957, 3561, 8231, 4871, 42, 5794, 232, 121, 4921, 5388, 734, 565, 3183, 1178, 8977, 411, 4574, 7017, 9370, 7628, 8932, 5582, 8752, 147, 1051, 9145, 9888, 303, 3150, 4442, 1813, 6698, 6787, 8598, 945, 8840, 2003, 2570, 1739, 2285, 8261, 9790, 4307, 3849, 5506, 6574, 3618, 926, 189, 9217, 6466, 3901, 8361, 6900, 5479, 6385, 8677, 6942, 7267, 37, 749, 6040, 8102, 8271, 5460, 8514, 6533, 7785, 3953, 2565, 4447, 2219, 5086, 5961, 3430, 3645, 6841, 6531, 6190, 779, 9059, 646, 4387, 5234, 1603, 2978, 5141, 1823, 9015, 9625, 5435, 412, 68, 2243, 1612, 4476, 9492, 2320, 5709, 8410, 8161, 6613, 4313, 2216, 9968, 1772, 5306, 6879, 9215, 3651, 1034, 4422, 8312, 5617, 2114, 4423, 7930, 5544, 6783, 9819, 3343, 9269, 4516, 8854, 78, 2535, 9868, 95, 6206, 1580, 9839, 1886, 3755, 1227, 9965, 9191, 9315, 2529, 1442, 4942, 8629, 7761, 9918, 1480, 1959, 1945, 8226, 9809, 2298, 5665, 6881, 8296, 1050, 8276, 1438, 9616, 549, 6, 4586, 6111, 7916, 8166, 1372, 7931, 7716, 7849, 6748, 9737, 8072, 3253, 8266, 9120, 3185, 5894, 1074, 8877, 4749, 6753, 7795, 6535, 6854, 1579, 4926, 9449, 6349, 3324, 4661, 6715, 2325, 5871]
[948, 1736, 5274, 5401, 275, 9810, 3084, 1100, 5369, 2729, 8473, 6299, 8553, 5305, 2132, 6261, 9923, 4730, 7952, 3218, 8200, 1790, 675, 7443, 8619, 8633, 8480, 1732, 7941, 4565, 4547, 433, 418, 8396, 6825, 6678, 817, 2059, 368, 2316, 5365, 3980, 2679, 1950, 9665, 1429, 7330, 5820, 2454, 8212, 7119, 7004, 2752, 7399, 4304, 2841, 3083, 1280, 6178, 9654, 8580, 7536, 1453, 2948, 4826, 8033, 9704, 6590, 5634, 7224, 214, 7685, 4581, 5532, 5053, 5979, 9755, 4303, 2136, 9753, 3654, 4238, 8286, 218, 7015, 5890, 7513, 2214, 160, 6210, 6913, 6985, 5833, 3928, 5943, 4016, 1463, 4135, 8699, 3297, 5919, 3400, 7989, 3306, 6986, 2810, 5982, 6769, 6861, 2703, 6842, 3019, 9393, 4962, 1353, 2186, 370, 724, 3237, 974, 3446, 4951, 5134, 3073, 7632, 3391, 4775, 6514, 2586, 5030, 483, 1299, 1061, 8002, 9957, 6134, 1868, 2044, 5309, 3485, 3774, 3436, 4355, 4786, 1747, 9349, 119, 7223, 6125, 5200, 3107, 2525, 2386, 4071, 9126, 7387, 7518, 802, 5187, 4843, 9514, 2807, 692, 2240, 2910, 9794, 7852, 967, 1936, 2843, 878, 9093, 4504, 3922, 2010, 5718, 6232, 3251, 4795, 6444, 9995, 8886, 2755, 4947, 2038, 6298, 7062, 1112, 8183, 9930, 7892, 1829, 3051, 8009, 7861, 1323, 5029, 6545, 3097, 8735, 2081, 1241, 8156, 9940, 7174, 2829, 9791, 3614, 6389, 332, 2774, 3415, 669, 3381, 5330, 5416, 4682, 5791, 6962, 1693, 3962, 228, 6952, 2737, 1538, 799, 7318, 1905, 9067, 3110, 3358, 2005, 7105, 3463, 715, 2166, 6076, 5277, 4155, 4537, 9354, 4453, 8242, 9253, 7398, 5350, 6329, 1126, 7572, 4094, 8642, 7401, 4552, 9742, 9237, 6640, 3204, 9157, 7202, 237, 4036, 7235, 6133, 1947, 7097, 1908, 2530, 4051, 478, 888, 8115, 8731, 9609, 7887, 4306, 5700, 7430, 9274, 5098, 8494, 697, 9985, 2293, 845, 5600, 3682, 8109, 8241, 3821, 1937, 8193, 7644, 9061, 7674, 5719, 468, 7168, 4002, 8850, 1181, 7760, 5084, 6054, 6085, 2046, 5787, 8848, 1687, 2273, 7453, 2957, 3561, 8231, 4871, 42, 5794, 232, 121, 4921, 5388, 734, 565, 3183, 1178, 8977, 411, 4574, 7017, 9370, 7628, 8932, 5582, 8752, 147, 1051, 9145, 9888, 303, 3150, 4442, 1813, 6698, 6787, 8598, 945, 8840, 2003, 2570, 1739, 2285, 8261, 9790, 4307, 3849, 5506, 6574, 3618, 926, 189, 9217, 6466, 3901, 8361, 6900, 5479, 6385, 8677, 6942, 7267, 37, 749, 6040, 8102, 8271, 5460, 8514, 6533, 7785, 3953, 2565, 4447, 2219, 5086, 5961, 3430, 3645, 6841, 6531, 6190, 779, 9059, 646, 4387, 5234, 1603, 2978, 5141, 1823, 9015, 9625, 5435, 412, 68, 2243, 1612, 4476, 9492, 2320, 5709, 8410, 8161, 6613, 4313, 2216, 9968, 1772, 5306, 6879, 9215, 3651, 1034, 4422, 8312, 5617, 2114, 4423, 7930, 5544, 6783, 9819, 3343, 9269, 4516, 8854, 78, 2535, 9868, 95, 6206, 1580, 9839, 1886, 3755, 1227, 9965, 9191, 9315, 2529, 1442, 4942, 8629, 7761, 9918, 1480, 1959, 1945, 8226, 9809, 2298, 5665, 6881, 8296, 1050, 8276, 1438, 9616, 549, 6, 4586, 6111, 7916, 8166, 1372, 7931, 7716, 7849, 6748, 9737, 8072, 3253, 8266, 9120, 3185, 5894, 1074, 8877, 4749, 6753, 7795, 6535, 6854, 1579, 4926, 9449, 6349, 3324, 4661, 6715, 2325, 5871]
[948, 1736, 5274, 5401, 275, 9810, 3084, 1100, 5369, 2729, 8473, 6299, 8553, 5305, 2132, 6261, 9923, 4730, 7952, 3218, 8200, 1790, 675, 7443, 8619, 8633, 8480, 1732, 7941, 4565, 4547, 433, 418, 8396, 6825, 6678, 817, 2059, 368, 2316, 5365, 3980, 2679, 1950, 9665, 1429, 7330, 5820, 2454, 8212, 7119, 7004, 2752, 7399, 4304, 2841, 3083, 1280, 6178, 9654, 8580, 7536, 1453, 2948, 4826, 8033, 9704, 6590, 5634, 7224, 214, 7685, 4581, 5532, 5053, 5979, 9755, 4303, 2136, 9753, 3654, 4238, 8286, 218, 7015, 5890, 7513, 2214, 160, 6210, 6913, 6985, 5833, 3928, 5943, 4016, 1463, 4135, 8699, 3297, 5919, 3400, 7989, 3306, 6986, 2810, 5982, 6769, 6861, 2703, 6842, 3019, 9393, 4962, 1353, 2186, 370, 724, 3237, 974, 3446, 4951, 5134, 3073, 7632, 3391, 4775, 6514, 2586, 5030, 483, 1299, 1061, 8002, 9957, 6134, 1868, 2044, 5309, 3485, 3774, 3436, 4355, 4786, 1747, 9349, 119, 7223, 6125, 5200, 3107, 2525, 2386, 4071, 9126, 7387, 7518, 802, 5187, 4843, 9514, 2807, 692, 2240, 2910, 9794, 7852, 967, 1936, 2843, 878, 9093, 4504, 3922, 2010, 5718, 6232, 3251, 4795, 6444, 9995, 8886, 2755, 4947, 2038, 6298, 7062, 1112, 8183, 9930, 7892, 1829, 3051, 8009, 7861, 1323, 5029, 6545, 3097, 8735, 2081, 1241, 8156, 9940, 7174, 2829, 9791, 3614, 6389, 332, 2774, 3415, 669, 3381, 5330, 5416, 4682, 5791, 6962, 1693, 3962, 228, 6952, 2737, 1538, 799, 7318, 1905, 9067, 3110, 3358, 2005, 7105, 3463, 715, 2166, 6076, 5277, 4155, 4537, 9354, 4453, 8242, 9253, 7398, 5350, 6329, 1126, 7572, 4094, 8642, 7401, 4552, 9742, 9237, 6640, 3204, 9157, 7202, 237, 4036, 7235, 6133, 1947, 7097, 1908, 2530, 4051, 478, 888, 8115, 8731, 9609, 7887, 4306, 5700, 7430, 9274, 5098, 8494, 697, 9985, 2293, 845, 5600, 3682, 8109, 8241, 3821, 1937, 8193, 7644, 9061, 7674, 5719, 468, 7168, 4002, 8850, 1181, 7760, 5084, 6054, 6085, 2046, 5787, 8848, 1687, 2273, 7453, 2957, 3561, 8231, 4871, 42, 5794, 232, 121, 4921, 5388, 734, 565, 3183, 1178, 8977, 411, 4574, 7017, 9370, 7628, 8932, 5582, 8752, 147, 1051, 9145, 9888, 303, 3150, 4442, 1813, 6698, 6787, 8598, 945, 8840, 2003, 2570, 1739, 2285, 8261, 9790, 4307, 3849, 5506, 6574, 3618, 926, 189, 9217, 6466, 3901, 8361, 6900, 5479, 6385, 8677, 6942, 7267, 37, 749, 6040, 8102, 8271, 5460, 8514, 6533, 7785, 3953, 2565, 4447, 2219, 5086, 5961, 3430, 3645, 6841, 6531, 6190, 779, 9059, 646, 4387, 5234, 1603, 2978, 5141, 1823, 9015, 9625, 5435, 412, 68, 2243, 1612, 4476, 9492, 2320, 5709, 8410, 8161, 6613, 4313, 2216, 9968, 1772, 5306, 6879, 9215, 3651, 1034, 4422, 8312, 5617, 2114, 4423, 7930, 5544, 6783, 9819, 3343, 9269, 4516, 8854, 78, 2535, 9868, 95, 6206, 1580, 9839, 1886, 3755, 1227, 9965, 9191, 9315, 2529, 1442, 4942, 8629, 7761, 9918, 1480, 1959, 1945, 8226, 9809, 2298, 5665, 6881, 8296, 1050, 8276, 1438, 9616, 549, 6, 4586, 6111, 7916, 8166, 1372, 7931, 7716, 7849, 6748, 9737, 8072, 3253, 8266, 9120, 3185, 5894, 1074, 8877, 4749, 6753, 7795, 6535, 6854, 1579, 4926, 9449, 6349, 3324, 4661, 6715, 2325, 5871]
[948, 1736, 5274, 5401, 275, 9810, 3084, 1100, 5369, 2729, 8473, 6299, 8553, 5305, 2132, 6261, 9923, 4730, 7952, 3218, 8200, 1790, 675, 7443, 8619, 8633, 8480, 1732, 7941, 4565, 4547, 433, 418, 8396, 6825, 6678, 817, 2059, 368, 2316, 5365, 3980, 2679, 1950, 9665, 1429, 7330, 5820, 2454, 8212, 7119, 7004, 2752, 7399, 4304, 2841, 3083, 1280, 6178, 9654, 8580, 7536, 1453, 2948, 4826, 8033, 9704, 6590, 5634, 7224, 214, 7685, 4581, 5532, 5053, 5979, 9755, 4303, 2136, 9753, 3654, 4238, 8286, 218, 7015, 5890, 7513, 2214, 160, 6210, 6913, 6985, 5833, 3928, 5943, 4016, 1463, 4135, 8699, 3297, 5919, 3400, 7989, 3306, 6986, 2810, 5982, 6769, 6861, 2703, 6842, 3019, 9393, 4962, 1353, 2186, 370, 724, 3237, 974, 3446, 4951, 5134, 3073, 7632, 3391, 4775, 6514, 2586, 5030, 483, 1299, 1061, 8002, 9957, 6134, 1868, 2044, 5309, 3485, 3774, 3436, 4355, 4786, 1747, 9349, 119, 7223, 6125, 5200, 3107, 2525, 2386, 4071, 9126, 7387, 7518, 802, 5187, 4843, 9514, 2807, 692, 2240, 2910, 9794, 7852, 967, 1936, 2843, 878, 9093, 4504, 3922, 2010, 5718, 6232, 3251, 4795, 6444, 9995, 8886, 2755, 4947, 2038, 6298, 7062, 1112, 8183, 9930, 7892, 1829, 3051, 8009, 7861, 1323, 5029, 6545, 3097, 8735, 2081, 1241, 8156, 9940, 7174, 2829, 9791, 3614, 6389, 332, 2774, 3415, 669, 3381, 5330, 5416, 4682, 5791, 6962, 1693, 3962, 228, 6952, 2737, 1538, 799, 7318, 1905, 9067, 3110, 3358, 2005, 7105, 3463, 715, 2166, 6076, 5277, 4155, 4537, 9354, 4453, 8242, 9253, 7398, 5350, 6329, 1126, 7572, 4094, 8642, 7401, 4552, 9742, 9237, 6640, 3204, 9157, 7202, 237, 4036, 7235, 6133, 1947, 7097, 1908, 2530, 4051, 478, 888, 8115, 8731, 9609, 7887, 4306, 5700, 7430, 9274, 5098, 8494, 697, 9985, 2293, 845, 5600, 3682, 8109, 8241, 3821, 1937, 8193, 7644, 9061, 7674, 5719, 468, 7168, 4002, 8850, 1181, 7760, 5084, 6054, 6085, 2046, 5787, 8848, 1687, 2273, 7453, 2957, 3561, 8231, 4871, 42, 5794, 232, 121, 4921, 5388, 734, 565, 3183, 1178, 8977, 411, 4574, 7017, 9370, 7628, 8932, 5582, 8752, 147, 1051, 9145, 9888, 303, 3150, 4442, 1813, 6698, 6787, 8598, 945, 8840, 2003, 2570, 1739, 2285, 8261, 9790, 4307, 3849, 5506, 6574, 3618, 926, 189, 9217, 6466, 3901, 8361, 6900, 5479, 6385, 8677, 6942, 7267, 37, 749, 6040, 8102, 8271, 5460, 8514, 6533, 7785, 3953, 2565, 4447, 2219, 5086, 5961, 3430, 3645, 6841, 6531, 6190, 779, 9059, 646, 4387, 5234, 1603, 2978, 5141, 1823, 9015, 9625, 5435, 412, 68, 2243, 1612, 4476, 9492, 2320, 5709, 8410, 8161, 6613, 4313, 2216, 9968, 1772, 5306, 6879, 9215, 3651, 1034, 4422, 8312, 5617, 2114, 4423, 7930, 5544, 6783, 9819, 3343, 9269, 4516, 8854, 78, 2535, 9868, 95, 6206, 1580, 9839, 1886, 3755, 1227, 9965, 9191, 9315, 2529, 1442, 4942, 8629, 7761, 9918, 1480, 1959, 1945, 8226, 9809, 2298, 5665, 6881, 8296, 1050, 8276, 1438, 9616, 549, 6, 4586, 6111, 7916, 8166, 1372, 7931, 7716, 7849, 6748, 9737, 8072, 3253, 8266, 9120, 3185, 5894, 1074, 8877, 4749, 6753, 7795, 6535, 6854, 1579, 4926, 9449, 6349, 3324, 4661, 6715, 2325, 5871]
[948, 1736, 5274, 5401, 275, 9810, 3084, 1100, 5369, 2729, 8473, 6299, 8553, 5305, 2132, 6261, 9923, 4730, 7952, 3218, 8200, 1790, 675, 7443, 8619, 8633, 8480, 1732, 7941, 4565, 4547, 433, 418, 8396, 6825, 6678, 817, 2059, 368, 2316, 5365, 3980, 2679, 1950, 9665, 1429, 7330, 5820, 2454, 8212, 7119, 7004, 2752, 7399, 4304, 2841, 3083, 1280, 6178, 9654, 8580, 7536, 1453, 2948, 4826, 8033, 9704, 6590, 5634, 7224, 214, 7685, 4581, 5532, 5053, 5979, 9755, 4303, 2136, 9753, 3654, 4238, 8286, 218, 7015, 5890, 7513, 2214, 160, 6210, 6913, 6985, 5833, 3928, 5943, 4016, 1463, 4135, 8699, 3297, 5919, 3400, 7989, 3306, 6986, 2810, 5982, 6769, 6861, 2703, 6842, 3019, 9393, 4962, 1353, 2186, 370, 724, 3237, 974, 3446, 4951, 5134, 3073, 7632, 3391, 4775, 6514, 2586, 5030, 483, 1299, 1061, 8002, 9957, 6134, 1868, 2044, 5309, 3485, 3774, 3436, 4355, 4786, 1747, 9349, 119, 7223, 6125, 5200, 3107, 2525, 2386, 4071, 9126, 7387, 7518, 802, 5187, 4843, 9514, 2807, 692, 2240, 2910, 9794, 7852, 967, 1936, 2843, 878, 9093, 4504, 3922, 2010, 5718, 6232, 3251, 4795, 6444, 9995, 8886, 2755, 4947, 2038, 6298, 7062, 1112, 8183, 9930, 7892, 1829, 3051, 8009, 7861, 1323, 5029, 6545, 3097, 8735, 2081, 1241, 8156, 9940, 7174, 2829, 9791, 3614, 6389, 332, 2774, 3415, 669, 3381, 5330, 5416, 4682, 5791, 6962, 1693, 3962, 228, 6952, 2737, 1538, 799, 7318, 1905, 9067, 3110, 3358, 2005, 7105, 3463, 715, 2166, 6076, 5277, 4155, 4537, 9354, 4453, 8242, 9253, 7398, 5350, 6329, 1126, 7572, 4094, 8642, 7401, 4552, 9742, 9237, 6640, 3204, 9157, 7202, 237, 4036, 7235, 6133, 1947, 7097, 1908, 2530, 4051, 478, 888, 8115, 8731, 9609, 7887, 4306, 5700, 7430, 9274, 5098, 8494, 697, 9985, 2293, 845, 5600, 3682, 8109, 8241, 3821, 1937, 8193, 7644, 9061, 7674, 5719, 468, 7168, 4002, 8850, 1181, 7760, 5084, 6054, 6085, 2046, 5787, 8848, 1687, 2273, 7453, 2957, 3561, 8231, 4871, 42, 5794, 232, 121, 4921, 5388, 734, 565, 3183, 1178, 8977, 411, 4574, 7017, 9370, 7628, 8932, 5582, 8752, 147, 1051, 9145, 9888, 303, 3150, 4442, 1813, 6698, 6787, 8598, 945, 8840, 2003, 2570, 1739, 2285, 8261, 9790, 4307, 3849, 5506, 6574, 3618, 926, 189, 9217, 6466, 3901, 8361, 6900, 5479, 6385, 8677, 6942, 7267, 37, 749, 6040, 8102, 8271, 5460, 8514, 6533, 7785, 3953, 2565, 4447, 2219, 5086, 5961, 3430, 3645, 6841, 6531, 6190, 779, 9059, 646, 4387, 5234, 1603, 2978, 5141, 1823, 9015, 9625, 5435, 412, 68, 2243, 1612, 4476, 9492, 2320, 5709, 8410, 8161, 6613, 4313, 2216, 9968, 1772, 5306, 6879, 9215, 3651, 1034, 4422, 8312, 5617, 2114, 4423, 7930, 5544, 6783, 9819, 3343, 9269, 4516, 8854, 78, 2535, 9868, 95, 6206, 1580, 9839, 1886, 3755, 1227, 9965, 9191, 9315, 2529, 1442, 4942, 8629, 7761, 9918, 1480, 1959, 1945, 8226, 9809, 2298, 5665, 6881, 8296, 1050, 8276, 1438, 9616, 549, 6, 4586, 6111, 7916, 8166, 1372, 7931, 7716, 7849, 6748, 9737, 8072, 3253, 8266, 9120, 3185, 5894, 1074, 8877, 4749, 6753, 7795, 6535, 6854, 1579, 4926, 9449, 6349, 3324, 4661, 6715, 2325, 5871]
[948, 1736, 5274, 5401, 275, 9810, 3084, 1100, 5369, 2729, 8473, 6299, 8553, 5305, 2132, 6261, 9923, 4730, 7952, 3218, 8200, 1790, 675, 7443, 8619, 8633, 8480, 1732, 7941, 4565, 4547, 433, 418, 8396, 6825, 6678, 817, 2059, 368, 2316, 5365, 3980, 2679, 1950, 9665, 1429, 7330, 5820, 2454, 8212, 7119, 7004, 2752, 7399, 4304, 2841, 3083, 1280, 6178, 9654, 8580, 7536, 1453, 2948, 4826, 8033, 9704, 6590, 5634, 7224, 214, 7685, 4581, 5532, 5053, 5979, 9755, 4303, 2136, 9753, 3654, 4238, 8286, 218, 7015, 5890, 7513, 2214, 160, 6210, 6913, 6985, 5833, 3928, 5943, 4016, 1463, 4135, 8699, 3297, 5919, 3400, 7989, 3306, 6986, 2810, 5982, 6769, 6861, 2703, 6842, 3019, 9393, 4962, 1353, 2186, 370, 724, 3237, 974, 3446, 4951, 5134, 3073, 7632, 3391, 4775, 6514, 2586, 5030, 483, 1299, 1061, 8002, 9957, 6134, 1868, 2044, 5309, 3485, 3774, 3436, 4355, 4786, 1747, 9349, 119, 7223, 6125, 5200, 3107, 2525, 2386, 4071, 9126, 7387, 7518, 802, 5187, 4843, 9514, 2807, 692, 2240, 2910, 9794, 7852, 967, 1936, 2843, 878, 9093, 4504, 3922, 2010, 5718, 6232, 3251, 4795, 6444, 9995, 8886, 2755, 4947, 2038, 6298, 7062, 1112, 8183, 9930, 7892, 1829, 3051, 8009, 7861, 1323, 5029, 6545, 3097, 8735, 2081, 1241, 8156, 9940, 7174, 2829, 9791, 3614, 6389, 332, 2774, 3415, 669, 3381, 5330, 5416, 4682, 5791, 6962, 1693, 3962, 228, 6952, 2737, 1538, 799, 7318, 1905, 9067, 3110, 3358, 2005, 7105, 3463, 715, 2166, 6076, 5277, 4155, 4537, 9354, 4453, 8242, 9253, 7398, 5350, 6329, 1126, 7572, 4094, 8642, 7401, 4552, 9742, 9237, 6640, 3204, 9157, 7202, 237, 4036, 7235, 6133, 1947, 7097, 1908, 2530, 4051, 478, 888, 8115, 8731, 9609, 7887, 4306, 5700, 7430, 9274, 5098, 8494, 697, 9985, 2293, 845, 5600, 3682, 8109, 8241, 3821, 1937, 8193, 7644, 9061, 7674, 5719, 468, 7168, 4002, 8850, 1181, 7760, 5084, 6054, 6085, 2046, 5787, 8848, 1687, 2273, 7453, 2957, 3561, 8231, 4871, 42, 5794, 232, 121, 4921, 5388, 734, 565, 3183, 1178, 8977, 411, 4574, 7017, 9370, 7628, 8932, 5582, 8752, 147, 1051, 9145, 9888, 303, 3150, 4442, 1813, 6698, 6787, 8598, 945, 8840, 2003, 2570, 1739, 2285, 8261, 9790, 4307, 3849, 5506, 6574, 3618, 926, 189, 9217, 6466, 3901, 8361, 6900, 5479, 6385, 8677, 6942, 7267, 37, 749, 6040, 8102, 8271, 5460, 8514, 6533, 7785, 3953, 2565, 4447, 2219, 5086, 5961, 3430, 3645, 6841, 6531, 6190, 779, 9059, 646, 4387, 5234, 1603, 2978, 5141, 1823, 9015, 9625, 5435, 412, 68, 2243, 1612, 4476, 9492, 2320, 5709, 8410, 8161, 6613, 4313, 2216, 9968, 1772, 5306, 6879, 9215, 3651, 1034, 4422, 8312, 5617, 2114, 4423, 7930, 5544, 6783, 9819, 3343, 9269, 4516, 8854, 78, 2535, 9868, 95, 6206, 1580, 9839, 1886, 3755, 1227, 9965, 9191, 9315, 2529, 1442, 4942, 8629, 7761, 9918, 1480, 1959, 1945, 8226, 9809, 2298, 5665, 6881, 8296, 1050, 8276, 1438, 9616, 549, 6, 4586, 6111, 7916, 8166, 1372, 7931, 7716, 7849, 6748, 9737, 8072, 3253, 8266, 9120, 3185, 5894, 1074, 8877, 4749, 6753, 7795, 6535, 6854, 1579, 4926, 9449, 6349, 3324, 4661, 6715, 2325, 5871]
[948, 1736, 5274, 5401, 275, 9810, 3084, 1100, 5369, 2729, 8473, 6299, 8553, 5305, 2132, 6261, 9923, 4730, 7952, 3218, 8200, 1790, 675, 7443, 8619, 8633, 8480, 1732, 7941, 4565, 4547, 433, 418, 8396, 6825, 6678, 817, 2059, 368, 2316, 5365, 3980, 2679, 1950, 9665, 1429, 7330, 5820, 2454, 8212, 7119, 7004, 2752, 7399, 4304, 2841, 3083, 1280, 6178, 9654, 8580, 7536, 1453, 2948, 4826, 8033, 9704, 6590, 5634, 7224, 214, 7685, 4581, 5532, 5053, 5979, 9755, 4303, 2136, 9753, 3654, 4238, 8286, 218, 7015, 5890, 7513, 2214, 160, 6210, 6913, 6985, 5833, 3928, 5943, 4016, 1463, 4135, 8699, 3297, 5919, 3400, 7989, 3306, 6986, 2810, 5982, 6769, 6861, 2703, 6842, 3019, 9393, 4962, 1353, 2186, 370, 724, 3237, 974, 3446, 4951, 5134, 3073, 7632, 3391, 4775, 6514, 2586, 5030, 483, 1299, 1061, 8002, 9957, 6134, 1868, 2044, 5309, 3485, 3774, 3436, 4355, 4786, 1747, 9349, 119, 7223, 6125, 5200, 3107, 2525, 2386, 4071, 9126, 7387, 7518, 802, 5187, 4843, 9514, 2807, 692, 2240, 2910, 9794, 7852, 967, 1936, 2843, 878, 9093, 4504, 3922, 2010, 5718, 6232, 3251, 4795, 6444, 9995, 8886, 2755, 4947, 2038, 6298, 7062, 1112, 8183, 9930, 7892, 1829, 3051, 8009, 7861, 1323, 5029, 6545, 3097, 8735, 2081, 1241, 8156, 9940, 7174, 2829, 9791, 3614, 6389, 332, 2774, 3415, 669, 3381, 5330, 5416, 4682, 5791, 6962, 1693, 3962, 228, 6952, 2737, 1538, 799, 7318, 1905, 9067, 3110, 3358, 2005, 7105, 3463, 715, 2166, 6076, 5277, 4155, 4537, 9354, 4453, 8242, 9253, 7398, 5350, 6329, 1126, 7572, 4094, 8642, 7401, 4552, 9742, 9237, 6640, 3204, 9157, 7202, 237, 4036, 7235, 6133, 1947, 7097, 1908, 2530, 4051, 478, 888, 8115, 8731, 9609, 7887, 4306, 5700, 7430, 9274, 5098, 8494, 697, 9985, 2293, 845, 5600, 3682, 8109, 8241, 3821, 1937, 8193, 7644, 9061, 7674, 5719, 468, 7168, 4002, 8850, 1181, 7760, 5084, 6054, 6085, 2046, 5787, 8848, 1687, 2273, 7453, 2957, 3561, 8231, 4871, 42, 5794, 232, 121, 4921, 5388, 734, 565, 3183, 1178, 8977, 411, 4574, 7017, 9370, 7628, 8932, 5582, 8752, 147, 1051, 9145, 9888, 303, 3150, 4442, 1813, 6698, 6787, 8598, 945, 8840, 2003, 2570, 1739, 2285, 8261, 9790, 4307, 3849, 5506, 6574, 3618, 926, 189, 9217, 6466, 3901, 8361, 6900, 5479, 6385, 8677, 6942, 7267, 37, 749, 6040, 8102, 8271, 5460, 8514, 6533, 7785, 3953, 2565, 4447, 2219, 5086, 5961, 3430, 3645, 6841, 6531, 6190, 779, 9059, 646, 4387, 5234, 1603, 2978, 5141, 1823, 9015, 9625, 5435, 412, 68, 2243, 1612, 4476, 9492, 2320, 5709, 8410, 8161, 6613, 4313, 2216, 9968, 1772, 5306, 6879, 9215, 3651, 1034, 4422, 8312, 5617, 2114, 4423, 7930, 5544, 6783, 9819, 3343, 9269, 4516, 8854, 78, 2535, 9868, 95, 6206, 1580, 9839, 1886, 3755, 1227, 9965, 9191, 9315, 2529, 1442, 4942, 8629, 7761, 9918, 1480, 1959, 1945, 8226, 9809, 2298, 5665, 6881, 8296, 1050, 8276, 1438, 9616, 549, 6, 4586, 6111, 7916, 8166, 1372, 7931, 7716, 7849, 6748, 9737, 8072, 3253, 8266, 9120, 3185, 5894, 1074, 8877, 4749, 6753, 7795, 6535, 6854, 1579, 4926, 9449, 6349, 3324, 4661, 6715, 2325, 5871]
[948, 1736, 5274, 5401, 275, 9810, 3084, 1100, 5369, 2729, 8473, 6299, 8553, 5305, 2132, 6261, 9923, 4730, 7952, 3218, 8200, 1790, 675, 7443, 8619, 8633, 8480, 1732, 7941, 4565, 4547, 433, 418, 8396, 6825, 6678, 817, 2059, 368, 2316, 5365, 3980, 2679, 1950, 9665, 1429, 7330, 5820, 2454, 8212, 7119, 7004, 2752, 7399, 4304, 2841, 3083, 1280, 6178, 9654, 8580, 7536, 1453, 2948, 4826, 8033, 9704, 6590, 5634, 7224, 214, 7685, 4581, 5532, 5053, 5979, 9755, 4303, 2136, 9753, 3654, 4238, 8286, 218, 7015, 5890, 7513, 2214, 160, 6210, 6913, 6985, 5833, 3928, 5943, 4016, 1463, 4135, 8699, 3297, 5919, 3400, 7989, 3306, 6986, 2810, 5982, 6769, 6861, 2703, 6842, 3019, 9393, 4962, 1353, 2186, 370, 724, 3237, 974, 3446, 4951, 5134, 3073, 7632, 3391, 4775, 6514, 2586, 5030, 483, 1299, 1061, 8002, 9957, 6134, 1868, 2044, 5309, 3485, 3774, 3436, 4355, 4786, 1747, 9349, 119, 7223, 6125, 5200, 3107, 2525, 2386, 4071, 9126, 7387, 7518, 802, 5187, 4843, 9514, 2807, 692, 2240, 2910, 9794, 7852, 967, 1936, 2843, 878, 9093, 4504, 3922, 2010, 5718, 6232, 3251, 4795, 6444, 9995, 8886, 2755, 4947, 2038, 6298, 7062, 1112, 8183, 9930, 7892, 1829, 3051, 8009, 7861, 1323, 5029, 6545, 3097, 8735, 2081, 1241, 8156, 9940, 7174, 2829, 9791, 3614, 6389, 332, 2774, 3415, 669, 3381, 5330, 5416, 4682, 5791, 6962, 1693, 3962, 228, 6952, 2737, 1538, 799, 7318, 1905, 9067, 3110, 3358, 2005, 7105, 3463, 715, 2166, 6076, 5277, 4155, 4537, 9354, 4453, 8242, 9253, 7398, 5350, 6329, 1126, 7572, 4094, 8642, 7401, 4552, 9742, 9237, 6640, 3204, 9157, 7202, 237, 4036, 7235, 6133, 1947, 7097, 1908, 2530, 4051, 478, 888, 8115, 8731, 9609, 7887, 4306, 5700, 7430, 9274, 5098, 8494, 697, 9985, 2293, 845, 5600, 3682, 8109, 8241, 3821, 1937, 8193, 7644, 9061, 7674, 5719, 468, 7168, 4002, 8850, 1181, 7760, 5084, 6054, 6085, 2046, 5787, 8848, 1687, 2273, 7453, 2957, 3561, 8231, 4871, 42, 5794, 232, 121, 4921, 5388, 734, 565, 3183, 1178, 8977, 411, 4574, 7017, 9370, 7628, 8932, 5582, 8752, 147, 1051, 9145, 9888, 303, 3150, 4442, 1813, 6698, 6787, 8598, 945, 8840, 2003, 2570, 1739, 2285, 8261, 9790, 4307, 3849, 5506, 6574, 3618, 926, 189, 9217, 6466, 3901, 8361, 6900, 5479, 6385, 8677, 6942, 7267, 37, 749, 6040, 8102, 8271, 5460, 8514, 6533, 7785, 3953, 2565, 4447, 2219, 5086, 5961, 3430, 3645, 6841, 6531, 6190, 779, 9059, 646, 4387, 5234, 1603, 2978, 5141, 1823, 9015, 9625, 5435, 412, 68, 2243, 1612, 4476, 9492, 2320, 5709, 8410, 8161, 6613, 4313, 2216, 9968, 1772, 5306, 6879, 9215, 3651, 1034, 4422, 8312, 5617, 2114, 4423, 7930, 5544, 6783, 9819, 3343, 9269, 4516, 8854, 78, 2535, 9868, 95, 6206, 1580, 9839, 1886, 3755, 1227, 9965, 9191, 9315, 2529, 1442, 4942, 8629, 7761, 9918, 1480, 1959, 1945, 8226, 9809, 2298, 5665, 6881, 8296, 1050, 8276, 1438, 9616, 549, 6, 4586, 6111, 7916, 8166, 1372, 7931, 7716, 7849, 6748, 9737, 8072, 3253, 8266, 9120, 3185, 5894, 1074, 8877, 4749, 6753, 7795, 6535, 6854, 1579, 4926, 9449, 6349, 3324, 4661, 6715, 2325, 5871]
[948, 1736, 5274, 5401, 275, 9810, 3084, 1100, 5369, 2729, 8473, 6299, 8553, 5305, 2132, 6261, 9923, 4730, 7952, 3218, 8200, 1790, 675, 7443, 8619, 8633, 8480, 1732, 7941, 4565, 4547, 433, 418, 8396, 6825, 6678, 817, 2059, 368, 2316, 5365, 3980, 2679, 1950, 9665, 1429, 7330, 5820, 2454, 8212, 7119, 7004, 2752, 7399, 4304, 2841, 3083, 1280, 6178, 9654, 8580, 7536, 1453, 2948, 4826, 8033, 9704, 6590, 5634, 7224, 214, 7685, 4581, 5532, 5053, 5979, 9755, 4303, 2136, 9753, 3654, 4238, 8286, 218, 7015, 5890, 7513, 2214, 160, 6210, 6913, 6985, 5833, 3928, 5943, 4016, 1463, 4135, 8699, 3297, 5919, 3400, 7989, 3306, 6986, 2810, 5982, 6769, 6861, 2703, 6842, 3019, 9393, 4962, 1353, 2186, 370, 724, 3237, 974, 3446, 4951, 5134, 3073, 7632, 3391, 4775, 6514, 2586, 5030, 483, 1299, 1061, 8002, 9957, 6134, 1868, 2044, 5309, 3485, 3774, 3436, 4355, 4786, 1747, 9349, 119, 7223, 6125, 5200, 3107, 2525, 2386, 4071, 9126, 7387, 7518, 802, 5187, 4843, 9514, 2807, 692, 2240, 2910, 9794, 7852, 967, 1936, 2843, 878, 9093, 4504, 3922, 2010, 5718, 6232, 3251, 4795, 6444, 9995, 8886, 2755, 4947, 2038, 6298, 7062, 1112, 8183, 9930, 7892, 1829, 3051, 8009, 7861, 1323, 5029, 6545, 3097, 8735, 2081, 1241, 8156, 9940, 7174, 2829, 9791, 3614, 6389, 332, 2774, 3415, 669, 3381, 5330, 5416, 4682, 5791, 6962, 1693, 3962, 228, 6952, 2737, 1538, 799, 7318, 1905, 9067, 3110, 3358, 2005, 7105, 3463, 715, 2166, 6076, 5277, 4155, 4537, 9354, 4453, 8242, 9253, 7398, 5350, 6329, 1126, 7572, 4094, 8642, 7401, 4552, 9742, 9237, 6640, 3204, 9157, 7202, 237, 4036, 7235, 6133, 1947, 7097, 1908, 2530, 4051, 478, 888, 8115, 8731, 9609, 7887, 4306, 5700, 7430, 9274, 5098, 8494, 697, 9985, 2293, 845, 5600, 3682, 8109, 8241, 3821, 1937, 8193, 7644, 9061, 7674, 5719, 468, 7168, 4002, 8850, 1181, 7760, 5084, 6054, 6085, 2046, 5787, 8848, 1687, 2273, 7453, 2957, 3561, 8231, 4871, 42, 5794, 232, 121, 4921, 5388, 734, 565, 3183, 1178, 8977, 411, 4574, 7017, 9370, 7628, 8932, 5582, 8752, 147, 1051, 9145, 9888, 303, 3150, 4442, 1813, 6698, 6787, 8598, 945, 8840, 2003, 2570, 1739, 2285, 8261, 9790, 4307, 3849, 5506, 6574, 3618, 926, 189, 9217, 6466, 3901, 8361, 6900, 5479, 6385, 8677, 6942, 7267, 37, 749, 6040, 8102, 8271, 5460, 8514, 6533, 7785, 3953, 2565, 4447, 2219, 5086, 5961, 3430, 3645, 6841, 6531, 6190, 779, 9059, 646, 4387, 5234, 1603, 2978, 5141, 1823, 9015, 9625, 5435, 412, 68, 2243, 1612, 4476, 9492, 2320, 5709, 8410, 8161, 6613, 4313, 2216, 9968, 1772, 5306, 6879, 9215, 3651, 1034, 4422, 8312, 5617, 2114, 4423, 7930, 5544, 6783, 9819, 3343, 9269, 4516, 8854, 78, 2535, 9868, 95, 6206, 1580, 9839, 1886, 3755, 1227, 9965, 9191, 9315, 2529, 1442, 4942, 8629, 7761, 9918, 1480, 1959, 1945, 8226, 9809, 2298, 5665, 6881, 8296, 1050, 8276, 1438, 9616, 549, 6, 4586, 6111, 7916, 8166, 1372, 7931, 7716, 7849, 6748, 9737, 8072, 3253, 8266, 9120, 3185, 5894, 1074, 8877, 4749, 6753, 7795, 6535, 6854, 1579, 4926, 9449, 6349, 3324, 4661, 6715, 2325, 5871]
[948, 1736, 5274, 5401, 275, 9810, 3084, 1100, 5369, 2729, 8473, 6299, 8553, 5305, 2132, 6261, 9923, 4730, 7952, 3218, 8200, 1790, 675, 7443, 8619, 8633, 8480, 1732, 7941, 4565, 4547, 433, 418, 8396, 6825, 6678, 817, 2059, 368, 2316, 5365, 3980, 2679, 1950, 9665, 1429, 7330, 5820, 2454, 8212, 7119, 7004, 2752, 7399, 4304, 2841, 3083, 1280, 6178, 9654, 8580, 7536, 1453, 2948, 4826, 8033, 9704, 6590, 5634, 7224, 214, 7685, 4581, 5532, 5053, 5979, 9755, 4303, 2136, 9753, 3654, 4238, 8286, 218, 7015, 5890, 7513, 2214, 160, 6210, 6913, 6985, 5833, 3928, 5943, 4016, 1463, 4135, 8699, 3297, 5919, 3400, 7989, 3306, 6986, 2810, 5982, 6769, 6861, 2703, 6842, 3019, 9393, 4962, 1353, 2186, 370, 724, 3237, 974, 3446, 4951, 5134, 3073, 7632, 3391, 4775, 6514, 2586, 5030, 483, 1299, 1061, 8002, 9957, 6134, 1868, 2044, 5309, 3485, 3774, 3436, 4355, 4786, 1747, 9349, 119, 7223, 6125, 5200, 3107, 2525, 2386, 4071, 9126, 7387, 7518, 802, 5187, 4843, 9514, 2807, 692, 2240, 2910, 9794, 7852, 967, 1936, 2843, 878, 9093, 4504, 3922, 2010, 5718, 6232, 3251, 4795, 6444, 9995, 8886, 2755, 4947, 2038, 6298, 7062, 1112, 8183, 9930, 7892, 1829, 3051, 8009, 7861, 1323, 5029, 6545, 3097, 8735, 2081, 1241, 8156, 9940, 7174, 2829, 9791, 3614, 6389, 332, 2774, 3415, 669, 3381, 5330, 5416, 4682, 5791, 6962, 1693, 3962, 228, 6952, 2737, 1538, 799, 7318, 1905, 9067, 3110, 3358, 2005, 7105, 3463, 715, 2166, 6076, 5277, 4155, 4537, 9354, 4453, 8242, 9253, 7398, 5350, 6329, 1126, 7572, 4094, 8642, 7401, 4552, 9742, 9237, 6640, 3204, 9157, 7202, 237, 4036, 7235, 6133, 1947, 7097, 1908, 2530, 4051, 478, 888, 8115, 8731, 9609, 7887, 4306, 5700, 7430, 9274, 5098, 8494, 697, 9985, 2293, 845, 5600, 3682, 8109, 8241, 3821, 1937, 8193, 7644, 9061, 7674, 5719, 468, 7168, 4002, 8850, 1181, 7760, 5084, 6054, 6085, 2046, 5787, 8848, 1687, 2273, 7453, 2957, 3561, 8231, 4871, 42, 5794, 232, 121, 4921, 5388, 734, 565, 3183, 1178, 8977, 411, 4574, 7017, 9370, 7628, 8932, 5582, 8752, 147, 1051, 9145, 9888, 303, 3150, 4442, 1813, 6698, 6787, 8598, 945, 8840, 2003, 2570, 1739, 2285, 8261, 9790, 4307, 3849, 5506, 6574, 3618, 926, 189, 9217, 6466, 3901, 8361, 6900, 5479, 6385, 8677, 6942, 7267, 37, 749, 6040, 8102, 8271, 5460, 8514, 6533, 7785, 3953, 2565, 4447, 2219, 5086, 5961, 3430, 3645, 6841, 6531, 6190, 779, 9059, 646, 4387, 5234, 1603, 2978, 5141, 1823, 9015, 9625, 5435, 412, 68, 2243, 1612, 4476, 9492, 2320, 5709, 8410, 8161, 6613, 4313, 2216, 9968, 1772, 5306, 6879, 9215, 3651, 1034, 4422, 8312, 5617, 2114, 4423, 7930, 5544, 6783, 9819, 3343, 9269, 4516, 8854, 78, 2535, 9868, 95, 6206, 1580, 9839, 1886, 3755, 1227, 9965, 9191, 9315, 2529, 1442, 4942, 8629, 7761, 9918, 1480, 1959, 1945, 8226, 9809, 2298, 5665, 6881, 8296, 1050, 8276, 1438, 9616, 549, 6, 4586, 6111, 7916, 8166, 1372, 7931, 7716, 7849, 6748, 9737, 8072, 3253, 8266, 9120, 3185, 5894, 1074, 8877, 4749, 6753, 7795, 6535, 6854, 1579, 4926, 9449, 6349, 3324, 4661, 6715, 2325, 5871]
[948, 1736, 5274, 5401, 275, 9810, 3084, 1100, 5369, 2729, 8473, 6299, 8553, 5305, 2132, 6261, 9923, 4730, 7952, 3218, 8200, 1790, 675, 7443, 8619, 8633, 8480, 1732, 7941, 4565, 4547, 433, 418, 8396, 6825, 6678, 817, 2059, 368, 2316, 5365, 3980, 2679, 1950, 9665, 1429, 7330, 5820, 2454, 8212, 7119, 7004, 2752, 7399, 4304, 2841, 3083, 1280, 6178, 9654, 8580, 7536, 1453, 2948, 4826, 8033, 9704, 6590, 5634, 7224, 214, 7685, 4581, 5532, 5053, 5979, 9755, 4303, 2136, 9753, 3654, 4238, 8286, 218, 7015, 5890, 7513, 2214, 160, 6210, 6913, 6985, 5833, 3928, 5943, 4016, 1463, 4135, 8699, 3297, 5919, 3400, 7989, 3306, 6986, 2810, 5982, 6769, 6861, 2703, 6842, 3019, 9393, 4962, 1353, 2186, 370, 724, 3237, 974, 3446, 4951, 5134, 3073, 7632, 3391, 4775, 6514, 2586, 5030, 483, 1299, 1061, 8002, 9957, 6134, 1868, 2044, 5309, 3485, 3774, 3436, 4355, 4786, 1747, 9349, 119, 7223, 6125, 5200, 3107, 2525, 2386, 4071, 9126, 7387, 7518, 802, 5187, 4843, 9514, 2807, 692, 2240, 2910, 9794, 7852, 967, 1936, 2843, 878, 9093, 4504, 3922, 2010, 5718, 6232, 3251, 4795, 6444, 9995, 8886, 2755, 4947, 2038, 6298, 7062, 1112, 8183, 9930, 7892, 1829, 3051, 8009, 7861, 1323, 5029, 6545, 3097, 8735, 2081, 1241, 8156, 9940, 7174, 2829, 9791, 3614, 6389, 332, 2774, 3415, 669, 3381, 5330, 5416, 4682, 5791, 6962, 1693, 3962, 228, 6952, 2737, 1538, 799, 7318, 1905, 9067, 3110, 3358, 2005, 7105, 3463, 715, 2166, 6076, 5277, 4155, 4537, 9354, 4453, 8242, 9253, 7398, 5350, 6329, 1126, 7572, 4094, 8642, 7401, 4552, 9742, 9237, 6640, 3204, 9157, 7202, 237, 4036, 7235, 6133, 1947, 7097, 1908, 2530, 4051, 478, 888, 8115, 8731, 9609, 7887, 4306, 5700, 7430, 9274, 5098, 8494, 697, 9985, 2293, 845, 5600, 3682, 8109, 8241, 3821, 1937, 8193, 7644, 9061, 7674, 5719, 468, 7168, 4002, 8850, 1181, 7760, 5084, 6054, 6085, 2046, 5787, 8848, 1687, 2273, 7453, 2957, 3561, 8231, 4871, 42, 5794, 232, 121, 4921, 5388, 734, 565, 3183, 1178, 8977, 411, 4574, 7017, 9370, 7628, 8932, 5582, 8752, 147, 1051, 9145, 9888, 303, 3150, 4442, 1813, 6698, 6787, 8598, 945, 8840, 2003, 2570, 1739, 2285, 8261, 9790, 4307, 3849, 5506, 6574, 3618, 926, 189, 9217, 6466, 3901, 8361, 6900, 5479, 6385, 8677, 6942, 7267, 37, 749, 6040, 8102, 8271, 5460, 8514, 6533, 7785, 3953, 2565, 4447, 2219, 5086, 5961, 3430, 3645, 6841, 6531, 6190, 779, 9059, 646, 4387, 5234, 1603, 2978, 5141, 1823, 9015, 9625, 5435, 412, 68, 2243, 1612, 4476, 9492, 2320, 5709, 8410, 8161, 6613, 4313, 2216, 9968, 1772, 5306, 6879, 9215, 3651, 1034, 4422, 8312, 5617, 2114, 4423, 7930, 5544, 6783, 9819, 3343, 9269, 4516, 8854, 78, 2535, 9868, 95, 6206, 1580, 9839, 1886, 3755, 1227, 9965, 9191, 9315, 2529, 1442, 4942, 8629, 7761, 9918, 1480, 1959, 1945, 8226, 9809, 2298, 5665, 6881, 8296, 1050, 8276, 1438, 9616, 549, 6, 4586, 6111, 7916, 8166, 1372, 7931, 7716, 7849, 6748, 9737, 8072, 3253, 8266, 9120, 3185, 5894, 1074, 8877, 4749, 6753, 7795, 6535, 6854, 1579, 4926, 9449, 6349, 3324, 4661, 6715, 2325, 5871]
[948, 1736, 5274, 5401, 275, 9810, 3084, 1100, 5369, 2729, 8473, 6299, 8553, 5305, 2132, 6261, 9923, 4730, 7952, 3218, 8200, 1790, 675, 7443, 8619, 8633, 8480, 1732, 7941, 4565, 4547, 433, 418, 8396, 6825, 6678, 817, 2059, 368, 2316, 5365, 3980, 2679, 1950, 9665, 1429, 7330, 5820, 2454, 8212, 7119, 7004, 2752, 7399, 4304, 2841, 3083, 1280, 6178, 9654, 8580, 7536, 1453, 2948, 4826, 8033, 9704, 6590, 5634, 7224, 214, 7685, 4581, 5532, 5053, 5979, 9755, 4303, 2136, 9753, 3654, 4238, 8286, 218, 7015, 5890, 7513, 2214, 160, 6210, 6913, 6985, 5833, 3928, 5943, 4016, 1463, 4135, 8699, 3297, 5919, 3400, 7989, 3306, 6986, 2810, 5982, 6769, 6861, 2703, 6842, 3019, 9393, 4962, 1353, 2186, 370, 724, 3237, 974, 3446, 4951, 5134, 3073, 7632, 3391, 4775, 6514, 2586, 5030, 483, 1299, 1061, 8002, 9957, 6134, 1868, 2044, 5309, 3485, 3774, 3436, 4355, 4786, 1747, 9349, 119, 7223, 6125, 5200, 3107, 2525, 2386, 4071, 9126, 7387, 7518, 802, 5187, 4843, 9514, 2807, 692, 2240, 2910, 9794, 7852, 967, 1936, 2843, 878, 9093, 4504, 3922, 2010, 5718, 6232, 3251, 4795, 6444, 9995, 8886, 2755, 4947, 2038, 6298, 7062, 1112, 8183, 9930, 7892, 1829, 3051, 8009, 7861, 1323, 5029, 6545, 3097, 8735, 2081, 1241, 8156, 9940, 7174, 2829, 9791, 3614, 6389, 332, 2774, 3415, 669, 3381, 5330, 5416, 4682, 5791, 6962, 1693, 3962, 228, 6952, 2737, 1538, 799, 7318, 1905, 9067, 3110, 3358, 2005, 7105, 3463, 715, 2166, 6076, 5277, 4155, 4537, 9354, 4453, 8242, 9253, 7398, 5350, 6329, 1126, 7572, 4094, 8642, 7401, 4552, 9742, 9237, 6640, 3204, 9157, 7202, 237, 4036, 7235, 6133, 1947, 7097, 1908, 2530, 4051, 478, 888, 8115, 8731, 9609, 7887, 4306, 5700, 7430, 9274, 5098, 8494, 697, 9985, 2293, 845, 5600, 3682, 8109, 8241, 3821, 1937, 8193, 7644, 9061, 7674, 5719, 468, 7168, 4002, 8850, 1181, 7760, 5084, 6054, 6085, 2046, 5787, 8848, 1687, 2273, 7453, 2957, 3561, 8231, 4871, 42, 5794, 232, 121, 4921, 5388, 734, 565, 3183, 1178, 8977, 411, 4574, 7017, 9370, 7628, 8932, 5582, 8752, 147, 1051, 9145, 9888, 303, 3150, 4442, 1813, 6698, 6787, 8598, 945, 8840, 2003, 2570, 1739, 2285, 8261, 9790, 4307, 3849, 5506, 6574, 3618, 926, 189, 9217, 6466, 3901, 8361, 6900, 5479, 6385, 8677, 6942, 7267, 37, 749, 6040, 8102, 8271, 5460, 8514, 6533, 7785, 3953, 2565, 4447, 2219, 5086, 5961, 3430, 3645, 6841, 6531, 6190, 779, 9059, 646, 4387, 5234, 1603, 2978, 5141, 1823, 9015, 9625, 5435, 412, 68, 2243, 1612, 4476, 9492, 2320, 5709, 8410, 8161, 6613, 4313, 2216, 9968, 1772, 5306, 6879, 9215, 3651, 1034, 4422, 8312, 5617, 2114, 4423, 7930, 5544, 6783, 9819, 3343, 9269, 4516, 8854, 78, 2535, 9868, 95, 6206, 1580, 9839, 1886, 3755, 1227, 9965, 9191, 9315, 2529, 1442, 4942, 8629, 7761, 9918, 1480, 1959, 1945, 8226, 9809, 2298, 5665, 6881, 8296, 1050, 8276, 1438, 9616, 549, 6, 4586, 6111, 7916, 8166, 1372, 7931, 7716, 7849, 6748, 9737, 8072, 3253, 8266, 9120, 3185, 5894, 1074, 8877, 4749, 6753, 7795, 6535, 6854, 1579, 4926, 9449, 6349, 3324, 4661, 6715, 2325, 5871]
[948, 1736, 5274, 5401, 275, 9810, 3084, 1100, 5369, 2729, 8473, 6299, 8553, 5305, 2132, 6261, 9923, 4730, 7952, 3218, 8200, 1790, 675, 7443, 8619, 8633, 8480, 1732, 7941, 4565, 4547, 433, 418, 8396, 6825, 6678, 817, 2059, 368, 2316, 5365, 3980, 2679, 1950, 9665, 1429, 7330, 5820, 2454, 8212, 7119, 7004, 2752, 7399, 4304, 2841, 3083, 1280, 6178, 9654, 8580, 7536, 1453, 2948, 4826, 8033, 9704, 6590, 5634, 7224, 214, 7685, 4581, 5532, 5053, 5979, 9755, 4303, 2136, 9753, 3654, 4238, 8286, 218, 7015, 5890, 7513, 2214, 160, 6210, 6913, 6985, 5833, 3928, 5943, 4016, 1463, 4135, 8699, 3297, 5919, 3400, 7989, 3306, 6986, 2810, 5982, 6769, 6861, 2703, 6842, 3019, 9393, 4962, 1353, 2186, 370, 724, 3237, 974, 3446, 4951, 5134, 3073, 7632, 3391, 4775, 6514, 2586, 5030, 483, 1299, 1061, 8002, 9957, 6134, 1868, 2044, 5309, 3485, 3774, 3436, 4355, 4786, 1747, 9349, 119, 7223, 6125, 5200, 3107, 2525, 2386, 4071, 9126, 7387, 7518, 802, 5187, 4843, 9514, 2807, 692, 2240, 2910, 9794, 7852, 967, 1936, 2843, 878, 9093, 4504, 3922, 2010, 5718, 6232, 3251, 4795, 6444, 9995, 8886, 2755, 4947, 2038, 6298, 7062, 1112, 8183, 9930, 7892, 1829, 3051, 8009, 7861, 1323, 5029, 6545, 3097, 8735, 2081, 1241, 8156, 9940, 7174, 2829, 9791, 3614, 6389, 332, 2774, 3415, 669, 3381, 5330, 5416, 4682, 5791, 6962, 1693, 3962, 228, 6952, 2737, 1538, 799, 7318, 1905, 9067, 3110, 3358, 2005, 7105, 3463, 715, 2166, 6076, 5277, 4155, 4537, 9354, 4453, 8242, 9253, 7398, 5350, 6329, 1126, 7572, 4094, 8642, 7401, 4552, 9742, 9237, 6640, 3204, 9157, 7202, 237, 4036, 7235, 6133, 1947, 7097, 1908, 2530, 4051, 478, 888, 8115, 8731, 9609, 7887, 4306, 5700, 7430, 9274, 5098, 8494, 697, 9985, 2293, 845, 5600, 3682, 8109, 8241, 3821, 1937, 8193, 7644, 9061, 7674, 5719, 468, 7168, 4002, 8850, 1181, 7760, 5084, 6054, 6085, 2046, 5787, 8848, 1687, 2273, 7453, 2957, 3561, 8231, 4871, 42, 5794, 232, 121, 4921, 5388, 734, 565, 3183, 1178, 8977, 411, 4574, 7017, 9370, 7628, 8932, 5582, 8752, 147, 1051, 9145, 9888, 303, 3150, 4442, 1813, 6698, 6787, 8598, 945, 8840, 2003, 2570, 1739, 2285, 8261, 9790, 4307, 3849, 5506, 6574, 3618, 926, 189, 9217, 6466, 3901, 8361, 6900, 5479, 6385, 8677, 6942, 7267, 37, 749, 6040, 8102, 8271, 5460, 8514, 6533, 7785, 3953, 2565, 4447, 2219, 5086, 5961, 3430, 3645, 6841, 6531, 6190, 779, 9059, 646, 4387, 5234, 1603, 2978, 5141, 1823, 9015, 9625, 5435, 412, 68, 2243, 1612, 4476, 9492, 2320, 5709, 8410, 8161, 6613, 4313, 2216, 9968, 1772, 5306, 6879, 9215, 3651, 1034, 4422, 8312, 5617, 2114, 4423, 7930, 5544, 6783, 9819, 3343, 9269, 4516, 8854, 78, 2535, 9868, 95, 6206, 1580, 9839, 1886, 3755, 1227, 9965, 9191, 9315, 2529, 1442, 4942, 8629, 7761, 9918, 1480, 1959, 1945, 8226, 9809, 2298, 5665, 6881, 8296, 1050, 8276, 1438, 9616, 549, 6, 4586, 6111, 7916, 8166, 1372, 7931, 7716, 7849, 6748, 9737, 8072, 3253, 8266, 9120, 3185, 5894, 1074, 8877, 4749, 6753, 7795, 6535, 6854, 1579, 4926, 9449, 6349, 3324, 4661, 6715, 2325, 5871]
[948, 1736, 5274, 5401, 275, 9810, 3084, 1100, 5369, 2729, 8473, 6299, 8553, 5305, 2132, 6261, 9923, 4730, 7952, 3218, 8200, 1790, 675, 7443, 8619, 8633, 8480, 1732, 7941, 4565, 4547, 433, 418, 8396, 6825, 6678, 817, 2059, 368, 2316, 5365, 3980, 2679, 1950, 9665, 1429, 7330, 5820, 2454, 8212, 7119, 7004, 2752, 7399, 4304, 2841, 3083, 1280, 6178, 9654, 8580, 7536, 1453, 2948, 4826, 8033, 9704, 6590, 5634, 7224, 214, 7685, 4581, 5532, 5053, 5979, 9755, 4303, 2136, 9753, 3654, 4238, 8286, 218, 7015, 5890, 7513, 2214, 160, 6210, 6913, 6985, 5833, 3928, 5943, 4016, 1463, 4135, 8699, 3297, 5919, 3400, 7989, 3306, 6986, 2810, 5982, 6769, 6861, 2703, 6842, 3019, 9393, 4962, 1353, 2186, 370, 724, 3237, 974, 3446, 4951, 5134, 3073, 7632, 3391, 4775, 6514, 2586, 5030, 483, 1299, 1061, 8002, 9957, 6134, 1868, 2044, 5309, 3485, 3774, 3436, 4355, 4786, 1747, 9349, 119, 7223, 6125, 5200, 3107, 2525, 2386, 4071, 9126, 7387, 7518, 802, 5187, 4843, 9514, 2807, 692, 2240, 2910, 9794, 7852, 967, 1936, 2843, 878, 9093, 4504, 3922, 2010, 5718, 6232, 3251, 4795, 6444, 9995, 8886, 2755, 4947, 2038, 6298, 7062, 1112, 8183, 9930, 7892, 1829, 3051, 8009, 7861, 1323, 5029, 6545, 3097, 8735, 2081, 1241, 8156, 9940, 7174, 2829, 9791, 3614, 6389, 332, 2774, 3415, 669, 3381, 5330, 5416, 4682, 5791, 6962, 1693, 3962, 228, 6952, 2737, 1538, 799, 7318, 1905, 9067, 3110, 3358, 2005, 7105, 3463, 715, 2166, 6076, 5277, 4155, 4537, 9354, 4453, 8242, 9253, 7398, 5350, 6329, 1126, 7572, 4094, 8642, 7401, 4552, 9742, 9237, 6640, 3204, 9157, 7202, 237, 4036, 7235, 6133, 1947, 7097, 1908, 2530, 4051, 478, 888, 8115, 8731, 9609, 7887, 4306, 5700, 7430, 9274, 5098, 8494, 697, 9985, 2293, 845, 5600, 3682, 8109, 8241, 3821, 1937, 8193, 7644, 9061, 7674, 5719, 468, 7168, 4002, 8850, 1181, 7760, 5084, 6054, 6085, 2046, 5787, 8848, 1687, 2273, 7453, 2957, 3561, 8231, 4871, 42, 5794, 232, 121, 4921, 5388, 734, 565, 3183, 1178, 8977, 411, 4574, 7017, 9370, 7628, 8932, 5582, 8752, 147, 1051, 9145, 9888, 303, 3150, 4442, 1813, 6698, 6787, 8598, 945, 8840, 2003, 2570, 1739, 2285, 8261, 9790, 4307, 3849, 5506, 6574, 3618, 926, 189, 9217, 6466, 3901, 8361, 6900, 5479, 6385, 8677, 6942, 7267, 37, 749, 6040, 8102, 8271, 5460, 8514, 6533, 7785, 3953, 2565, 4447, 2219, 5086, 5961, 3430, 3645, 6841, 6531, 6190, 779, 9059, 646, 4387, 5234, 1603, 2978, 5141, 1823, 9015, 9625, 5435, 412, 68, 2243, 1612, 4476, 9492, 2320, 5709, 8410, 8161, 6613, 4313, 2216, 9968, 1772, 5306, 6879, 9215, 3651, 1034, 4422, 8312, 5617, 2114, 4423, 7930, 5544, 6783, 9819, 3343, 9269, 4516, 8854, 78, 2535, 9868, 95, 6206, 1580, 9839, 1886, 3755, 1227, 9965, 9191, 9315, 2529, 1442, 4942, 8629, 7761, 9918, 1480, 1959, 1945, 8226, 9809, 2298, 5665, 6881, 8296, 1050, 8276, 1438, 9616, 549, 6, 4586, 6111, 7916, 8166, 1372, 7931, 7716, 7849, 6748, 9737, 8072, 3253, 8266, 9120, 3185, 5894, 1074, 8877, 4749, 6753, 7795, 6535, 6854, 1579, 4926, 9449, 6349, 3324, 4661, 6715, 2325, 5871]
[948, 1736, 5274, 5401, 275, 9810, 3084, 1100, 5369, 2729, 8473, 6299, 8553, 5305, 2132, 6261, 9923, 4730, 7952, 3218, 8200, 1790, 675, 7443, 8619, 8633, 8480, 1732, 7941, 4565, 4547, 433, 418, 8396, 6825, 6678, 817, 2059, 368, 2316, 5365, 3980, 2679, 1950, 9665, 1429, 7330, 5820, 2454, 8212, 7119, 7004, 2752, 7399, 4304, 2841, 3083, 1280, 6178, 9654, 8580, 7536, 1453, 2948, 4826, 8033, 9704, 6590, 5634, 7224, 214, 7685, 4581, 5532, 5053, 5979, 9755, 4303, 2136, 9753, 3654, 4238, 8286, 218, 7015, 5890, 7513, 2214, 160, 6210, 6913, 6985, 5833, 3928, 5943, 4016, 1463, 4135, 8699, 3297, 5919, 3400, 7989, 3306, 6986, 2810, 5982, 6769, 6861, 2703, 6842, 3019, 9393, 4962, 1353, 2186, 370, 724, 3237, 974, 3446, 4951, 5134, 3073, 7632, 3391, 4775, 6514, 2586, 5030, 483, 1299, 1061, 8002, 9957, 6134, 1868, 2044, 5309, 3485, 3774, 3436, 4355, 4786, 1747, 9349, 119, 7223, 6125, 5200, 3107, 2525, 2386, 4071, 9126, 7387, 7518, 802, 5187, 4843, 9514, 2807, 692, 2240, 2910, 9794, 7852, 967, 1936, 2843, 878, 9093, 4504, 3922, 2010, 5718, 6232, 3251, 4795, 6444, 9995, 8886, 2755, 4947, 2038, 6298, 7062, 1112, 8183, 9930, 7892, 1829, 3051, 8009, 7861, 1323, 5029, 6545, 3097, 8735, 2081, 1241, 8156, 9940, 7174, 2829, 9791, 3614, 6389, 332, 2774, 3415, 669, 3381, 5330, 5416, 4682, 5791, 6962, 1693, 3962, 228, 6952, 2737, 1538, 799, 7318, 1905, 9067, 3110, 3358, 2005, 7105, 3463, 715, 2166, 6076, 5277, 4155, 4537, 9354, 4453, 8242, 9253, 7398, 5350, 6329, 1126, 7572, 4094, 8642, 7401, 4552, 9742, 9237, 6640, 3204, 9157, 7202, 237, 4036, 7235, 6133, 1947, 7097, 1908, 2530, 4051, 478, 888, 8115, 8731, 9609, 7887, 4306, 5700, 7430, 9274, 5098, 8494, 697, 9985, 2293, 845, 5600, 3682, 8109, 8241, 3821, 1937, 8193, 7644, 9061, 7674, 5719, 468, 7168, 4002, 8850, 1181, 7760, 5084, 6054, 6085, 2046, 5787, 8848, 1687, 2273, 7453, 2957, 3561, 8231, 4871, 42, 5794, 232, 121, 4921, 5388, 734, 565, 3183, 1178, 8977, 411, 4574, 7017, 9370, 7628, 8932, 5582, 8752, 147, 1051, 9145, 9888, 303, 3150, 4442, 1813, 6698, 6787, 8598, 945, 8840, 2003, 2570, 1739, 2285, 8261, 9790, 4307, 3849, 5506, 6574, 3618, 926, 189, 9217, 6466, 3901, 8361, 6900, 5479, 6385, 8677, 6942, 7267, 37, 749, 6040, 8102, 8271, 5460, 8514, 6533, 7785, 3953, 2565, 4447, 2219, 5086, 5961, 3430, 3645, 6841, 6531, 6190, 779, 9059, 646, 4387, 5234, 1603, 2978, 5141, 1823, 9015, 9625, 5435, 412, 68, 2243, 1612, 4476, 9492, 2320, 5709, 8410, 8161, 6613, 4313, 2216, 9968, 1772, 5306, 6879, 9215, 3651, 1034, 4422, 8312, 5617, 2114, 4423, 7930, 5544, 6783, 9819, 3343, 9269, 4516, 8854, 78, 2535, 9868, 95, 6206, 1580, 9839, 1886, 3755, 1227, 9965, 9191, 9315, 2529, 1442, 4942, 8629, 7761, 9918, 1480, 1959, 1945, 8226, 9809, 2298, 5665, 6881, 8296, 1050, 8276, 1438, 9616, 549, 6, 4586, 6111, 7916, 8166, 1372, 7931, 7716, 7849, 6748, 9737, 8072, 3253, 8266, 9120, 3185, 5894, 1074, 8877, 4749, 6753, 7795, 6535, 6854, 1579, 4926, 9449, 6349, 3324, 4661, 6715, 2325, 5871]
[948, 1736, 5274, 5401, 275, 9810, 3084, 1100, 5369, 2729, 8473, 6299, 8553, 5305, 2132, 6261, 9923, 4730, 7952, 3218, 8200, 1790, 675, 7443, 8619, 8633, 8480, 1732, 7941, 4565, 4547, 433, 418, 8396, 6825, 6678, 817, 2059, 368, 2316, 5365, 3980, 2679, 1950, 9665, 1429, 7330, 5820, 2454, 8212, 7119, 7004, 2752, 7399, 4304, 2841, 3083, 1280, 6178, 9654, 8580, 7536, 1453, 2948, 4826, 8033, 9704, 6590, 5634, 7224, 214, 7685, 4581, 5532, 5053, 5979, 9755, 4303, 2136, 9753, 3654, 4238, 8286, 218, 7015, 5890, 7513, 2214, 160, 6210, 6913, 6985, 5833, 3928, 5943, 4016, 1463, 4135, 8699, 3297, 5919, 3400, 7989, 3306, 6986, 2810, 5982, 6769, 6861, 2703, 6842, 3019, 9393, 4962, 1353, 2186, 370, 724, 3237, 974, 3446, 4951, 5134, 3073, 7632, 3391, 4775, 6514, 2586, 5030, 483, 1299, 1061, 8002, 9957, 6134, 1868, 2044, 5309, 3485, 3774, 3436, 4355, 4786, 1747, 9349, 119, 7223, 6125, 5200, 3107, 2525, 2386, 4071, 9126, 7387, 7518, 802, 5187, 4843, 9514, 2807, 692, 2240, 2910, 9794, 7852, 967, 1936, 2843, 878, 9093, 4504, 3922, 2010, 5718, 6232, 3251, 4795, 6444, 9995, 8886, 2755, 4947, 2038, 6298, 7062, 1112, 8183, 9930, 7892, 1829, 3051, 8009, 7861, 1323, 5029, 6545, 3097, 8735, 2081, 1241, 8156, 9940, 7174, 2829, 9791, 3614, 6389, 332, 2774, 3415, 669, 3381, 5330, 5416, 4682, 5791, 6962, 1693, 3962, 228, 6952, 2737, 1538, 799, 7318, 1905, 9067, 3110, 3358, 2005, 7105, 3463, 715, 2166, 6076, 5277, 4155, 4537, 9354, 4453, 8242, 9253, 7398, 5350, 6329, 1126, 7572, 4094, 8642, 7401, 4552, 9742, 9237, 6640, 3204, 9157, 7202, 237, 4036, 7235, 6133, 1947, 7097, 1908, 2530, 4051, 478, 888, 8115, 8731, 9609, 7887, 4306, 5700, 7430, 9274, 5098, 8494, 697, 9985, 2293, 845, 5600, 3682, 8109, 8241, 3821, 1937, 8193, 7644, 9061, 7674, 5719, 468, 7168, 4002, 8850, 1181, 7760, 5084, 6054, 6085, 2046, 5787, 8848, 1687, 2273, 7453, 2957, 3561, 8231, 4871, 42, 5794, 232, 121, 4921, 5388, 734, 565, 3183, 1178, 8977, 411, 4574, 7017, 9370, 7628, 8932, 5582, 8752, 147, 1051, 9145, 9888, 303, 3150, 4442, 1813, 6698, 6787, 8598, 945, 8840, 2003, 2570, 1739, 2285, 8261, 9790, 4307, 3849, 5506, 6574, 3618, 926, 189, 9217, 6466, 3901, 8361, 6900, 5479, 6385, 8677, 6942, 7267, 37, 749, 6040, 8102, 8271, 5460, 8514, 6533, 7785, 3953, 2565, 4447, 2219, 5086, 5961, 3430, 3645, 6841, 6531, 6190, 779, 9059, 646, 4387, 5234, 1603, 2978, 5141, 1823, 9015, 9625, 5435, 412, 68, 2243, 1612, 4476, 9492, 2320, 5709, 8410, 8161, 6613, 4313, 2216, 9968, 1772, 5306, 6879, 9215, 3651, 1034, 4422, 8312, 5617, 2114, 4423, 7930, 5544, 6783, 9819, 3343, 9269, 4516, 8854, 78, 2535, 9868, 95, 6206, 1580, 9839, 1886, 3755, 1227, 9965, 9191, 9315, 2529, 1442, 4942, 8629, 7761, 9918, 1480, 1959, 1945, 8226, 9809, 2298, 5665, 6881, 8296, 1050, 8276, 1438, 9616, 549, 6, 4586, 6111, 7916, 8166, 1372, 7931, 7716, 7849, 6748, 9737, 8072, 3253, 8266, 9120, 3185, 5894, 1074, 8877, 4749, 6753, 7795, 6535, 6854, 1579, 4926, 9449, 6349, 3324, 4661, 6715, 2325, 5871]
[948, 1736, 5274, 5401, 275, 9810, 3084, 1100, 5369, 2729, 8473, 6299, 8553, 5305, 2132, 6261, 9923, 4730, 7952, 3218, 8200, 1790, 675, 7443, 8619, 8633, 8480, 1732, 7941, 4565, 4547, 433, 418, 8396, 6825, 6678, 817, 2059, 368, 2316, 5365, 3980, 2679, 1950, 9665, 1429, 7330, 5820, 2454, 8212, 7119, 7004, 2752, 7399, 4304, 2841, 3083, 1280, 6178, 9654, 8580, 7536, 1453, 2948, 4826, 8033, 9704, 6590, 5634, 7224, 214, 7685, 4581, 5532, 5053, 5979, 9755, 4303, 2136, 9753, 3654, 4238, 8286, 218, 7015, 5890, 7513, 2214, 160, 6210, 6913, 6985, 5833, 3928, 5943, 4016, 1463, 4135, 8699, 3297, 5919, 3400, 7989, 3306, 6986, 2810, 5982, 6769, 6861, 2703, 6842, 3019, 9393, 4962, 1353, 2186, 370, 724, 3237, 974, 3446, 4951, 5134, 3073, 7632, 3391, 4775, 6514, 2586, 5030, 483, 1299, 1061, 8002, 9957, 6134, 1868, 2044, 5309, 3485, 3774, 3436, 4355, 4786, 1747, 9349, 119, 7223, 6125, 5200, 3107, 2525, 2386, 4071, 9126, 7387, 7518, 802, 5187, 4843, 9514, 2807, 692, 2240, 2910, 9794, 7852, 967, 1936, 2843, 878, 9093, 4504, 3922, 2010, 5718, 6232, 3251, 4795, 6444, 9995, 8886, 2755, 4947, 2038, 6298, 7062, 1112, 8183, 9930, 7892, 1829, 3051, 8009, 7861, 1323, 5029, 6545, 3097, 8735, 2081, 1241, 8156, 9940, 7174, 2829, 9791, 3614, 6389, 332, 2774, 3415, 669, 3381, 5330, 5416, 4682, 5791, 6962, 1693, 3962, 228, 6952, 2737, 1538, 799, 7318, 1905, 9067, 3110, 3358, 2005, 7105, 3463, 715, 2166, 6076, 5277, 4155, 4537, 9354, 4453, 8242, 9253, 7398, 5350, 6329, 1126, 7572, 4094, 8642, 7401, 4552, 9742, 9237, 6640, 3204, 9157, 7202, 237, 4036, 7235, 6133, 1947, 7097, 1908, 2530, 4051, 478, 888, 8115, 8731, 9609, 7887, 4306, 5700, 7430, 9274, 5098, 8494, 697, 9985, 2293, 845, 5600, 3682, 8109, 8241, 3821, 1937, 8193, 7644, 9061, 7674, 5719, 468, 7168, 4002, 8850, 1181, 7760, 5084, 6054, 6085, 2046, 5787, 8848, 1687, 2273, 7453, 2957, 3561, 8231, 4871, 42, 5794, 232, 121, 4921, 5388, 734, 565, 3183, 1178, 8977, 411, 4574, 7017, 9370, 7628, 8932, 5582, 8752, 147, 1051, 9145, 9888, 303, 3150, 4442, 1813, 6698, 6787, 8598, 945, 8840, 2003, 2570, 1739, 2285, 8261, 9790, 4307, 3849, 5506, 6574, 3618, 926, 189, 9217, 6466, 3901, 8361, 6900, 5479, 6385, 8677, 6942, 7267, 37, 749, 6040, 8102, 8271, 5460, 8514, 6533, 7785, 3953, 2565, 4447, 2219, 5086, 5961, 3430, 3645, 6841, 6531, 6190, 779, 9059, 646, 4387, 5234, 1603, 2978, 5141, 1823, 9015, 9625, 5435, 412, 68, 2243, 1612, 4476, 9492, 2320, 5709, 8410, 8161, 6613, 4313, 2216, 9968, 1772, 5306, 6879, 9215, 3651, 1034, 4422, 8312, 5617, 2114, 4423, 7930, 5544, 6783, 9819, 3343, 9269, 4516, 8854, 78, 2535, 9868, 95, 6206, 1580, 9839, 1886, 3755, 1227, 9965, 9191, 9315, 2529, 1442, 4942, 8629, 7761, 9918, 1480, 1959, 1945, 8226, 9809, 2298, 5665, 6881, 8296, 1050, 8276, 1438, 9616, 549, 6, 4586, 6111, 7916, 8166, 1372, 7931, 7716, 7849, 6748, 9737, 8072, 3253, 8266, 9120, 3185, 5894, 1074, 8877, 4749, 6753, 7795, 6535, 6854, 1579, 4926, 9449, 6349, 3324, 4661, 6715, 2325, 5871]
[948, 1736, 5274, 5401, 275, 9810, 3084, 1100, 5369, 2729, 8473, 6299, 8553, 5305, 2132, 6261, 9923, 4730, 7952, 3218, 8200, 1790, 675, 7443, 8619, 8633, 8480, 1732, 7941, 4565, 4547, 433, 418, 8396, 6825, 6678, 817, 2059, 368, 2316, 5365, 3980, 2679, 1950, 9665, 1429, 7330, 5820, 2454, 8212, 7119, 7004, 2752, 7399, 4304, 2841, 3083, 1280, 6178, 9654, 8580, 7536, 1453, 2948, 4826, 8033, 9704, 6590, 5634, 7224, 214, 7685, 4581, 5532, 5053, 5979, 9755, 4303, 2136, 9753, 3654, 4238, 8286, 218, 7015, 5890, 7513, 2214, 160, 6210, 6913, 6985, 5833, 3928, 5943, 4016, 1463, 4135, 8699, 3297, 5919, 3400, 7989, 3306, 6986, 2810, 5982, 6769, 6861, 2703, 6842, 3019, 9393, 4962, 1353, 2186, 370, 724, 3237, 974, 3446, 4951, 5134, 3073, 7632, 3391, 4775, 6514, 2586, 5030, 483, 1299, 1061, 8002, 9957, 6134, 1868, 2044, 5309, 3485, 3774, 3436, 4355, 4786, 1747, 9349, 119, 7223, 6125, 5200, 3107, 2525, 2386, 4071, 9126, 7387, 7518, 802, 5187, 4843, 9514, 2807, 692, 2240, 2910, 9794, 7852, 967, 1936, 2843, 878, 9093, 4504, 3922, 2010, 5718, 6232, 3251, 4795, 6444, 9995, 8886, 2755, 4947, 2038, 6298, 7062, 1112, 8183, 9930, 7892, 1829, 3051, 8009, 7861, 1323, 5029, 6545, 3097, 8735, 2081, 1241, 8156, 9940, 7174, 2829, 9791, 3614, 6389, 332, 2774, 3415, 669, 3381, 5330, 5416, 4682, 5791, 6962, 1693, 3962, 228, 6952, 2737, 1538, 799, 7318, 1905, 9067, 3110, 3358, 2005, 7105, 3463, 715, 2166, 6076, 5277, 4155, 4537, 9354, 4453, 8242, 9253, 7398, 5350, 6329, 1126, 7572, 4094, 8642, 7401, 4552, 9742, 9237, 6640, 3204, 9157, 7202, 237, 4036, 7235, 6133, 1947, 7097, 1908, 2530, 4051, 478, 888, 8115, 8731, 9609, 7887, 4306, 5700, 7430, 9274, 5098, 8494, 697, 9985, 2293, 845, 5600, 3682, 8109, 8241, 3821, 1937, 8193, 7644, 9061, 7674, 5719, 468, 7168, 4002, 8850, 1181, 7760, 5084, 6054, 6085, 2046, 5787, 8848, 1687, 2273, 7453, 2957, 3561, 8231, 4871, 42, 5794, 232, 121, 4921, 5388, 734, 565, 3183, 1178, 8977, 411, 4574, 7017, 9370, 7628, 8932, 5582, 8752, 147, 1051, 9145, 9888, 303, 3150, 4442, 1813, 6698, 6787, 8598, 945, 8840, 2003, 2570, 1739, 2285, 8261, 9790, 4307, 3849, 5506, 6574, 3618, 926, 189, 9217, 6466, 3901, 8361, 6900, 5479, 6385, 8677, 6942, 7267, 37, 749, 6040, 8102, 8271, 5460, 8514, 6533, 7785, 3953, 2565, 4447, 2219, 5086, 5961, 3430, 3645, 6841, 6531, 6190, 779, 9059, 646, 4387, 5234, 1603, 2978, 5141, 1823, 9015, 9625, 5435, 412, 68, 2243, 1612, 4476, 9492, 2320, 5709, 8410, 8161, 6613, 4313, 2216, 9968, 1772, 5306, 6879, 9215, 3651, 1034, 4422, 8312, 5617, 2114, 4423, 7930, 5544, 6783, 9819, 3343, 9269, 4516, 8854, 78, 2535, 9868, 95, 6206, 1580, 9839, 1886, 3755, 1227, 9965, 9191, 9315, 2529, 1442, 4942, 8629, 7761, 9918, 1480, 1959, 1945, 8226, 9809, 2298, 5665, 6881, 8296, 1050, 8276, 1438, 9616, 549, 6, 4586, 6111, 7916, 8166, 1372, 7931, 7716, 7849, 6748, 9737, 8072, 3253, 8266, 9120, 3185, 5894, 1074, 8877, 4749, 6753, 7795, 6535, 6854, 1579, 4926, 9449, 6349, 3324, 4661, 6715, 2325, 5871]
[948, 1736, 5274, 5401, 275, 9810, 3084, 1100, 5369, 2729, 8473, 6299, 8553, 5305, 2132, 6261, 9923, 4730, 7952, 3218, 8200, 1790, 675, 7443, 8619, 8633, 8480, 1732, 7941, 4565, 4547, 433, 418, 8396, 6825, 6678, 817, 2059, 368, 2316, 5365, 3980, 2679, 1950, 9665, 1429, 7330, 5820, 2454, 8212, 7119, 7004, 2752, 7399, 4304, 2841, 3083, 1280, 6178, 9654, 8580, 7536, 1453, 2948, 4826, 8033, 9704, 6590, 5634, 7224, 214, 7685, 4581, 5532, 5053, 5979, 9755, 4303, 2136, 9753, 3654, 4238, 8286, 218, 7015, 5890, 7513, 2214, 160, 6210, 6913, 6985, 5833, 3928, 5943, 4016, 1463, 4135, 8699, 3297, 5919, 3400, 7989, 3306, 6986, 2810, 5982, 6769, 6861, 2703, 6842, 3019, 9393, 4962, 1353, 2186, 370, 724, 3237, 974, 3446, 4951, 5134, 3073, 7632, 3391, 4775, 6514, 2586, 5030, 483, 1299, 1061, 8002, 9957, 6134, 1868, 2044, 5309, 3485, 3774, 3436, 4355, 4786, 1747, 9349, 119, 7223, 6125, 5200, 3107, 2525, 2386, 4071, 9126, 7387, 7518, 802, 5187, 4843, 9514, 2807, 692, 2240, 2910, 9794, 7852, 967, 1936, 2843, 878, 9093, 4504, 3922, 2010, 5718, 6232, 3251, 4795, 6444, 9995, 8886, 2755, 4947, 2038, 6298, 7062, 1112, 8183, 9930, 7892, 1829, 3051, 8009, 7861, 1323, 5029, 6545, 3097, 8735, 2081, 1241, 8156, 9940, 7174, 2829, 9791, 3614, 6389, 332, 2774, 3415, 669, 3381, 5330, 5416, 4682, 5791, 6962, 1693, 3962, 228, 6952, 2737, 1538, 799, 7318, 1905, 9067, 3110, 3358, 2005, 7105, 3463, 715, 2166, 6076, 5277, 4155, 4537, 9354, 4453, 8242, 9253, 7398, 5350, 6329, 1126, 7572, 4094, 8642, 7401, 4552, 9742, 9237, 6640, 3204, 9157, 7202, 237, 4036, 7235, 6133, 1947, 7097, 1908, 2530, 4051, 478, 888, 8115, 8731, 9609, 7887, 4306, 5700, 7430, 9274, 5098, 8494, 697, 9985, 2293, 845, 5600, 3682, 8109, 8241, 3821, 1937, 8193, 7644, 9061, 7674, 5719, 468, 7168, 4002, 8850, 1181, 7760, 5084, 6054, 6085, 2046, 5787, 8848, 1687, 2273, 7453, 2957, 3561, 8231, 4871, 42, 5794, 232, 121, 4921, 5388, 734, 565, 3183, 1178, 8977, 411, 4574, 7017, 9370, 7628, 8932, 5582, 8752, 147, 1051, 9145, 9888, 303, 3150, 4442, 1813, 6698, 6787, 8598, 945, 8840, 2003, 2570, 1739, 2285, 8261, 9790, 4307, 3849, 5506, 6574, 3618, 926, 189, 9217, 6466, 3901, 8361, 6900, 5479, 6385, 8677, 6942, 7267, 37, 749, 6040, 8102, 8271, 5460, 8514, 6533, 7785, 3953, 2565, 4447, 2219, 5086, 5961, 3430, 3645, 6841, 6531, 6190, 779, 9059, 646, 4387, 5234, 1603, 2978, 5141, 1823, 9015, 9625, 5435, 412, 68, 2243, 1612, 4476, 9492, 2320, 5709, 8410, 8161, 6613, 4313, 2216, 9968, 1772, 5306, 6879, 9215, 3651, 1034, 4422, 8312, 5617, 2114, 4423, 7930, 5544, 6783, 9819, 3343, 9269, 4516, 8854, 78, 2535, 9868, 95, 6206, 1580, 9839, 1886, 3755, 1227, 9965, 9191, 9315, 2529, 1442, 4942, 8629, 7761, 9918, 1480, 1959, 1945, 8226, 9809, 2298, 5665, 6881, 8296, 1050, 8276, 1438, 9616, 549, 6, 4586, 6111, 7916, 8166, 1372, 7931, 7716, 7849, 6748, 9737, 8072, 3253, 8266, 9120, 3185, 5894, 1074, 8877, 4749, 6753, 7795, 6535, 6854, 1579, 4926, 9449, 6349, 3324, 4661, 6715, 2325, 5871]
[948, 1736, 5274, 5401, 275, 9810, 3084, 1100, 5369, 2729, 8473, 6299, 8553, 5305, 2132, 6261, 9923, 4730, 7952, 3218, 8200, 1790, 675, 7443, 8619, 8633, 8480, 1732, 7941, 4565, 4547, 433, 418, 8396, 6825, 6678, 817, 2059, 368, 2316, 5365, 3980, 2679, 1950, 9665, 1429, 7330, 5820, 2454, 8212, 7119, 7004, 2752, 7399, 4304, 2841, 3083, 1280, 6178, 9654, 8580, 7536, 1453, 2948, 4826, 8033, 9704, 6590, 5634, 7224, 214, 7685, 4581, 5532, 5053, 5979, 9755, 4303, 2136, 9753, 3654, 4238, 8286, 218, 7015, 5890, 7513, 2214, 160, 6210, 6913, 6985, 5833, 3928, 5943, 4016, 1463, 4135, 8699, 3297, 5919, 3400, 7989, 3306, 6986, 2810, 5982, 6769, 6861, 2703, 6842, 3019, 9393, 4962, 1353, 2186, 370, 724, 3237, 974, 3446, 4951, 5134, 3073, 7632, 3391, 4775, 6514, 2586, 5030, 483, 1299, 1061, 8002, 9957, 6134, 1868, 2044, 5309, 3485, 3774, 3436, 4355, 4786, 1747, 9349, 119, 7223, 6125, 5200, 3107, 2525, 2386, 4071, 9126, 7387, 7518, 802, 5187, 4843, 9514, 2807, 692, 2240, 2910, 9794, 7852, 967, 1936, 2843, 878, 9093, 4504, 3922, 2010, 5718, 6232, 3251, 4795, 6444, 9995, 8886, 2755, 4947, 2038, 6298, 7062, 1112, 8183, 9930, 7892, 1829, 3051, 8009, 7861, 1323, 5029, 6545, 3097, 8735, 2081, 1241, 8156, 9940, 7174, 2829, 9791, 3614, 6389, 332, 2774, 3415, 669, 3381, 5330, 5416, 4682, 5791, 6962, 1693, 3962, 228, 6952, 2737, 1538, 799, 7318, 1905, 9067, 3110, 3358, 2005, 7105, 3463, 715, 2166, 6076, 5277, 4155, 4537, 9354, 4453, 8242, 9253, 7398, 5350, 6329, 1126, 7572, 4094, 8642, 7401, 4552, 9742, 9237, 6640, 3204, 9157, 7202, 237, 4036, 7235, 6133, 1947, 7097, 1908, 2530, 4051, 478, 888, 8115, 8731, 9609, 7887, 4306, 5700, 7430, 9274, 5098, 8494, 697, 9985, 2293, 845, 5600, 3682, 8109, 8241, 3821, 1937, 8193, 7644, 9061, 7674, 5719, 468, 7168, 4002, 8850, 1181, 7760, 5084, 6054, 6085, 2046, 5787, 8848, 1687, 2273, 7453, 2957, 3561, 8231, 4871, 42, 5794, 232, 121, 4921, 5388, 734, 565, 3183, 1178, 8977, 411, 4574, 7017, 9370, 7628, 8932, 5582, 8752, 147, 1051, 9145, 9888, 303, 3150, 4442, 1813, 6698, 6787, 8598, 945, 8840, 2003, 2570, 1739, 2285, 8261, 9790, 4307, 3849, 5506, 6574, 3618, 926, 189, 9217, 6466, 3901, 8361, 6900, 5479, 6385, 8677, 6942, 7267, 37, 749, 6040, 8102, 8271, 5460, 8514, 6533, 7785, 3953, 2565, 4447, 2219, 5086, 5961, 3430, 3645, 6841, 6531, 6190, 779, 9059, 646, 4387, 5234, 1603, 2978, 5141, 1823, 9015, 9625, 5435, 412, 68, 2243, 1612, 4476, 9492, 2320, 5709, 8410, 8161, 6613, 4313, 2216, 9968, 1772, 5306, 6879, 9215, 3651, 1034, 4422, 8312, 5617, 2114, 4423, 7930, 5544, 6783, 9819, 3343, 9269, 4516, 8854, 78, 2535, 9868, 95, 6206, 1580, 9839, 1886, 3755, 1227, 9965, 9191, 9315, 2529, 1442, 4942, 8629, 7761, 9918, 1480, 1959, 1945, 8226, 9809, 2298, 5665, 6881, 8296, 1050, 8276, 1438, 9616, 549, 6, 4586, 6111, 7916, 8166, 1372, 7931, 7716, 7849, 6748, 9737, 8072, 3253, 8266, 9120, 3185, 5894, 1074, 8877, 4749, 6753, 7795, 6535, 6854, 1579, 4926, 9449, 6349, 3324, 4661, 6715, 2325, 5871]
[948, 1736, 5274, 5401, 275, 9810, 3084, 1100, 5369, 2729, 8473, 6299, 8553, 5305, 2132, 6261, 9923, 4730, 7952, 3218, 8200, 1790, 675, 7443, 8619, 8633, 8480, 1732, 7941, 4565, 4547, 433, 418, 8396, 6825, 6678, 817, 2059, 368, 2316, 5365, 3980, 2679, 1950, 9665, 1429, 7330, 5820, 2454, 8212, 7119, 7004, 2752, 7399, 4304, 2841, 3083, 1280, 6178, 9654, 8580, 7536, 1453, 2948, 4826, 8033, 9704, 6590, 5634, 7224, 214, 7685, 4581, 5532, 5053, 5979, 9755, 4303, 2136, 9753, 3654, 4238, 8286, 218, 7015, 5890, 7513, 2214, 160, 6210, 6913, 6985, 5833, 3928, 5943, 4016, 1463, 4135, 8699, 3297, 5919, 3400, 7989, 3306, 6986, 2810, 5982, 6769, 6861, 2703, 6842, 3019, 9393, 4962, 1353, 2186, 370, 724, 3237, 974, 3446, 4951, 5134, 3073, 7632, 3391, 4775, 6514, 2586, 5030, 483, 1299, 1061, 8002, 9957, 6134, 1868, 2044, 5309, 3485, 3774, 3436, 4355, 4786, 1747, 9349, 119, 7223, 6125, 5200, 3107, 2525, 2386, 4071, 9126, 7387, 7518, 802, 5187, 4843, 9514, 2807, 692, 2240, 2910, 9794, 7852, 967, 1936, 2843, 878, 9093, 4504, 3922, 2010, 5718, 6232, 3251, 4795, 6444, 9995, 8886, 2755, 4947, 2038, 6298, 7062, 1112, 8183, 9930, 7892, 1829, 3051, 8009, 7861, 1323, 5029, 6545, 3097, 8735, 2081, 1241, 8156, 9940, 7174, 2829, 9791, 3614, 6389, 332, 2774, 3415, 669, 3381, 5330, 5416, 4682, 5791, 6962, 1693, 3962, 228, 6952, 2737, 1538, 799, 7318, 1905, 9067, 3110, 3358, 2005, 7105, 3463, 715, 2166, 6076, 5277, 4155, 4537, 9354, 4453, 8242, 9253, 7398, 5350, 6329, 1126, 7572, 4094, 8642, 7401, 4552, 9742, 9237, 6640, 3204, 9157, 7202, 237, 4036, 7235, 6133, 1947, 7097, 1908, 2530, 4051, 478, 888, 8115, 8731, 9609, 7887, 4306, 5700, 7430, 9274, 5098, 8494, 697, 9985, 2293, 845, 5600, 3682, 8109, 8241, 3821, 1937, 8193, 7644, 9061, 7674, 5719, 468, 7168, 4002, 8850, 1181, 7760, 5084, 6054, 6085, 2046, 5787, 8848, 1687, 2273, 7453, 2957, 3561, 8231, 4871, 42, 5794, 232, 121, 4921, 5388, 734, 565, 3183, 1178, 8977, 411, 4574, 7017, 9370, 7628, 8932, 5582, 8752, 147, 1051, 9145, 9888, 303, 3150, 4442, 1813, 6698, 6787, 8598, 945, 8840, 2003, 2570, 1739, 2285, 8261, 9790, 4307, 3849, 5506, 6574, 3618, 926, 189, 9217, 6466, 3901, 8361, 6900, 5479, 6385, 8677, 6942, 7267, 37, 749, 6040, 8102, 8271, 5460, 8514, 6533, 7785, 3953, 2565, 4447, 2219, 5086, 5961, 3430, 3645, 6841, 6531, 6190, 779, 9059, 646, 4387, 5234, 1603, 2978, 5141, 1823, 9015, 9625, 5435, 412, 68, 2243, 1612, 4476, 9492, 2320, 5709, 8410, 8161, 6613, 4313, 2216, 9968, 1772, 5306, 6879, 9215, 3651, 1034, 4422, 8312, 5617, 2114, 4423, 7930, 5544, 6783, 9819, 3343, 9269, 4516, 8854, 78, 2535, 9868, 95, 6206, 1580, 9839, 1886, 3755, 1227, 9965, 9191, 9315, 2529, 1442, 4942, 8629, 7761, 9918, 1480, 1959, 1945, 8226, 9809, 2298, 5665, 6881, 8296, 1050, 8276, 1438, 9616, 549, 6, 4586, 6111, 7916, 8166, 1372, 7931, 7716, 7849, 6748, 9737, 8072, 3253, 8266, 9120, 3185, 5894, 1074, 8877, 4749, 6753, 7795, 6535, 6854, 1579, 4926, 9449, 6349, 3324, 4661, 6715, 2325, 5871]
[948, 1736, 5274, 5401, 275, 9810, 3084, 1100, 5369, 2729, 8473, 6299, 8553, 5305, 2132, 6261, 9923, 4730, 7952, 3218, 8200, 1790, 675, 7443, 8619, 8633, 8480, 1732, 7941, 4565, 4547, 433, 418, 8396, 6825, 6678, 817, 2059, 368, 2316, 5365, 3980, 2679, 1950, 9665, 1429, 7330, 5820, 2454, 8212, 7119, 7004, 2752, 7399, 4304, 2841, 3083, 1280, 6178, 9654, 8580, 7536, 1453, 2948, 4826, 8033, 9704, 6590, 5634, 7224, 214, 7685, 4581, 5532, 5053, 5979, 9755, 4303, 2136, 9753, 3654, 4238, 8286, 218, 7015, 5890, 7513, 2214, 160, 6210, 6913, 6985, 5833, 3928, 5943, 4016, 1463, 4135, 8699, 3297, 5919, 3400, 7989, 3306, 6986, 2810, 5982, 6769, 6861, 2703, 6842, 3019, 9393, 4962, 1353, 2186, 370, 724, 3237, 974, 3446, 4951, 5134, 3073, 7632, 3391, 4775, 6514, 2586, 5030, 483, 1299, 1061, 8002, 9957, 6134, 1868, 2044, 5309, 3485, 3774, 3436, 4355, 4786, 1747, 9349, 119, 7223, 6125, 5200, 3107, 2525, 2386, 4071, 9126, 7387, 7518, 802, 5187, 4843, 9514, 2807, 692, 2240, 2910, 9794, 7852, 967, 1936, 2843, 878, 9093, 4504, 3922, 2010, 5718, 6232, 3251, 4795, 6444, 9995, 8886, 2755, 4947, 2038, 6298, 7062, 1112, 8183, 9930, 7892, 1829, 3051, 8009, 7861, 1323, 5029, 6545, 3097, 8735, 2081, 1241, 8156, 9940, 7174, 2829, 9791, 3614, 6389, 332, 2774, 3415, 669, 3381, 5330, 5416, 4682, 5791, 6962, 1693, 3962, 228, 6952, 2737, 1538, 799, 7318, 1905, 9067, 3110, 3358, 2005, 7105, 3463, 715, 2166, 6076, 5277, 4155, 4537, 9354, 4453, 8242, 9253, 7398, 5350, 6329, 1126, 7572, 4094, 8642, 7401, 4552, 9742, 9237, 6640, 3204, 9157, 7202, 237, 4036, 7235, 6133, 1947, 7097, 1908, 2530, 4051, 478, 888, 8115, 8731, 9609, 7887, 4306, 5700, 7430, 9274, 5098, 8494, 697, 9985, 2293, 845, 5600, 3682, 8109, 8241, 3821, 1937, 8193, 7644, 9061, 7674, 5719, 468, 7168, 4002, 8850, 1181, 7760, 5084, 6054, 6085, 2046, 5787, 8848, 1687, 2273, 7453, 2957, 3561, 8231, 4871, 42, 5794, 232, 121, 4921, 5388, 734, 565, 3183, 1178, 8977, 411, 4574, 7017, 9370, 7628, 8932, 5582, 8752, 147, 1051, 9145, 9888, 303, 3150, 4442, 1813, 6698, 6787, 8598, 945, 8840, 2003, 2570, 1739, 2285, 8261, 9790, 4307, 3849, 5506, 6574, 3618, 926, 189, 9217, 6466, 3901, 8361, 6900, 5479, 6385, 8677, 6942, 7267, 37, 749, 6040, 8102, 8271, 5460, 8514, 6533, 7785, 3953, 2565, 4447, 2219, 5086, 5961, 3430, 3645, 6841, 6531, 6190, 779, 9059, 646, 4387, 5234, 1603, 2978, 5141, 1823, 9015, 9625, 5435, 412, 68, 2243, 1612, 4476, 9492, 2320, 5709, 8410, 8161, 6613, 4313, 2216, 9968, 1772, 5306, 6879, 9215, 3651, 1034, 4422, 8312, 5617, 2114, 4423, 7930, 5544, 6783, 9819, 3343, 9269, 4516, 8854, 78, 2535, 9868, 95, 6206, 1580, 9839, 1886, 3755, 1227, 9965, 9191, 9315, 2529, 1442, 4942, 8629, 7761, 9918, 1480, 1959, 1945, 8226, 9809, 2298, 5665, 6881, 8296, 1050, 8276, 1438, 9616, 549, 6, 4586, 6111, 7916, 8166, 1372, 7931, 7716, 7849, 6748, 9737, 8072, 3253, 8266, 9120, 3185, 5894, 1074, 8877, 4749, 6753, 7795, 6535, 6854, 1579, 4926, 9449, 6349, 3324, 4661, 6715, 2325, 5871]
[948, 1736, 5274, 5401, 275, 9810, 3084, 1100, 5369, 2729, 8473, 6299, 8553, 5305, 2132, 6261, 9923, 4730, 7952, 3218, 8200, 1790, 675, 7443, 8619, 8633, 8480, 1732, 7941, 4565, 4547, 433, 418, 8396, 6825, 6678, 817, 2059, 368, 2316, 5365, 3980, 2679, 1950, 9665, 1429, 7330, 5820, 2454, 8212, 7119, 7004, 2752, 7399, 4304, 2841, 3083, 1280, 6178, 9654, 8580, 7536, 1453, 2948, 4826, 8033, 9704, 6590, 5634, 7224, 214, 7685, 4581, 5532, 5053, 5979, 9755, 4303, 2136, 9753, 3654, 4238, 8286, 218, 7015, 5890, 7513, 2214, 160, 6210, 6913, 6985, 5833, 3928, 5943, 4016, 1463, 4135, 8699, 3297, 5919, 3400, 7989, 3306, 6986, 2810, 5982, 6769, 6861, 2703, 6842, 3019, 9393, 4962, 1353, 2186, 370, 724, 3237, 974, 3446, 4951, 5134, 3073, 7632, 3391, 4775, 6514, 2586, 5030, 483, 1299, 1061, 8002, 9957, 6134, 1868, 2044, 5309, 3485, 3774, 3436, 4355, 4786, 1747, 9349, 119, 7223, 6125, 5200, 3107, 2525, 2386, 4071, 9126, 7387, 7518, 802, 5187, 4843, 9514, 2807, 692, 2240, 2910, 9794, 7852, 967, 1936, 2843, 878, 9093, 4504, 3922, 2010, 5718, 6232, 3251, 4795, 6444, 9995, 8886, 2755, 4947, 2038, 6298, 7062, 1112, 8183, 9930, 7892, 1829, 3051, 8009, 7861, 1323, 5029, 6545, 3097, 8735, 2081, 1241, 8156, 9940, 7174, 2829, 9791, 3614, 6389, 332, 2774, 3415, 669, 3381, 5330, 5416, 4682, 5791, 6962, 1693, 3962, 228, 6952, 2737, 1538, 799, 7318, 1905, 9067, 3110, 3358, 2005, 7105, 3463, 715, 2166, 6076, 5277, 4155, 4537, 9354, 4453, 8242, 9253, 7398, 5350, 6329, 1126, 7572, 4094, 8642, 7401, 4552, 9742, 9237, 6640, 3204, 9157, 7202, 237, 4036, 7235, 6133, 1947, 7097, 1908, 2530, 4051, 478, 888, 8115, 8731, 9609, 7887, 4306, 5700, 7430, 9274, 5098, 8494, 697, 9985, 2293, 845, 5600, 3682, 8109, 8241, 3821, 1937, 8193, 7644, 9061, 7674, 5719, 468, 7168, 4002, 8850, 1181, 7760, 5084, 6054, 6085, 2046, 5787, 8848, 1687, 2273, 7453, 2957, 3561, 8231, 4871, 42, 5794, 232, 121, 4921, 5388, 734, 565, 3183, 1178, 8977, 411, 4574, 7017, 9370, 7628, 8932, 5582, 8752, 147, 1051, 9145, 9888, 303, 3150, 4442, 1813, 6698, 6787, 8598, 945, 8840, 2003, 2570, 1739, 2285, 8261, 9790, 4307, 3849, 5506, 6574, 3618, 926, 189, 9217, 6466, 3901, 8361, 6900, 5479, 6385, 8677, 6942, 7267, 37, 749, 6040, 8102, 8271, 5460, 8514, 6533, 7785, 3953, 2565, 4447, 2219, 5086, 5961, 3430, 3645, 6841, 6531, 6190, 779, 9059, 646, 4387, 5234, 1603, 2978, 5141, 1823, 9015, 9625, 5435, 412, 68, 2243, 1612, 4476, 9492, 2320, 5709, 8410, 8161, 6613, 4313, 2216, 9968, 1772, 5306, 6879, 9215, 3651, 1034, 4422, 8312, 5617, 2114, 4423, 7930, 5544, 6783, 9819, 3343, 9269, 4516, 8854, 78, 2535, 9868, 95, 6206, 1580, 9839, 1886, 3755, 1227, 9965, 9191, 9315, 2529, 1442, 4942, 8629, 7761, 9918, 1480, 1959, 1945, 8226, 9809, 2298, 5665, 6881, 8296, 1050, 8276, 1438, 9616, 549, 6, 4586, 6111, 7916, 8166, 1372, 7931, 7716, 7849, 6748, 9737, 8072, 3253, 8266, 9120, 3185, 5894, 1074, 8877, 4749, 6753, 7795, 6535, 6854, 1579, 4926, 9449, 6349, 3324, 4661, 6715, 2325, 5871]
[948, 1736, 5274, 5401, 275, 9810, 3084, 1100, 5369, 2729, 8473, 6299, 8553, 5305, 2132, 6261, 9923, 4730, 7952, 3218, 8200, 1790, 675, 7443, 8619, 8633, 8480, 1732, 7941, 4565, 4547, 433, 418, 8396, 6825, 6678, 817, 2059, 368, 2316, 5365, 3980, 2679, 1950, 9665, 1429, 7330, 5820, 2454, 8212, 7119, 7004, 2752, 7399, 4304, 2841, 3083, 1280, 6178, 9654, 8580, 7536, 1453, 2948, 4826, 8033, 9704, 6590, 5634, 7224, 214, 7685, 4581, 5532, 5053, 5979, 9755, 4303, 2136, 9753, 3654, 4238, 8286, 218, 7015, 5890, 7513, 2214, 160, 6210, 6913, 6985, 5833, 3928, 5943, 4016, 1463, 4135, 8699, 3297, 5919, 3400, 7989, 3306, 6986, 2810, 5982, 6769, 6861, 2703, 6842, 3019, 9393, 4962, 1353, 2186, 370, 724, 3237, 974, 3446, 4951, 5134, 3073, 7632, 3391, 4775, 6514, 2586, 5030, 483, 1299, 1061, 8002, 9957, 6134, 1868, 2044, 5309, 3485, 3774, 3436, 4355, 4786, 1747, 9349, 119, 7223, 6125, 5200, 3107, 2525, 2386, 4071, 9126, 7387, 7518, 802, 5187, 4843, 9514, 2807, 692, 2240, 2910, 9794, 7852, 967, 1936, 2843, 878, 9093, 4504, 3922, 2010, 5718, 6232, 3251, 4795, 6444, 9995, 8886, 2755, 4947, 2038, 6298, 7062, 1112, 8183, 9930, 7892, 1829, 3051, 8009, 7861, 1323, 5029, 6545, 3097, 8735, 2081, 1241, 8156, 9940, 7174, 2829, 9791, 3614, 6389, 332, 2774, 3415, 669, 3381, 5330, 5416, 4682, 5791, 6962, 1693, 3962, 228, 6952, 2737, 1538, 799, 7318, 1905, 9067, 3110, 3358, 2005, 7105, 3463, 715, 2166, 6076, 5277, 4155, 4537, 9354, 4453, 8242, 9253, 7398, 5350, 6329, 1126, 7572, 4094, 8642, 7401, 4552, 9742, 9237, 6640, 3204, 9157, 7202, 237, 4036, 7235, 6133, 1947, 7097, 1908, 2530, 4051, 478, 888, 8115, 8731, 9609, 7887, 4306, 5700, 7430, 9274, 5098, 8494, 697, 9985, 2293, 845, 5600, 3682, 8109, 8241, 3821, 1937, 8193, 7644, 9061, 7674, 5719, 468, 7168, 4002, 8850, 1181, 7760, 5084, 6054, 6085, 2046, 5787, 8848, 1687, 2273, 7453, 2957, 3561, 8231, 4871, 42, 5794, 232, 121, 4921, 5388, 734, 565, 3183, 1178, 8977, 411, 4574, 7017, 9370, 7628, 8932, 5582, 8752, 147, 1051, 9145, 9888, 303, 3150, 4442, 1813, 6698, 6787, 8598, 945, 8840, 2003, 2570, 1739, 2285, 8261, 9790, 4307, 3849, 5506, 6574, 3618, 926, 189, 9217, 6466, 3901, 8361, 6900, 5479, 6385, 8677, 6942, 7267, 37, 749, 6040, 8102, 8271, 5460, 8514, 6533, 7785, 3953, 2565, 4447, 2219, 5086, 5961, 3430, 3645, 6841, 6531, 6190, 779, 9059, 646, 4387, 5234, 1603, 2978, 5141, 1823, 9015, 9625, 5435, 412, 68, 2243, 1612, 4476, 9492, 2320, 5709, 8410, 8161, 6613, 4313, 2216, 9968, 1772, 5306, 6879, 9215, 3651, 1034, 4422, 8312, 5617, 2114, 4423, 7930, 5544, 6783, 9819, 3343, 9269, 4516, 8854, 78, 2535, 9868, 95, 6206, 1580, 9839, 1886, 3755, 1227, 9965, 9191, 9315, 2529, 1442, 4942, 8629, 7761, 9918, 1480, 1959, 1945, 8226, 9809, 2298, 5665, 6881, 8296, 1050, 8276, 1438, 9616, 549, 6, 4586, 6111, 7916, 8166, 1372, 7931, 7716, 7849, 6748, 9737, 8072, 3253, 8266, 9120, 3185, 5894, 1074, 8877, 4749, 6753, 7795, 6535, 6854, 1579, 4926, 9449, 6349, 3324, 4661, 6715, 2325, 5871]
[948, 1736, 5274, 5401, 275, 9810, 3084, 1100, 5369, 2729, 8473, 6299, 8553, 5305, 2132, 6261, 9923, 4730, 7952, 3218, 8200, 1790, 675, 7443, 8619, 8633, 8480, 1732, 7941, 4565, 4547, 433, 418, 8396, 6825, 6678, 817, 2059, 368, 2316, 5365, 3980, 2679, 1950, 9665, 1429, 7330, 5820, 2454, 8212, 7119, 7004, 2752, 7399, 4304, 2841, 3083, 1280, 6178, 9654, 8580, 7536, 1453, 2948, 4826, 8033, 9704, 6590, 5634, 7224, 214, 7685, 4581, 5532, 5053, 5979, 9755, 4303, 2136, 9753, 3654, 4238, 8286, 218, 7015, 5890, 7513, 2214, 160, 6210, 6913, 6985, 5833, 3928, 5943, 4016, 1463, 4135, 8699, 3297, 5919, 3400, 7989, 3306, 6986, 2810, 5982, 6769, 6861, 2703, 6842, 3019, 9393, 4962, 1353, 2186, 370, 724, 3237, 974, 3446, 4951, 5134, 3073, 7632, 3391, 4775, 6514, 2586, 5030, 483, 1299, 1061, 8002, 9957, 6134, 1868, 2044, 5309, 3485, 3774, 3436, 4355, 4786, 1747, 9349, 119, 7223, 6125, 5200, 3107, 2525, 2386, 4071, 9126, 7387, 7518, 802, 5187, 4843, 9514, 2807, 692, 2240, 2910, 9794, 7852, 967, 1936, 2843, 878, 9093, 4504, 3922, 2010, 5718, 6232, 3251, 4795, 6444, 9995, 8886, 2755, 4947, 2038, 6298, 7062, 1112, 8183, 9930, 7892, 1829, 3051, 8009, 7861, 1323, 5029, 6545, 3097, 8735, 2081, 1241, 8156, 9940, 7174, 2829, 9791, 3614, 6389, 332, 2774, 3415, 669, 3381, 5330, 5416, 4682, 5791, 6962, 1693, 3962, 228, 6952, 2737, 1538, 799, 7318, 1905, 9067, 3110, 3358, 2005, 7105, 3463, 715, 2166, 6076, 5277, 4155, 4537, 9354, 4453, 8242, 9253, 7398, 5350, 6329, 1126, 7572, 4094, 8642, 7401, 4552, 9742, 9237, 6640, 3204, 9157, 7202, 237, 4036, 7235, 6133, 1947, 7097, 1908, 2530, 4051, 478, 888, 8115, 8731, 9609, 7887, 4306, 5700, 7430, 9274, 5098, 8494, 697, 9985, 2293, 845, 5600, 3682, 8109, 8241, 3821, 1937, 8193, 7644, 9061, 7674, 5719, 468, 7168, 4002, 8850, 1181, 7760, 5084, 6054, 6085, 2046, 5787, 8848, 1687, 2273, 7453, 2957, 3561, 8231, 4871, 42, 5794, 232, 121, 4921, 5388, 734, 565, 3183, 1178, 8977, 411, 4574, 7017, 9370, 7628, 8932, 5582, 8752, 147, 1051, 9145, 9888, 303, 3150, 4442, 1813, 6698, 6787, 8598, 945, 8840, 2003, 2570, 1739, 2285, 8261, 9790, 4307, 3849, 5506, 6574, 3618, 926, 189, 9217, 6466, 3901, 8361, 6900, 5479, 6385, 8677, 6942, 7267, 37, 749, 6040, 8102, 8271, 5460, 8514, 6533, 7785, 3953, 2565, 4447, 2219, 5086, 5961, 3430, 3645, 6841, 6531, 6190, 779, 9059, 646, 4387, 5234, 1603, 2978, 5141, 1823, 9015, 9625, 5435, 412, 68, 2243, 1612, 4476, 9492, 2320, 5709, 8410, 8161, 6613, 4313, 2216, 9968, 1772, 5306, 6879, 9215, 3651, 1034, 4422, 8312, 5617, 2114, 4423, 7930, 5544, 6783, 9819, 3343, 9269, 4516, 8854, 78, 2535, 9868, 95, 6206, 1580, 9839, 1886, 3755, 1227, 9965, 9191, 9315, 2529, 1442, 4942, 8629, 7761, 9918, 1480, 1959, 1945, 8226, 9809, 2298, 5665, 6881, 8296, 1050, 8276, 1438, 9616, 549, 6, 4586, 6111, 7916, 8166, 1372, 7931, 7716, 7849, 6748, 9737, 8072, 3253, 8266, 9120, 3185, 5894, 1074, 8877, 4749, 6753, 7795, 6535, 6854, 1579, 4926, 9449, 6349, 3324, 4661, 6715, 2325, 5871]
[948, 1736, 5274, 5401, 275, 9810, 3084, 1100, 5369, 2729, 8473, 6299, 8553, 5305, 2132, 6261, 9923, 4730, 7952, 3218, 8200, 1790, 675, 7443, 8619, 8633, 8480, 1732, 7941, 4565, 4547, 433, 418, 8396, 6825, 6678, 817, 2059, 368, 2316, 5365, 3980, 2679, 1950, 9665, 1429, 7330, 5820, 2454, 8212, 7119, 7004, 2752, 7399, 4304, 2841, 3083, 1280, 6178, 9654, 8580, 7536, 1453, 2948, 4826, 8033, 9704, 6590, 5634, 7224, 214, 7685, 4581, 5532, 5053, 5979, 9755, 4303, 2136, 9753, 3654, 4238, 8286, 218, 7015, 5890, 7513, 2214, 160, 6210, 6913, 6985, 5833, 3928, 5943, 4016, 1463, 4135, 8699, 3297, 5919, 3400, 7989, 3306, 6986, 2810, 5982, 6769, 6861, 2703, 6842, 3019, 9393, 4962, 1353, 2186, 370, 724, 3237, 974, 3446, 4951, 5134, 3073, 7632, 3391, 4775, 6514, 2586, 5030, 483, 1299, 1061, 8002, 9957, 6134, 1868, 2044, 5309, 3485, 3774, 3436, 4355, 4786, 1747, 9349, 119, 7223, 6125, 5200, 3107, 2525, 2386, 4071, 9126, 7387, 7518, 802, 5187, 4843, 9514, 2807, 692, 2240, 2910, 9794, 7852, 967, 1936, 2843, 878, 9093, 4504, 3922, 2010, 5718, 6232, 3251, 4795, 6444, 9995, 8886, 2755, 4947, 2038, 6298, 7062, 1112, 8183, 9930, 7892, 1829, 3051, 8009, 7861, 1323, 5029, 6545, 3097, 8735, 2081, 1241, 8156, 9940, 7174, 2829, 9791, 3614, 6389, 332, 2774, 3415, 669, 3381, 5330, 5416, 4682, 5791, 6962, 1693, 3962, 228, 6952, 2737, 1538, 799, 7318, 1905, 9067, 3110, 3358, 2005, 7105, 3463, 715, 2166, 6076, 5277, 4155, 4537, 9354, 4453, 8242, 9253, 7398, 5350, 6329, 1126, 7572, 4094, 8642, 7401, 4552, 9742, 9237, 6640, 3204, 9157, 7202, 237, 4036, 7235, 6133, 1947, 7097, 1908, 2530, 4051, 478, 888, 8115, 8731, 9609, 7887, 4306, 5700, 7430, 9274, 5098, 8494, 697, 9985, 2293, 845, 5600, 3682, 8109, 8241, 3821, 1937, 8193, 7644, 9061, 7674, 5719, 468, 7168, 4002, 8850, 1181, 7760, 5084, 6054, 6085, 2046, 5787, 8848, 1687, 2273, 7453, 2957, 3561, 8231, 4871, 42, 5794, 232, 121, 4921, 5388, 734, 565, 3183, 1178, 8977, 411, 4574, 7017, 9370, 7628, 8932, 5582, 8752, 147, 1051, 9145, 9888, 303, 3150, 4442, 1813, 6698, 6787, 8598, 945, 8840, 2003, 2570, 1739, 2285, 8261, 9790, 4307, 3849, 5506, 6574, 3618, 926, 189, 9217, 6466, 3901, 8361, 6900, 5479, 6385, 8677, 6942, 7267, 37, 749, 6040, 8102, 8271, 5460, 8514, 6533, 7785, 3953, 2565, 4447, 2219, 5086, 5961, 3430, 3645, 6841, 6531, 6190, 779, 9059, 646, 4387, 5234, 1603, 2978, 5141, 1823, 9015, 9625, 5435, 412, 68, 2243, 1612, 4476, 9492, 2320, 5709, 8410, 8161, 6613, 4313, 2216, 9968, 1772, 5306, 6879, 9215, 3651, 1034, 4422, 8312, 5617, 2114, 4423, 7930, 5544, 6783, 9819, 3343, 9269, 4516, 8854, 78, 2535, 9868, 95, 6206, 1580, 9839, 1886, 3755, 1227, 9965, 9191, 9315, 2529, 1442, 4942, 8629, 7761, 9918, 1480, 1959, 1945, 8226, 9809, 2298, 5665, 6881, 8296, 1050, 8276, 1438, 9616, 549, 6, 4586, 6111, 7916, 8166, 1372, 7931, 7716, 7849, 6748, 9737, 8072, 3253, 8266, 9120, 3185, 5894, 1074, 8877, 4749, 6753, 7795, 6535, 6854, 1579, 4926, 9449, 6349, 3324, 4661, 6715, 2325, 5871]
[948, 1736, 5274, 5401, 275, 9810, 3084, 1100, 5369, 2729, 8473, 6299, 8553, 5305, 2132, 6261, 9923, 4730, 7952, 3218, 8200, 1790, 675, 7443, 8619, 8633, 8480, 1732, 7941, 4565, 4547, 433, 418, 8396, 6825, 6678, 817, 2059, 368, 2316, 5365, 3980, 2679, 1950, 9665, 1429, 7330, 5820, 2454, 8212, 7119, 7004, 2752, 7399, 4304, 2841, 3083, 1280, 6178, 9654, 8580, 7536, 1453, 2948, 4826, 8033, 9704, 6590, 5634, 7224, 214, 7685, 4581, 5532, 5053, 5979, 9755, 4303, 2136, 9753, 3654, 4238, 8286, 218, 7015, 5890, 7513, 2214, 160, 6210, 6913, 6985, 5833, 3928, 5943, 4016, 1463, 4135, 8699, 3297, 5919, 3400, 7989, 3306, 6986, 2810, 5982, 6769, 6861, 2703, 6842, 3019, 9393, 4962, 1353, 2186, 370, 724, 3237, 974, 3446, 4951, 5134, 3073, 7632, 3391, 4775, 6514, 2586, 5030, 483, 1299, 1061, 8002, 9957, 6134, 1868, 2044, 5309, 3485, 3774, 3436, 4355, 4786, 1747, 9349, 119, 7223, 6125, 5200, 3107, 2525, 2386, 4071, 9126, 7387, 7518, 802, 5187, 4843, 9514, 2807, 692, 2240, 2910, 9794, 7852, 967, 1936, 2843, 878, 9093, 4504, 3922, 2010, 5718, 6232, 3251, 4795, 6444, 9995, 8886, 2755, 4947, 2038, 6298, 7062, 1112, 8183, 9930, 7892, 1829, 3051, 8009, 7861, 1323, 5029, 6545, 3097, 8735, 2081, 1241, 8156, 9940, 7174, 2829, 9791, 3614, 6389, 332, 2774, 3415, 669, 3381, 5330, 5416, 4682, 5791, 6962, 1693, 3962, 228, 6952, 2737, 1538, 799, 7318, 1905, 9067, 3110, 3358, 2005, 7105, 3463, 715, 2166, 6076, 5277, 4155, 4537, 9354, 4453, 8242, 9253, 7398, 5350, 6329, 1126, 7572, 4094, 8642, 7401, 4552, 9742, 9237, 6640, 3204, 9157, 7202, 237, 4036, 7235, 6133, 1947, 7097, 1908, 2530, 4051, 478, 888, 8115, 8731, 9609, 7887, 4306, 5700, 7430, 9274, 5098, 8494, 697, 9985, 2293, 845, 5600, 3682, 8109, 8241, 3821, 1937, 8193, 7644, 9061, 7674, 5719, 468, 7168, 4002, 8850, 1181, 7760, 5084, 6054, 6085, 2046, 5787, 8848, 1687, 2273, 7453, 2957, 3561, 8231, 4871, 42, 5794, 232, 121, 4921, 5388, 734, 565, 3183, 1178, 8977, 411, 4574, 7017, 9370, 7628, 8932, 5582, 8752, 147, 1051, 9145, 9888, 303, 3150, 4442, 1813, 6698, 6787, 8598, 945, 8840, 2003, 2570, 1739, 2285, 8261, 9790, 4307, 3849, 5506, 6574, 3618, 926, 189, 9217, 6466, 3901, 8361, 6900, 5479, 6385, 8677, 6942, 7267, 37, 749, 6040, 8102, 8271, 5460, 8514, 6533, 7785, 3953, 2565, 4447, 2219, 5086, 5961, 3430, 3645, 6841, 6531, 6190, 779, 9059, 646, 4387, 5234, 1603, 2978, 5141, 1823, 9015, 9625, 5435, 412, 68, 2243, 1612, 4476, 9492, 2320, 5709, 8410, 8161, 6613, 4313, 2216, 9968, 1772, 5306, 6879, 9215, 3651, 1034, 4422, 8312, 5617, 2114, 4423, 7930, 5544, 6783, 9819, 3343, 9269, 4516, 8854, 78, 2535, 9868, 95, 6206, 1580, 9839, 1886, 3755, 1227, 9965, 9191, 9315, 2529, 1442, 4942, 8629, 7761, 9918, 1480, 1959, 1945, 8226, 9809, 2298, 5665, 6881, 8296, 1050, 8276, 1438, 9616, 549, 6, 4586, 6111, 7916, 8166, 1372, 7931, 7716, 7849, 6748, 9737, 8072, 3253, 8266, 9120, 3185, 5894, 1074, 8877, 4749, 6753, 7795, 6535, 6854, 1579, 4926, 9449, 6349, 3324, 4661, 6715, 2325, 5871]
