Fault List:
93
93
93
93
93
93
93
93
93
93
93
93
93
93
93
93
93
93
93
93
93
93
93
93
93
93
93
93
93
93
FDR List:
0.5224719101123596
0.5224719101123596
0.5224719101123596
0.5224719101123596
0.5224719101123596
0.5224719101123596
0.5224719101123596
0.5224719101123596
0.5224719101123596
0.5224719101123596
0.5224719101123596
0.5224719101123596
0.5224719101123596
0.5224719101123596
0.5224719101123596
0.5224719101123596
0.5224719101123596
0.5224719101123596
0.5224719101123596
0.5224719101123596
0.5224719101123596
0.5224719101123596
0.5224719101123596
0.5224719101123596
0.5224719101123596
0.5224719101123596
0.5224719101123596
0.5224719101123596
0.5224719101123596
0.5224719101123596
Time List:
2.707763195037842
3.035182237625122
2.9841151237487793
2.4694762229919434
2.0606698989868164
2.046260356903076
1.9765338897705078
1.9383292198181152
2.112110137939453
1.957237958908081
2.610766887664795
2.648954153060913
2.2950239181518555
2.059000015258789
2.0474908351898193
1.9690501689910889
2.0606460571289062
1.9832420349121094
2.001980781555176
1.9720311164855957
2.048983097076416
2.028252363204956
2.027567148208618
2.0359411239624023
2.995208978652954
2.3123440742492676
2.0444858074188232
2.074228048324585
2.1366872787475586
1.9968822002410889
Subset List:
[948, 2675, 5274, 3306, 275, 9810, 3084, 1100, 5369, 1607, 2957, 3019, 9393, 3366, 2132, 5794, 9923, 5959, 7952, 9454, 734, 565, 5134, 7443, 6481, 411, 4574, 7017, 2276, 4565, 4547, 5582, 4463, 147, 6825, 1662, 7313, 387, 368, 3485, 3456, 1581, 2679, 8598, 8815, 8840, 119, 7223, 6125, 8212, 8261, 7004, 2386, 4071, 5506, 2841, 3618, 1280, 5187, 9654, 6466, 171, 3164, 2948, 3264, 6385, 6165, 6590, 7267, 1040, 214, 1167, 4581, 8271, 3735, 5718, 9755, 7785, 7524, 6444, 4632, 2219, 8286, 5961, 20, 6218, 1933, 2214, 8183, 9930, 9059, 646, 3051, 3928, 7958, 2978, 1463, 6491, 7559, 8735, 2081, 3400, 7989, 2912, 1612, 2810, 5982, 6769, 427, 1172, 6842, 3415, 4313, 3381, 7970, 5416, 370, 724, 5752, 974, 3446, 774, 4917, 2737, 1538, 3391, 7318, 1905, 9067, 9819, 3358, 9269, 7105, 5272, 7257, 2166, 1868, 95, 5309, 2181, 5324, 4453, 8242, 9253, 2855, 1704, 9657, 1126, 1442, 5200, 3107, 7401, 58, 1480, 9126, 1945, 7518, 802, 7202, 4843, 9514, 8296, 2264, 8276, 2910, 9794, 549, 3752, 5815, 6111, 878, 8731, 1372, 7887, 4306, 7849, 4862, 3251, 5609, 8494, 697, 8886, 2755, 4963, 1074, 6298, 4749, 1112, 2205, 1339, 8193, 2630, 4926, 6497, 5719, 3324, 2923, 4002, 3097, 5871, 9250, 1736, 1129, 5401, 7145, 8484, 5115, 3614, 6389, 332, 8473, 6299, 8828, 3208, 5330, 6637, 232, 5318, 4870, 5388, 4924, 9190, 4097, 1088, 8619, 8633, 3514, 6564, 9370, 7628, 5990, 5838, 2444, 8753, 1051, 6899, 9385, 2059, 4155, 4537, 1813, 3980, 2606, 869, 9665, 5350, 7330, 6859, 2432, 2285, 7119, 7427, 4552, 7399, 4499, 6640, 3083, 4718, 9209, 9217, 8580, 7536, 6133, 1947, 4826, 1908, 9704, 4051, 5634, 7224, 8115, 7685, 9609, 5532, 5460, 5979, 188, 9274, 5098, 2565, 3654, 4238, 2293, 845, 7015, 3645, 7513, 8241, 6190, 779, 6913, 6985, 9061, 6234, 7439, 195, 7168, 4135, 2472, 1181]
[948, 2675, 5274, 3306, 275, 9810, 3084, 1100, 5369, 1607, 2957, 3019, 9393, 3366, 2132, 5794, 9923, 5959, 7952, 9454, 734, 565, 5134, 7443, 6481, 411, 4574, 7017, 2276, 4565, 4547, 5582, 4463, 147, 6825, 1662, 7313, 387, 368, 3485, 3456, 1581, 2679, 8598, 8815, 8840, 119, 7223, 6125, 8212, 8261, 7004, 2386, 4071, 5506, 2841, 3618, 1280, 5187, 9654, 6466, 171, 3164, 2948, 3264, 6385, 6165, 6590, 7267, 1040, 214, 1167, 4581, 8271, 3735, 5718, 9755, 7785, 7524, 6444, 4632, 2219, 8286, 5961, 20, 6218, 1933, 2214, 8183, 9930, 9059, 646, 3051, 3928, 7958, 2978, 1463, 6491, 7559, 8735, 2081, 3400, 7989, 2912, 1612, 2810, 5982, 6769, 427, 1172, 6842, 3415, 4313, 3381, 7970, 5416, 370, 724, 5752, 974, 3446, 774, 4917, 2737, 1538, 3391, 7318, 1905, 9067, 9819, 3358, 9269, 7105, 5272, 7257, 2166, 1868, 95, 5309, 2181, 5324, 4453, 8242, 9253, 2855, 1704, 9657, 1126, 1442, 5200, 3107, 7401, 58, 1480, 9126, 1945, 7518, 802, 7202, 4843, 9514, 8296, 2264, 8276, 2910, 9794, 549, 3752, 5815, 6111, 878, 8731, 1372, 7887, 4306, 7849, 4862, 3251, 5609, 8494, 697, 8886, 2755, 4963, 1074, 6298, 4749, 1112, 2205, 1339, 8193, 2630, 4926, 6497, 5719, 3324, 2923, 4002, 3097, 5871, 9250, 1736, 1129, 5401, 7145, 8484, 5115, 3614, 6389, 332, 8473, 6299, 8828, 3208, 5330, 6637, 232, 5318, 4870, 5388, 4924, 9190, 4097, 1088, 8619, 8633, 3514, 6564, 9370, 7628, 5990, 5838, 2444, 8753, 1051, 6899, 9385, 2059, 4155, 4537, 1813, 3980, 2606, 869, 9665, 5350, 7330, 6859, 2432, 2285, 7119, 7427, 4552, 7399, 4499, 6640, 3083, 4718, 9209, 9217, 8580, 7536, 6133, 1947, 4826, 1908, 9704, 4051, 5634, 7224, 8115, 7685, 9609, 5532, 5460, 5979, 188, 9274, 5098, 2565, 3654, 4238, 2293, 845, 7015, 3645, 7513, 8241, 6190, 779, 6913, 6985, 9061, 6234, 7439, 195, 7168, 4135, 2472, 1181]
[948, 2675, 5274, 3306, 275, 9810, 3084, 1100, 5369, 1607, 2957, 3019, 9393, 3366, 2132, 5794, 9923, 5959, 7952, 9454, 734, 565, 5134, 7443, 6481, 411, 4574, 7017, 2276, 4565, 4547, 5582, 4463, 147, 6825, 1662, 7313, 387, 368, 3485, 3456, 1581, 2679, 8598, 8815, 8840, 119, 7223, 6125, 8212, 8261, 7004, 2386, 4071, 5506, 2841, 3618, 1280, 5187, 9654, 6466, 171, 3164, 2948, 3264, 6385, 6165, 6590, 7267, 1040, 214, 1167, 4581, 8271, 3735, 5718, 9755, 7785, 7524, 6444, 4632, 2219, 8286, 5961, 20, 6218, 1933, 2214, 8183, 9930, 9059, 646, 3051, 3928, 7958, 2978, 1463, 6491, 7559, 8735, 2081, 3400, 7989, 2912, 1612, 2810, 5982, 6769, 427, 1172, 6842, 3415, 4313, 3381, 7970, 5416, 370, 724, 5752, 974, 3446, 774, 4917, 2737, 1538, 3391, 7318, 1905, 9067, 9819, 3358, 9269, 7105, 5272, 7257, 2166, 1868, 95, 5309, 2181, 5324, 4453, 8242, 9253, 2855, 1704, 9657, 1126, 1442, 5200, 3107, 7401, 58, 1480, 9126, 1945, 7518, 802, 7202, 4843, 9514, 8296, 2264, 8276, 2910, 9794, 549, 3752, 5815, 6111, 878, 8731, 1372, 7887, 4306, 7849, 4862, 3251, 5609, 8494, 697, 8886, 2755, 4963, 1074, 6298, 4749, 1112, 2205, 1339, 8193, 2630, 4926, 6497, 5719, 3324, 2923, 4002, 3097, 5871, 9250, 1736, 1129, 5401, 7145, 8484, 5115, 3614, 6389, 332, 8473, 6299, 8828, 3208, 5330, 6637, 232, 5318, 4870, 5388, 4924, 9190, 4097, 1088, 8619, 8633, 3514, 6564, 9370, 7628, 5990, 5838, 2444, 8753, 1051, 6899, 9385, 2059, 4155, 4537, 1813, 3980, 2606, 869, 9665, 5350, 7330, 6859, 2432, 2285, 7119, 7427, 4552, 7399, 4499, 6640, 3083, 4718, 9209, 9217, 8580, 7536, 6133, 1947, 4826, 1908, 9704, 4051, 5634, 7224, 8115, 7685, 9609, 5532, 5460, 5979, 188, 9274, 5098, 2565, 3654, 4238, 2293, 845, 7015, 3645, 7513, 8241, 6190, 779, 6913, 6985, 9061, 6234, 7439, 195, 7168, 4135, 2472, 1181]
[948, 2675, 5274, 3306, 275, 9810, 3084, 1100, 5369, 1607, 2957, 3019, 9393, 3366, 2132, 5794, 9923, 5959, 7952, 9454, 734, 565, 5134, 7443, 6481, 411, 4574, 7017, 2276, 4565, 4547, 5582, 4463, 147, 6825, 1662, 7313, 387, 368, 3485, 3456, 1581, 2679, 8598, 8815, 8840, 119, 7223, 6125, 8212, 8261, 7004, 2386, 4071, 5506, 2841, 3618, 1280, 5187, 9654, 6466, 171, 3164, 2948, 3264, 6385, 6165, 6590, 7267, 1040, 214, 1167, 4581, 8271, 3735, 5718, 9755, 7785, 7524, 6444, 4632, 2219, 8286, 5961, 20, 6218, 1933, 2214, 8183, 9930, 9059, 646, 3051, 3928, 7958, 2978, 1463, 6491, 7559, 8735, 2081, 3400, 7989, 2912, 1612, 2810, 5982, 6769, 427, 1172, 6842, 3415, 4313, 3381, 7970, 5416, 370, 724, 5752, 974, 3446, 774, 4917, 2737, 1538, 3391, 7318, 1905, 9067, 9819, 3358, 9269, 7105, 5272, 7257, 2166, 1868, 95, 5309, 2181, 5324, 4453, 8242, 9253, 2855, 1704, 9657, 1126, 1442, 5200, 3107, 7401, 58, 1480, 9126, 1945, 7518, 802, 7202, 4843, 9514, 8296, 2264, 8276, 2910, 9794, 549, 3752, 5815, 6111, 878, 8731, 1372, 7887, 4306, 7849, 4862, 3251, 5609, 8494, 697, 8886, 2755, 4963, 1074, 6298, 4749, 1112, 2205, 1339, 8193, 2630, 4926, 6497, 5719, 3324, 2923, 4002, 3097, 5871, 9250, 1736, 1129, 5401, 7145, 8484, 5115, 3614, 6389, 332, 8473, 6299, 8828, 3208, 5330, 6637, 232, 5318, 4870, 5388, 4924, 9190, 4097, 1088, 8619, 8633, 3514, 6564, 9370, 7628, 5990, 5838, 2444, 8753, 1051, 6899, 9385, 2059, 4155, 4537, 1813, 3980, 2606, 869, 9665, 5350, 7330, 6859, 2432, 2285, 7119, 7427, 4552, 7399, 4499, 6640, 3083, 4718, 9209, 9217, 8580, 7536, 6133, 1947, 4826, 1908, 9704, 4051, 5634, 7224, 8115, 7685, 9609, 5532, 5460, 5979, 188, 9274, 5098, 2565, 3654, 4238, 2293, 845, 7015, 3645, 7513, 8241, 6190, 779, 6913, 6985, 9061, 6234, 7439, 195, 7168, 4135, 2472, 1181]
[948, 2675, 5274, 3306, 275, 9810, 3084, 1100, 5369, 1607, 2957, 3019, 9393, 3366, 2132, 5794, 9923, 5959, 7952, 9454, 734, 565, 5134, 7443, 6481, 411, 4574, 7017, 2276, 4565, 4547, 5582, 4463, 147, 6825, 1662, 7313, 387, 368, 3485, 3456, 1581, 2679, 8598, 8815, 8840, 119, 7223, 6125, 8212, 8261, 7004, 2386, 4071, 5506, 2841, 3618, 1280, 5187, 9654, 6466, 171, 3164, 2948, 3264, 6385, 6165, 6590, 7267, 1040, 214, 1167, 4581, 8271, 3735, 5718, 9755, 7785, 7524, 6444, 4632, 2219, 8286, 5961, 20, 6218, 1933, 2214, 8183, 9930, 9059, 646, 3051, 3928, 7958, 2978, 1463, 6491, 7559, 8735, 2081, 3400, 7989, 2912, 1612, 2810, 5982, 6769, 427, 1172, 6842, 3415, 4313, 3381, 7970, 5416, 370, 724, 5752, 974, 3446, 774, 4917, 2737, 1538, 3391, 7318, 1905, 9067, 9819, 3358, 9269, 7105, 5272, 7257, 2166, 1868, 95, 5309, 2181, 5324, 4453, 8242, 9253, 2855, 1704, 9657, 1126, 1442, 5200, 3107, 7401, 58, 1480, 9126, 1945, 7518, 802, 7202, 4843, 9514, 8296, 2264, 8276, 2910, 9794, 549, 3752, 5815, 6111, 878, 8731, 1372, 7887, 4306, 7849, 4862, 3251, 5609, 8494, 697, 8886, 2755, 4963, 1074, 6298, 4749, 1112, 2205, 1339, 8193, 2630, 4926, 6497, 5719, 3324, 2923, 4002, 3097, 5871, 9250, 1736, 1129, 5401, 7145, 8484, 5115, 3614, 6389, 332, 8473, 6299, 8828, 3208, 5330, 6637, 232, 5318, 4870, 5388, 4924, 9190, 4097, 1088, 8619, 8633, 3514, 6564, 9370, 7628, 5990, 5838, 2444, 8753, 1051, 6899, 9385, 2059, 4155, 4537, 1813, 3980, 2606, 869, 9665, 5350, 7330, 6859, 2432, 2285, 7119, 7427, 4552, 7399, 4499, 6640, 3083, 4718, 9209, 9217, 8580, 7536, 6133, 1947, 4826, 1908, 9704, 4051, 5634, 7224, 8115, 7685, 9609, 5532, 5460, 5979, 188, 9274, 5098, 2565, 3654, 4238, 2293, 845, 7015, 3645, 7513, 8241, 6190, 779, 6913, 6985, 9061, 6234, 7439, 195, 7168, 4135, 2472, 1181]
[948, 2675, 5274, 3306, 275, 9810, 3084, 1100, 5369, 1607, 2957, 3019, 9393, 3366, 2132, 5794, 9923, 5959, 7952, 9454, 734, 565, 5134, 7443, 6481, 411, 4574, 7017, 2276, 4565, 4547, 5582, 4463, 147, 6825, 1662, 7313, 387, 368, 3485, 3456, 1581, 2679, 8598, 8815, 8840, 119, 7223, 6125, 8212, 8261, 7004, 2386, 4071, 5506, 2841, 3618, 1280, 5187, 9654, 6466, 171, 3164, 2948, 3264, 6385, 6165, 6590, 7267, 1040, 214, 1167, 4581, 8271, 3735, 5718, 9755, 7785, 7524, 6444, 4632, 2219, 8286, 5961, 20, 6218, 1933, 2214, 8183, 9930, 9059, 646, 3051, 3928, 7958, 2978, 1463, 6491, 7559, 8735, 2081, 3400, 7989, 2912, 1612, 2810, 5982, 6769, 427, 1172, 6842, 3415, 4313, 3381, 7970, 5416, 370, 724, 5752, 974, 3446, 774, 4917, 2737, 1538, 3391, 7318, 1905, 9067, 9819, 3358, 9269, 7105, 5272, 7257, 2166, 1868, 95, 5309, 2181, 5324, 4453, 8242, 9253, 2855, 1704, 9657, 1126, 1442, 5200, 3107, 7401, 58, 1480, 9126, 1945, 7518, 802, 7202, 4843, 9514, 8296, 2264, 8276, 2910, 9794, 549, 3752, 5815, 6111, 878, 8731, 1372, 7887, 4306, 7849, 4862, 3251, 5609, 8494, 697, 8886, 2755, 4963, 1074, 6298, 4749, 1112, 2205, 1339, 8193, 2630, 4926, 6497, 5719, 3324, 2923, 4002, 3097, 5871, 9250, 1736, 1129, 5401, 7145, 8484, 5115, 3614, 6389, 332, 8473, 6299, 8828, 3208, 5330, 6637, 232, 5318, 4870, 5388, 4924, 9190, 4097, 1088, 8619, 8633, 3514, 6564, 9370, 7628, 5990, 5838, 2444, 8753, 1051, 6899, 9385, 2059, 4155, 4537, 1813, 3980, 2606, 869, 9665, 5350, 7330, 6859, 2432, 2285, 7119, 7427, 4552, 7399, 4499, 6640, 3083, 4718, 9209, 9217, 8580, 7536, 6133, 1947, 4826, 1908, 9704, 4051, 5634, 7224, 8115, 7685, 9609, 5532, 5460, 5979, 188, 9274, 5098, 2565, 3654, 4238, 2293, 845, 7015, 3645, 7513, 8241, 6190, 779, 6913, 6985, 9061, 6234, 7439, 195, 7168, 4135, 2472, 1181]
[948, 2675, 5274, 3306, 275, 9810, 3084, 1100, 5369, 1607, 2957, 3019, 9393, 3366, 2132, 5794, 9923, 5959, 7952, 9454, 734, 565, 5134, 7443, 6481, 411, 4574, 7017, 2276, 4565, 4547, 5582, 4463, 147, 6825, 1662, 7313, 387, 368, 3485, 3456, 1581, 2679, 8598, 8815, 8840, 119, 7223, 6125, 8212, 8261, 7004, 2386, 4071, 5506, 2841, 3618, 1280, 5187, 9654, 6466, 171, 3164, 2948, 3264, 6385, 6165, 6590, 7267, 1040, 214, 1167, 4581, 8271, 3735, 5718, 9755, 7785, 7524, 6444, 4632, 2219, 8286, 5961, 20, 6218, 1933, 2214, 8183, 9930, 9059, 646, 3051, 3928, 7958, 2978, 1463, 6491, 7559, 8735, 2081, 3400, 7989, 2912, 1612, 2810, 5982, 6769, 427, 1172, 6842, 3415, 4313, 3381, 7970, 5416, 370, 724, 5752, 974, 3446, 774, 4917, 2737, 1538, 3391, 7318, 1905, 9067, 9819, 3358, 9269, 7105, 5272, 7257, 2166, 1868, 95, 5309, 2181, 5324, 4453, 8242, 9253, 2855, 1704, 9657, 1126, 1442, 5200, 3107, 7401, 58, 1480, 9126, 1945, 7518, 802, 7202, 4843, 9514, 8296, 2264, 8276, 2910, 9794, 549, 3752, 5815, 6111, 878, 8731, 1372, 7887, 4306, 7849, 4862, 3251, 5609, 8494, 697, 8886, 2755, 4963, 1074, 6298, 4749, 1112, 2205, 1339, 8193, 2630, 4926, 6497, 5719, 3324, 2923, 4002, 3097, 5871, 9250, 1736, 1129, 5401, 7145, 8484, 5115, 3614, 6389, 332, 8473, 6299, 8828, 3208, 5330, 6637, 232, 5318, 4870, 5388, 4924, 9190, 4097, 1088, 8619, 8633, 3514, 6564, 9370, 7628, 5990, 5838, 2444, 8753, 1051, 6899, 9385, 2059, 4155, 4537, 1813, 3980, 2606, 869, 9665, 5350, 7330, 6859, 2432, 2285, 7119, 7427, 4552, 7399, 4499, 6640, 3083, 4718, 9209, 9217, 8580, 7536, 6133, 1947, 4826, 1908, 9704, 4051, 5634, 7224, 8115, 7685, 9609, 5532, 5460, 5979, 188, 9274, 5098, 2565, 3654, 4238, 2293, 845, 7015, 3645, 7513, 8241, 6190, 779, 6913, 6985, 9061, 6234, 7439, 195, 7168, 4135, 2472, 1181]
[948, 2675, 5274, 3306, 275, 9810, 3084, 1100, 5369, 1607, 2957, 3019, 9393, 3366, 2132, 5794, 9923, 5959, 7952, 9454, 734, 565, 5134, 7443, 6481, 411, 4574, 7017, 2276, 4565, 4547, 5582, 4463, 147, 6825, 1662, 7313, 387, 368, 3485, 3456, 1581, 2679, 8598, 8815, 8840, 119, 7223, 6125, 8212, 8261, 7004, 2386, 4071, 5506, 2841, 3618, 1280, 5187, 9654, 6466, 171, 3164, 2948, 3264, 6385, 6165, 6590, 7267, 1040, 214, 1167, 4581, 8271, 3735, 5718, 9755, 7785, 7524, 6444, 4632, 2219, 8286, 5961, 20, 6218, 1933, 2214, 8183, 9930, 9059, 646, 3051, 3928, 7958, 2978, 1463, 6491, 7559, 8735, 2081, 3400, 7989, 2912, 1612, 2810, 5982, 6769, 427, 1172, 6842, 3415, 4313, 3381, 7970, 5416, 370, 724, 5752, 974, 3446, 774, 4917, 2737, 1538, 3391, 7318, 1905, 9067, 9819, 3358, 9269, 7105, 5272, 7257, 2166, 1868, 95, 5309, 2181, 5324, 4453, 8242, 9253, 2855, 1704, 9657, 1126, 1442, 5200, 3107, 7401, 58, 1480, 9126, 1945, 7518, 802, 7202, 4843, 9514, 8296, 2264, 8276, 2910, 9794, 549, 3752, 5815, 6111, 878, 8731, 1372, 7887, 4306, 7849, 4862, 3251, 5609, 8494, 697, 8886, 2755, 4963, 1074, 6298, 4749, 1112, 2205, 1339, 8193, 2630, 4926, 6497, 5719, 3324, 2923, 4002, 3097, 5871, 9250, 1736, 1129, 5401, 7145, 8484, 5115, 3614, 6389, 332, 8473, 6299, 8828, 3208, 5330, 6637, 232, 5318, 4870, 5388, 4924, 9190, 4097, 1088, 8619, 8633, 3514, 6564, 9370, 7628, 5990, 5838, 2444, 8753, 1051, 6899, 9385, 2059, 4155, 4537, 1813, 3980, 2606, 869, 9665, 5350, 7330, 6859, 2432, 2285, 7119, 7427, 4552, 7399, 4499, 6640, 3083, 4718, 9209, 9217, 8580, 7536, 6133, 1947, 4826, 1908, 9704, 4051, 5634, 7224, 8115, 7685, 9609, 5532, 5460, 5979, 188, 9274, 5098, 2565, 3654, 4238, 2293, 845, 7015, 3645, 7513, 8241, 6190, 779, 6913, 6985, 9061, 6234, 7439, 195, 7168, 4135, 2472, 1181]
[948, 2675, 5274, 3306, 275, 9810, 3084, 1100, 5369, 1607, 2957, 3019, 9393, 3366, 2132, 5794, 9923, 5959, 7952, 9454, 734, 565, 5134, 7443, 6481, 411, 4574, 7017, 2276, 4565, 4547, 5582, 4463, 147, 6825, 1662, 7313, 387, 368, 3485, 3456, 1581, 2679, 8598, 8815, 8840, 119, 7223, 6125, 8212, 8261, 7004, 2386, 4071, 5506, 2841, 3618, 1280, 5187, 9654, 6466, 171, 3164, 2948, 3264, 6385, 6165, 6590, 7267, 1040, 214, 1167, 4581, 8271, 3735, 5718, 9755, 7785, 7524, 6444, 4632, 2219, 8286, 5961, 20, 6218, 1933, 2214, 8183, 9930, 9059, 646, 3051, 3928, 7958, 2978, 1463, 6491, 7559, 8735, 2081, 3400, 7989, 2912, 1612, 2810, 5982, 6769, 427, 1172, 6842, 3415, 4313, 3381, 7970, 5416, 370, 724, 5752, 974, 3446, 774, 4917, 2737, 1538, 3391, 7318, 1905, 9067, 9819, 3358, 9269, 7105, 5272, 7257, 2166, 1868, 95, 5309, 2181, 5324, 4453, 8242, 9253, 2855, 1704, 9657, 1126, 1442, 5200, 3107, 7401, 58, 1480, 9126, 1945, 7518, 802, 7202, 4843, 9514, 8296, 2264, 8276, 2910, 9794, 549, 3752, 5815, 6111, 878, 8731, 1372, 7887, 4306, 7849, 4862, 3251, 5609, 8494, 697, 8886, 2755, 4963, 1074, 6298, 4749, 1112, 2205, 1339, 8193, 2630, 4926, 6497, 5719, 3324, 2923, 4002, 3097, 5871, 9250, 1736, 1129, 5401, 7145, 8484, 5115, 3614, 6389, 332, 8473, 6299, 8828, 3208, 5330, 6637, 232, 5318, 4870, 5388, 4924, 9190, 4097, 1088, 8619, 8633, 3514, 6564, 9370, 7628, 5990, 5838, 2444, 8753, 1051, 6899, 9385, 2059, 4155, 4537, 1813, 3980, 2606, 869, 9665, 5350, 7330, 6859, 2432, 2285, 7119, 7427, 4552, 7399, 4499, 6640, 3083, 4718, 9209, 9217, 8580, 7536, 6133, 1947, 4826, 1908, 9704, 4051, 5634, 7224, 8115, 7685, 9609, 5532, 5460, 5979, 188, 9274, 5098, 2565, 3654, 4238, 2293, 845, 7015, 3645, 7513, 8241, 6190, 779, 6913, 6985, 9061, 6234, 7439, 195, 7168, 4135, 2472, 1181]
[948, 2675, 5274, 3306, 275, 9810, 3084, 1100, 5369, 1607, 2957, 3019, 9393, 3366, 2132, 5794, 9923, 5959, 7952, 9454, 734, 565, 5134, 7443, 6481, 411, 4574, 7017, 2276, 4565, 4547, 5582, 4463, 147, 6825, 1662, 7313, 387, 368, 3485, 3456, 1581, 2679, 8598, 8815, 8840, 119, 7223, 6125, 8212, 8261, 7004, 2386, 4071, 5506, 2841, 3618, 1280, 5187, 9654, 6466, 171, 3164, 2948, 3264, 6385, 6165, 6590, 7267, 1040, 214, 1167, 4581, 8271, 3735, 5718, 9755, 7785, 7524, 6444, 4632, 2219, 8286, 5961, 20, 6218, 1933, 2214, 8183, 9930, 9059, 646, 3051, 3928, 7958, 2978, 1463, 6491, 7559, 8735, 2081, 3400, 7989, 2912, 1612, 2810, 5982, 6769, 427, 1172, 6842, 3415, 4313, 3381, 7970, 5416, 370, 724, 5752, 974, 3446, 774, 4917, 2737, 1538, 3391, 7318, 1905, 9067, 9819, 3358, 9269, 7105, 5272, 7257, 2166, 1868, 95, 5309, 2181, 5324, 4453, 8242, 9253, 2855, 1704, 9657, 1126, 1442, 5200, 3107, 7401, 58, 1480, 9126, 1945, 7518, 802, 7202, 4843, 9514, 8296, 2264, 8276, 2910, 9794, 549, 3752, 5815, 6111, 878, 8731, 1372, 7887, 4306, 7849, 4862, 3251, 5609, 8494, 697, 8886, 2755, 4963, 1074, 6298, 4749, 1112, 2205, 1339, 8193, 2630, 4926, 6497, 5719, 3324, 2923, 4002, 3097, 5871, 9250, 1736, 1129, 5401, 7145, 8484, 5115, 3614, 6389, 332, 8473, 6299, 8828, 3208, 5330, 6637, 232, 5318, 4870, 5388, 4924, 9190, 4097, 1088, 8619, 8633, 3514, 6564, 9370, 7628, 5990, 5838, 2444, 8753, 1051, 6899, 9385, 2059, 4155, 4537, 1813, 3980, 2606, 869, 9665, 5350, 7330, 6859, 2432, 2285, 7119, 7427, 4552, 7399, 4499, 6640, 3083, 4718, 9209, 9217, 8580, 7536, 6133, 1947, 4826, 1908, 9704, 4051, 5634, 7224, 8115, 7685, 9609, 5532, 5460, 5979, 188, 9274, 5098, 2565, 3654, 4238, 2293, 845, 7015, 3645, 7513, 8241, 6190, 779, 6913, 6985, 9061, 6234, 7439, 195, 7168, 4135, 2472, 1181]
[948, 2675, 5274, 3306, 275, 9810, 3084, 1100, 5369, 1607, 2957, 3019, 9393, 3366, 2132, 5794, 9923, 5959, 7952, 9454, 734, 565, 5134, 7443, 6481, 411, 4574, 7017, 2276, 4565, 4547, 5582, 4463, 147, 6825, 1662, 7313, 387, 368, 3485, 3456, 1581, 2679, 8598, 8815, 8840, 119, 7223, 6125, 8212, 8261, 7004, 2386, 4071, 5506, 2841, 3618, 1280, 5187, 9654, 6466, 171, 3164, 2948, 3264, 6385, 6165, 6590, 7267, 1040, 214, 1167, 4581, 8271, 3735, 5718, 9755, 7785, 7524, 6444, 4632, 2219, 8286, 5961, 20, 6218, 1933, 2214, 8183, 9930, 9059, 646, 3051, 3928, 7958, 2978, 1463, 6491, 7559, 8735, 2081, 3400, 7989, 2912, 1612, 2810, 5982, 6769, 427, 1172, 6842, 3415, 4313, 3381, 7970, 5416, 370, 724, 5752, 974, 3446, 774, 4917, 2737, 1538, 3391, 7318, 1905, 9067, 9819, 3358, 9269, 7105, 5272, 7257, 2166, 1868, 95, 5309, 2181, 5324, 4453, 8242, 9253, 2855, 1704, 9657, 1126, 1442, 5200, 3107, 7401, 58, 1480, 9126, 1945, 7518, 802, 7202, 4843, 9514, 8296, 2264, 8276, 2910, 9794, 549, 3752, 5815, 6111, 878, 8731, 1372, 7887, 4306, 7849, 4862, 3251, 5609, 8494, 697, 8886, 2755, 4963, 1074, 6298, 4749, 1112, 2205, 1339, 8193, 2630, 4926, 6497, 5719, 3324, 2923, 4002, 3097, 5871, 9250, 1736, 1129, 5401, 7145, 8484, 5115, 3614, 6389, 332, 8473, 6299, 8828, 3208, 5330, 6637, 232, 5318, 4870, 5388, 4924, 9190, 4097, 1088, 8619, 8633, 3514, 6564, 9370, 7628, 5990, 5838, 2444, 8753, 1051, 6899, 9385, 2059, 4155, 4537, 1813, 3980, 2606, 869, 9665, 5350, 7330, 6859, 2432, 2285, 7119, 7427, 4552, 7399, 4499, 6640, 3083, 4718, 9209, 9217, 8580, 7536, 6133, 1947, 4826, 1908, 9704, 4051, 5634, 7224, 8115, 7685, 9609, 5532, 5460, 5979, 188, 9274, 5098, 2565, 3654, 4238, 2293, 845, 7015, 3645, 7513, 8241, 6190, 779, 6913, 6985, 9061, 6234, 7439, 195, 7168, 4135, 2472, 1181]
[948, 2675, 5274, 3306, 275, 9810, 3084, 1100, 5369, 1607, 2957, 3019, 9393, 3366, 2132, 5794, 9923, 5959, 7952, 9454, 734, 565, 5134, 7443, 6481, 411, 4574, 7017, 2276, 4565, 4547, 5582, 4463, 147, 6825, 1662, 7313, 387, 368, 3485, 3456, 1581, 2679, 8598, 8815, 8840, 119, 7223, 6125, 8212, 8261, 7004, 2386, 4071, 5506, 2841, 3618, 1280, 5187, 9654, 6466, 171, 3164, 2948, 3264, 6385, 6165, 6590, 7267, 1040, 214, 1167, 4581, 8271, 3735, 5718, 9755, 7785, 7524, 6444, 4632, 2219, 8286, 5961, 20, 6218, 1933, 2214, 8183, 9930, 9059, 646, 3051, 3928, 7958, 2978, 1463, 6491, 7559, 8735, 2081, 3400, 7989, 2912, 1612, 2810, 5982, 6769, 427, 1172, 6842, 3415, 4313, 3381, 7970, 5416, 370, 724, 5752, 974, 3446, 774, 4917, 2737, 1538, 3391, 7318, 1905, 9067, 9819, 3358, 9269, 7105, 5272, 7257, 2166, 1868, 95, 5309, 2181, 5324, 4453, 8242, 9253, 2855, 1704, 9657, 1126, 1442, 5200, 3107, 7401, 58, 1480, 9126, 1945, 7518, 802, 7202, 4843, 9514, 8296, 2264, 8276, 2910, 9794, 549, 3752, 5815, 6111, 878, 8731, 1372, 7887, 4306, 7849, 4862, 3251, 5609, 8494, 697, 8886, 2755, 4963, 1074, 6298, 4749, 1112, 2205, 1339, 8193, 2630, 4926, 6497, 5719, 3324, 2923, 4002, 3097, 5871, 9250, 1736, 1129, 5401, 7145, 8484, 5115, 3614, 6389, 332, 8473, 6299, 8828, 3208, 5330, 6637, 232, 5318, 4870, 5388, 4924, 9190, 4097, 1088, 8619, 8633, 3514, 6564, 9370, 7628, 5990, 5838, 2444, 8753, 1051, 6899, 9385, 2059, 4155, 4537, 1813, 3980, 2606, 869, 9665, 5350, 7330, 6859, 2432, 2285, 7119, 7427, 4552, 7399, 4499, 6640, 3083, 4718, 9209, 9217, 8580, 7536, 6133, 1947, 4826, 1908, 9704, 4051, 5634, 7224, 8115, 7685, 9609, 5532, 5460, 5979, 188, 9274, 5098, 2565, 3654, 4238, 2293, 845, 7015, 3645, 7513, 8241, 6190, 779, 6913, 6985, 9061, 6234, 7439, 195, 7168, 4135, 2472, 1181]
[948, 2675, 5274, 3306, 275, 9810, 3084, 1100, 5369, 1607, 2957, 3019, 9393, 3366, 2132, 5794, 9923, 5959, 7952, 9454, 734, 565, 5134, 7443, 6481, 411, 4574, 7017, 2276, 4565, 4547, 5582, 4463, 147, 6825, 1662, 7313, 387, 368, 3485, 3456, 1581, 2679, 8598, 8815, 8840, 119, 7223, 6125, 8212, 8261, 7004, 2386, 4071, 5506, 2841, 3618, 1280, 5187, 9654, 6466, 171, 3164, 2948, 3264, 6385, 6165, 6590, 7267, 1040, 214, 1167, 4581, 8271, 3735, 5718, 9755, 7785, 7524, 6444, 4632, 2219, 8286, 5961, 20, 6218, 1933, 2214, 8183, 9930, 9059, 646, 3051, 3928, 7958, 2978, 1463, 6491, 7559, 8735, 2081, 3400, 7989, 2912, 1612, 2810, 5982, 6769, 427, 1172, 6842, 3415, 4313, 3381, 7970, 5416, 370, 724, 5752, 974, 3446, 774, 4917, 2737, 1538, 3391, 7318, 1905, 9067, 9819, 3358, 9269, 7105, 5272, 7257, 2166, 1868, 95, 5309, 2181, 5324, 4453, 8242, 9253, 2855, 1704, 9657, 1126, 1442, 5200, 3107, 7401, 58, 1480, 9126, 1945, 7518, 802, 7202, 4843, 9514, 8296, 2264, 8276, 2910, 9794, 549, 3752, 5815, 6111, 878, 8731, 1372, 7887, 4306, 7849, 4862, 3251, 5609, 8494, 697, 8886, 2755, 4963, 1074, 6298, 4749, 1112, 2205, 1339, 8193, 2630, 4926, 6497, 5719, 3324, 2923, 4002, 3097, 5871, 9250, 1736, 1129, 5401, 7145, 8484, 5115, 3614, 6389, 332, 8473, 6299, 8828, 3208, 5330, 6637, 232, 5318, 4870, 5388, 4924, 9190, 4097, 1088, 8619, 8633, 3514, 6564, 9370, 7628, 5990, 5838, 2444, 8753, 1051, 6899, 9385, 2059, 4155, 4537, 1813, 3980, 2606, 869, 9665, 5350, 7330, 6859, 2432, 2285, 7119, 7427, 4552, 7399, 4499, 6640, 3083, 4718, 9209, 9217, 8580, 7536, 6133, 1947, 4826, 1908, 9704, 4051, 5634, 7224, 8115, 7685, 9609, 5532, 5460, 5979, 188, 9274, 5098, 2565, 3654, 4238, 2293, 845, 7015, 3645, 7513, 8241, 6190, 779, 6913, 6985, 9061, 6234, 7439, 195, 7168, 4135, 2472, 1181]
[948, 2675, 5274, 3306, 275, 9810, 3084, 1100, 5369, 1607, 2957, 3019, 9393, 3366, 2132, 5794, 9923, 5959, 7952, 9454, 734, 565, 5134, 7443, 6481, 411, 4574, 7017, 2276, 4565, 4547, 5582, 4463, 147, 6825, 1662, 7313, 387, 368, 3485, 3456, 1581, 2679, 8598, 8815, 8840, 119, 7223, 6125, 8212, 8261, 7004, 2386, 4071, 5506, 2841, 3618, 1280, 5187, 9654, 6466, 171, 3164, 2948, 3264, 6385, 6165, 6590, 7267, 1040, 214, 1167, 4581, 8271, 3735, 5718, 9755, 7785, 7524, 6444, 4632, 2219, 8286, 5961, 20, 6218, 1933, 2214, 8183, 9930, 9059, 646, 3051, 3928, 7958, 2978, 1463, 6491, 7559, 8735, 2081, 3400, 7989, 2912, 1612, 2810, 5982, 6769, 427, 1172, 6842, 3415, 4313, 3381, 7970, 5416, 370, 724, 5752, 974, 3446, 774, 4917, 2737, 1538, 3391, 7318, 1905, 9067, 9819, 3358, 9269, 7105, 5272, 7257, 2166, 1868, 95, 5309, 2181, 5324, 4453, 8242, 9253, 2855, 1704, 9657, 1126, 1442, 5200, 3107, 7401, 58, 1480, 9126, 1945, 7518, 802, 7202, 4843, 9514, 8296, 2264, 8276, 2910, 9794, 549, 3752, 5815, 6111, 878, 8731, 1372, 7887, 4306, 7849, 4862, 3251, 5609, 8494, 697, 8886, 2755, 4963, 1074, 6298, 4749, 1112, 2205, 1339, 8193, 2630, 4926, 6497, 5719, 3324, 2923, 4002, 3097, 5871, 9250, 1736, 1129, 5401, 7145, 8484, 5115, 3614, 6389, 332, 8473, 6299, 8828, 3208, 5330, 6637, 232, 5318, 4870, 5388, 4924, 9190, 4097, 1088, 8619, 8633, 3514, 6564, 9370, 7628, 5990, 5838, 2444, 8753, 1051, 6899, 9385, 2059, 4155, 4537, 1813, 3980, 2606, 869, 9665, 5350, 7330, 6859, 2432, 2285, 7119, 7427, 4552, 7399, 4499, 6640, 3083, 4718, 9209, 9217, 8580, 7536, 6133, 1947, 4826, 1908, 9704, 4051, 5634, 7224, 8115, 7685, 9609, 5532, 5460, 5979, 188, 9274, 5098, 2565, 3654, 4238, 2293, 845, 7015, 3645, 7513, 8241, 6190, 779, 6913, 6985, 9061, 6234, 7439, 195, 7168, 4135, 2472, 1181]
[948, 2675, 5274, 3306, 275, 9810, 3084, 1100, 5369, 1607, 2957, 3019, 9393, 3366, 2132, 5794, 9923, 5959, 7952, 9454, 734, 565, 5134, 7443, 6481, 411, 4574, 7017, 2276, 4565, 4547, 5582, 4463, 147, 6825, 1662, 7313, 387, 368, 3485, 3456, 1581, 2679, 8598, 8815, 8840, 119, 7223, 6125, 8212, 8261, 7004, 2386, 4071, 5506, 2841, 3618, 1280, 5187, 9654, 6466, 171, 3164, 2948, 3264, 6385, 6165, 6590, 7267, 1040, 214, 1167, 4581, 8271, 3735, 5718, 9755, 7785, 7524, 6444, 4632, 2219, 8286, 5961, 20, 6218, 1933, 2214, 8183, 9930, 9059, 646, 3051, 3928, 7958, 2978, 1463, 6491, 7559, 8735, 2081, 3400, 7989, 2912, 1612, 2810, 5982, 6769, 427, 1172, 6842, 3415, 4313, 3381, 7970, 5416, 370, 724, 5752, 974, 3446, 774, 4917, 2737, 1538, 3391, 7318, 1905, 9067, 9819, 3358, 9269, 7105, 5272, 7257, 2166, 1868, 95, 5309, 2181, 5324, 4453, 8242, 9253, 2855, 1704, 9657, 1126, 1442, 5200, 3107, 7401, 58, 1480, 9126, 1945, 7518, 802, 7202, 4843, 9514, 8296, 2264, 8276, 2910, 9794, 549, 3752, 5815, 6111, 878, 8731, 1372, 7887, 4306, 7849, 4862, 3251, 5609, 8494, 697, 8886, 2755, 4963, 1074, 6298, 4749, 1112, 2205, 1339, 8193, 2630, 4926, 6497, 5719, 3324, 2923, 4002, 3097, 5871, 9250, 1736, 1129, 5401, 7145, 8484, 5115, 3614, 6389, 332, 8473, 6299, 8828, 3208, 5330, 6637, 232, 5318, 4870, 5388, 4924, 9190, 4097, 1088, 8619, 8633, 3514, 6564, 9370, 7628, 5990, 5838, 2444, 8753, 1051, 6899, 9385, 2059, 4155, 4537, 1813, 3980, 2606, 869, 9665, 5350, 7330, 6859, 2432, 2285, 7119, 7427, 4552, 7399, 4499, 6640, 3083, 4718, 9209, 9217, 8580, 7536, 6133, 1947, 4826, 1908, 9704, 4051, 5634, 7224, 8115, 7685, 9609, 5532, 5460, 5979, 188, 9274, 5098, 2565, 3654, 4238, 2293, 845, 7015, 3645, 7513, 8241, 6190, 779, 6913, 6985, 9061, 6234, 7439, 195, 7168, 4135, 2472, 1181]
[948, 2675, 5274, 3306, 275, 9810, 3084, 1100, 5369, 1607, 2957, 3019, 9393, 3366, 2132, 5794, 9923, 5959, 7952, 9454, 734, 565, 5134, 7443, 6481, 411, 4574, 7017, 2276, 4565, 4547, 5582, 4463, 147, 6825, 1662, 7313, 387, 368, 3485, 3456, 1581, 2679, 8598, 8815, 8840, 119, 7223, 6125, 8212, 8261, 7004, 2386, 4071, 5506, 2841, 3618, 1280, 5187, 9654, 6466, 171, 3164, 2948, 3264, 6385, 6165, 6590, 7267, 1040, 214, 1167, 4581, 8271, 3735, 5718, 9755, 7785, 7524, 6444, 4632, 2219, 8286, 5961, 20, 6218, 1933, 2214, 8183, 9930, 9059, 646, 3051, 3928, 7958, 2978, 1463, 6491, 7559, 8735, 2081, 3400, 7989, 2912, 1612, 2810, 5982, 6769, 427, 1172, 6842, 3415, 4313, 3381, 7970, 5416, 370, 724, 5752, 974, 3446, 774, 4917, 2737, 1538, 3391, 7318, 1905, 9067, 9819, 3358, 9269, 7105, 5272, 7257, 2166, 1868, 95, 5309, 2181, 5324, 4453, 8242, 9253, 2855, 1704, 9657, 1126, 1442, 5200, 3107, 7401, 58, 1480, 9126, 1945, 7518, 802, 7202, 4843, 9514, 8296, 2264, 8276, 2910, 9794, 549, 3752, 5815, 6111, 878, 8731, 1372, 7887, 4306, 7849, 4862, 3251, 5609, 8494, 697, 8886, 2755, 4963, 1074, 6298, 4749, 1112, 2205, 1339, 8193, 2630, 4926, 6497, 5719, 3324, 2923, 4002, 3097, 5871, 9250, 1736, 1129, 5401, 7145, 8484, 5115, 3614, 6389, 332, 8473, 6299, 8828, 3208, 5330, 6637, 232, 5318, 4870, 5388, 4924, 9190, 4097, 1088, 8619, 8633, 3514, 6564, 9370, 7628, 5990, 5838, 2444, 8753, 1051, 6899, 9385, 2059, 4155, 4537, 1813, 3980, 2606, 869, 9665, 5350, 7330, 6859, 2432, 2285, 7119, 7427, 4552, 7399, 4499, 6640, 3083, 4718, 9209, 9217, 8580, 7536, 6133, 1947, 4826, 1908, 9704, 4051, 5634, 7224, 8115, 7685, 9609, 5532, 5460, 5979, 188, 9274, 5098, 2565, 3654, 4238, 2293, 845, 7015, 3645, 7513, 8241, 6190, 779, 6913, 6985, 9061, 6234, 7439, 195, 7168, 4135, 2472, 1181]
[948, 2675, 5274, 3306, 275, 9810, 3084, 1100, 5369, 1607, 2957, 3019, 9393, 3366, 2132, 5794, 9923, 5959, 7952, 9454, 734, 565, 5134, 7443, 6481, 411, 4574, 7017, 2276, 4565, 4547, 5582, 4463, 147, 6825, 1662, 7313, 387, 368, 3485, 3456, 1581, 2679, 8598, 8815, 8840, 119, 7223, 6125, 8212, 8261, 7004, 2386, 4071, 5506, 2841, 3618, 1280, 5187, 9654, 6466, 171, 3164, 2948, 3264, 6385, 6165, 6590, 7267, 1040, 214, 1167, 4581, 8271, 3735, 5718, 9755, 7785, 7524, 6444, 4632, 2219, 8286, 5961, 20, 6218, 1933, 2214, 8183, 9930, 9059, 646, 3051, 3928, 7958, 2978, 1463, 6491, 7559, 8735, 2081, 3400, 7989, 2912, 1612, 2810, 5982, 6769, 427, 1172, 6842, 3415, 4313, 3381, 7970, 5416, 370, 724, 5752, 974, 3446, 774, 4917, 2737, 1538, 3391, 7318, 1905, 9067, 9819, 3358, 9269, 7105, 5272, 7257, 2166, 1868, 95, 5309, 2181, 5324, 4453, 8242, 9253, 2855, 1704, 9657, 1126, 1442, 5200, 3107, 7401, 58, 1480, 9126, 1945, 7518, 802, 7202, 4843, 9514, 8296, 2264, 8276, 2910, 9794, 549, 3752, 5815, 6111, 878, 8731, 1372, 7887, 4306, 7849, 4862, 3251, 5609, 8494, 697, 8886, 2755, 4963, 1074, 6298, 4749, 1112, 2205, 1339, 8193, 2630, 4926, 6497, 5719, 3324, 2923, 4002, 3097, 5871, 9250, 1736, 1129, 5401, 7145, 8484, 5115, 3614, 6389, 332, 8473, 6299, 8828, 3208, 5330, 6637, 232, 5318, 4870, 5388, 4924, 9190, 4097, 1088, 8619, 8633, 3514, 6564, 9370, 7628, 5990, 5838, 2444, 8753, 1051, 6899, 9385, 2059, 4155, 4537, 1813, 3980, 2606, 869, 9665, 5350, 7330, 6859, 2432, 2285, 7119, 7427, 4552, 7399, 4499, 6640, 3083, 4718, 9209, 9217, 8580, 7536, 6133, 1947, 4826, 1908, 9704, 4051, 5634, 7224, 8115, 7685, 9609, 5532, 5460, 5979, 188, 9274, 5098, 2565, 3654, 4238, 2293, 845, 7015, 3645, 7513, 8241, 6190, 779, 6913, 6985, 9061, 6234, 7439, 195, 7168, 4135, 2472, 1181]
[948, 2675, 5274, 3306, 275, 9810, 3084, 1100, 5369, 1607, 2957, 3019, 9393, 3366, 2132, 5794, 9923, 5959, 7952, 9454, 734, 565, 5134, 7443, 6481, 411, 4574, 7017, 2276, 4565, 4547, 5582, 4463, 147, 6825, 1662, 7313, 387, 368, 3485, 3456, 1581, 2679, 8598, 8815, 8840, 119, 7223, 6125, 8212, 8261, 7004, 2386, 4071, 5506, 2841, 3618, 1280, 5187, 9654, 6466, 171, 3164, 2948, 3264, 6385, 6165, 6590, 7267, 1040, 214, 1167, 4581, 8271, 3735, 5718, 9755, 7785, 7524, 6444, 4632, 2219, 8286, 5961, 20, 6218, 1933, 2214, 8183, 9930, 9059, 646, 3051, 3928, 7958, 2978, 1463, 6491, 7559, 8735, 2081, 3400, 7989, 2912, 1612, 2810, 5982, 6769, 427, 1172, 6842, 3415, 4313, 3381, 7970, 5416, 370, 724, 5752, 974, 3446, 774, 4917, 2737, 1538, 3391, 7318, 1905, 9067, 9819, 3358, 9269, 7105, 5272, 7257, 2166, 1868, 95, 5309, 2181, 5324, 4453, 8242, 9253, 2855, 1704, 9657, 1126, 1442, 5200, 3107, 7401, 58, 1480, 9126, 1945, 7518, 802, 7202, 4843, 9514, 8296, 2264, 8276, 2910, 9794, 549, 3752, 5815, 6111, 878, 8731, 1372, 7887, 4306, 7849, 4862, 3251, 5609, 8494, 697, 8886, 2755, 4963, 1074, 6298, 4749, 1112, 2205, 1339, 8193, 2630, 4926, 6497, 5719, 3324, 2923, 4002, 3097, 5871, 9250, 1736, 1129, 5401, 7145, 8484, 5115, 3614, 6389, 332, 8473, 6299, 8828, 3208, 5330, 6637, 232, 5318, 4870, 5388, 4924, 9190, 4097, 1088, 8619, 8633, 3514, 6564, 9370, 7628, 5990, 5838, 2444, 8753, 1051, 6899, 9385, 2059, 4155, 4537, 1813, 3980, 2606, 869, 9665, 5350, 7330, 6859, 2432, 2285, 7119, 7427, 4552, 7399, 4499, 6640, 3083, 4718, 9209, 9217, 8580, 7536, 6133, 1947, 4826, 1908, 9704, 4051, 5634, 7224, 8115, 7685, 9609, 5532, 5460, 5979, 188, 9274, 5098, 2565, 3654, 4238, 2293, 845, 7015, 3645, 7513, 8241, 6190, 779, 6913, 6985, 9061, 6234, 7439, 195, 7168, 4135, 2472, 1181]
[948, 2675, 5274, 3306, 275, 9810, 3084, 1100, 5369, 1607, 2957, 3019, 9393, 3366, 2132, 5794, 9923, 5959, 7952, 9454, 734, 565, 5134, 7443, 6481, 411, 4574, 7017, 2276, 4565, 4547, 5582, 4463, 147, 6825, 1662, 7313, 387, 368, 3485, 3456, 1581, 2679, 8598, 8815, 8840, 119, 7223, 6125, 8212, 8261, 7004, 2386, 4071, 5506, 2841, 3618, 1280, 5187, 9654, 6466, 171, 3164, 2948, 3264, 6385, 6165, 6590, 7267, 1040, 214, 1167, 4581, 8271, 3735, 5718, 9755, 7785, 7524, 6444, 4632, 2219, 8286, 5961, 20, 6218, 1933, 2214, 8183, 9930, 9059, 646, 3051, 3928, 7958, 2978, 1463, 6491, 7559, 8735, 2081, 3400, 7989, 2912, 1612, 2810, 5982, 6769, 427, 1172, 6842, 3415, 4313, 3381, 7970, 5416, 370, 724, 5752, 974, 3446, 774, 4917, 2737, 1538, 3391, 7318, 1905, 9067, 9819, 3358, 9269, 7105, 5272, 7257, 2166, 1868, 95, 5309, 2181, 5324, 4453, 8242, 9253, 2855, 1704, 9657, 1126, 1442, 5200, 3107, 7401, 58, 1480, 9126, 1945, 7518, 802, 7202, 4843, 9514, 8296, 2264, 8276, 2910, 9794, 549, 3752, 5815, 6111, 878, 8731, 1372, 7887, 4306, 7849, 4862, 3251, 5609, 8494, 697, 8886, 2755, 4963, 1074, 6298, 4749, 1112, 2205, 1339, 8193, 2630, 4926, 6497, 5719, 3324, 2923, 4002, 3097, 5871, 9250, 1736, 1129, 5401, 7145, 8484, 5115, 3614, 6389, 332, 8473, 6299, 8828, 3208, 5330, 6637, 232, 5318, 4870, 5388, 4924, 9190, 4097, 1088, 8619, 8633, 3514, 6564, 9370, 7628, 5990, 5838, 2444, 8753, 1051, 6899, 9385, 2059, 4155, 4537, 1813, 3980, 2606, 869, 9665, 5350, 7330, 6859, 2432, 2285, 7119, 7427, 4552, 7399, 4499, 6640, 3083, 4718, 9209, 9217, 8580, 7536, 6133, 1947, 4826, 1908, 9704, 4051, 5634, 7224, 8115, 7685, 9609, 5532, 5460, 5979, 188, 9274, 5098, 2565, 3654, 4238, 2293, 845, 7015, 3645, 7513, 8241, 6190, 779, 6913, 6985, 9061, 6234, 7439, 195, 7168, 4135, 2472, 1181]
[948, 2675, 5274, 3306, 275, 9810, 3084, 1100, 5369, 1607, 2957, 3019, 9393, 3366, 2132, 5794, 9923, 5959, 7952, 9454, 734, 565, 5134, 7443, 6481, 411, 4574, 7017, 2276, 4565, 4547, 5582, 4463, 147, 6825, 1662, 7313, 387, 368, 3485, 3456, 1581, 2679, 8598, 8815, 8840, 119, 7223, 6125, 8212, 8261, 7004, 2386, 4071, 5506, 2841, 3618, 1280, 5187, 9654, 6466, 171, 3164, 2948, 3264, 6385, 6165, 6590, 7267, 1040, 214, 1167, 4581, 8271, 3735, 5718, 9755, 7785, 7524, 6444, 4632, 2219, 8286, 5961, 20, 6218, 1933, 2214, 8183, 9930, 9059, 646, 3051, 3928, 7958, 2978, 1463, 6491, 7559, 8735, 2081, 3400, 7989, 2912, 1612, 2810, 5982, 6769, 427, 1172, 6842, 3415, 4313, 3381, 7970, 5416, 370, 724, 5752, 974, 3446, 774, 4917, 2737, 1538, 3391, 7318, 1905, 9067, 9819, 3358, 9269, 7105, 5272, 7257, 2166, 1868, 95, 5309, 2181, 5324, 4453, 8242, 9253, 2855, 1704, 9657, 1126, 1442, 5200, 3107, 7401, 58, 1480, 9126, 1945, 7518, 802, 7202, 4843, 9514, 8296, 2264, 8276, 2910, 9794, 549, 3752, 5815, 6111, 878, 8731, 1372, 7887, 4306, 7849, 4862, 3251, 5609, 8494, 697, 8886, 2755, 4963, 1074, 6298, 4749, 1112, 2205, 1339, 8193, 2630, 4926, 6497, 5719, 3324, 2923, 4002, 3097, 5871, 9250, 1736, 1129, 5401, 7145, 8484, 5115, 3614, 6389, 332, 8473, 6299, 8828, 3208, 5330, 6637, 232, 5318, 4870, 5388, 4924, 9190, 4097, 1088, 8619, 8633, 3514, 6564, 9370, 7628, 5990, 5838, 2444, 8753, 1051, 6899, 9385, 2059, 4155, 4537, 1813, 3980, 2606, 869, 9665, 5350, 7330, 6859, 2432, 2285, 7119, 7427, 4552, 7399, 4499, 6640, 3083, 4718, 9209, 9217, 8580, 7536, 6133, 1947, 4826, 1908, 9704, 4051, 5634, 7224, 8115, 7685, 9609, 5532, 5460, 5979, 188, 9274, 5098, 2565, 3654, 4238, 2293, 845, 7015, 3645, 7513, 8241, 6190, 779, 6913, 6985, 9061, 6234, 7439, 195, 7168, 4135, 2472, 1181]
[948, 2675, 5274, 3306, 275, 9810, 3084, 1100, 5369, 1607, 2957, 3019, 9393, 3366, 2132, 5794, 9923, 5959, 7952, 9454, 734, 565, 5134, 7443, 6481, 411, 4574, 7017, 2276, 4565, 4547, 5582, 4463, 147, 6825, 1662, 7313, 387, 368, 3485, 3456, 1581, 2679, 8598, 8815, 8840, 119, 7223, 6125, 8212, 8261, 7004, 2386, 4071, 5506, 2841, 3618, 1280, 5187, 9654, 6466, 171, 3164, 2948, 3264, 6385, 6165, 6590, 7267, 1040, 214, 1167, 4581, 8271, 3735, 5718, 9755, 7785, 7524, 6444, 4632, 2219, 8286, 5961, 20, 6218, 1933, 2214, 8183, 9930, 9059, 646, 3051, 3928, 7958, 2978, 1463, 6491, 7559, 8735, 2081, 3400, 7989, 2912, 1612, 2810, 5982, 6769, 427, 1172, 6842, 3415, 4313, 3381, 7970, 5416, 370, 724, 5752, 974, 3446, 774, 4917, 2737, 1538, 3391, 7318, 1905, 9067, 9819, 3358, 9269, 7105, 5272, 7257, 2166, 1868, 95, 5309, 2181, 5324, 4453, 8242, 9253, 2855, 1704, 9657, 1126, 1442, 5200, 3107, 7401, 58, 1480, 9126, 1945, 7518, 802, 7202, 4843, 9514, 8296, 2264, 8276, 2910, 9794, 549, 3752, 5815, 6111, 878, 8731, 1372, 7887, 4306, 7849, 4862, 3251, 5609, 8494, 697, 8886, 2755, 4963, 1074, 6298, 4749, 1112, 2205, 1339, 8193, 2630, 4926, 6497, 5719, 3324, 2923, 4002, 3097, 5871, 9250, 1736, 1129, 5401, 7145, 8484, 5115, 3614, 6389, 332, 8473, 6299, 8828, 3208, 5330, 6637, 232, 5318, 4870, 5388, 4924, 9190, 4097, 1088, 8619, 8633, 3514, 6564, 9370, 7628, 5990, 5838, 2444, 8753, 1051, 6899, 9385, 2059, 4155, 4537, 1813, 3980, 2606, 869, 9665, 5350, 7330, 6859, 2432, 2285, 7119, 7427, 4552, 7399, 4499, 6640, 3083, 4718, 9209, 9217, 8580, 7536, 6133, 1947, 4826, 1908, 9704, 4051, 5634, 7224, 8115, 7685, 9609, 5532, 5460, 5979, 188, 9274, 5098, 2565, 3654, 4238, 2293, 845, 7015, 3645, 7513, 8241, 6190, 779, 6913, 6985, 9061, 6234, 7439, 195, 7168, 4135, 2472, 1181]
[948, 2675, 5274, 3306, 275, 9810, 3084, 1100, 5369, 1607, 2957, 3019, 9393, 3366, 2132, 5794, 9923, 5959, 7952, 9454, 734, 565, 5134, 7443, 6481, 411, 4574, 7017, 2276, 4565, 4547, 5582, 4463, 147, 6825, 1662, 7313, 387, 368, 3485, 3456, 1581, 2679, 8598, 8815, 8840, 119, 7223, 6125, 8212, 8261, 7004, 2386, 4071, 5506, 2841, 3618, 1280, 5187, 9654, 6466, 171, 3164, 2948, 3264, 6385, 6165, 6590, 7267, 1040, 214, 1167, 4581, 8271, 3735, 5718, 9755, 7785, 7524, 6444, 4632, 2219, 8286, 5961, 20, 6218, 1933, 2214, 8183, 9930, 9059, 646, 3051, 3928, 7958, 2978, 1463, 6491, 7559, 8735, 2081, 3400, 7989, 2912, 1612, 2810, 5982, 6769, 427, 1172, 6842, 3415, 4313, 3381, 7970, 5416, 370, 724, 5752, 974, 3446, 774, 4917, 2737, 1538, 3391, 7318, 1905, 9067, 9819, 3358, 9269, 7105, 5272, 7257, 2166, 1868, 95, 5309, 2181, 5324, 4453, 8242, 9253, 2855, 1704, 9657, 1126, 1442, 5200, 3107, 7401, 58, 1480, 9126, 1945, 7518, 802, 7202, 4843, 9514, 8296, 2264, 8276, 2910, 9794, 549, 3752, 5815, 6111, 878, 8731, 1372, 7887, 4306, 7849, 4862, 3251, 5609, 8494, 697, 8886, 2755, 4963, 1074, 6298, 4749, 1112, 2205, 1339, 8193, 2630, 4926, 6497, 5719, 3324, 2923, 4002, 3097, 5871, 9250, 1736, 1129, 5401, 7145, 8484, 5115, 3614, 6389, 332, 8473, 6299, 8828, 3208, 5330, 6637, 232, 5318, 4870, 5388, 4924, 9190, 4097, 1088, 8619, 8633, 3514, 6564, 9370, 7628, 5990, 5838, 2444, 8753, 1051, 6899, 9385, 2059, 4155, 4537, 1813, 3980, 2606, 869, 9665, 5350, 7330, 6859, 2432, 2285, 7119, 7427, 4552, 7399, 4499, 6640, 3083, 4718, 9209, 9217, 8580, 7536, 6133, 1947, 4826, 1908, 9704, 4051, 5634, 7224, 8115, 7685, 9609, 5532, 5460, 5979, 188, 9274, 5098, 2565, 3654, 4238, 2293, 845, 7015, 3645, 7513, 8241, 6190, 779, 6913, 6985, 9061, 6234, 7439, 195, 7168, 4135, 2472, 1181]
[948, 2675, 5274, 3306, 275, 9810, 3084, 1100, 5369, 1607, 2957, 3019, 9393, 3366, 2132, 5794, 9923, 5959, 7952, 9454, 734, 565, 5134, 7443, 6481, 411, 4574, 7017, 2276, 4565, 4547, 5582, 4463, 147, 6825, 1662, 7313, 387, 368, 3485, 3456, 1581, 2679, 8598, 8815, 8840, 119, 7223, 6125, 8212, 8261, 7004, 2386, 4071, 5506, 2841, 3618, 1280, 5187, 9654, 6466, 171, 3164, 2948, 3264, 6385, 6165, 6590, 7267, 1040, 214, 1167, 4581, 8271, 3735, 5718, 9755, 7785, 7524, 6444, 4632, 2219, 8286, 5961, 20, 6218, 1933, 2214, 8183, 9930, 9059, 646, 3051, 3928, 7958, 2978, 1463, 6491, 7559, 8735, 2081, 3400, 7989, 2912, 1612, 2810, 5982, 6769, 427, 1172, 6842, 3415, 4313, 3381, 7970, 5416, 370, 724, 5752, 974, 3446, 774, 4917, 2737, 1538, 3391, 7318, 1905, 9067, 9819, 3358, 9269, 7105, 5272, 7257, 2166, 1868, 95, 5309, 2181, 5324, 4453, 8242, 9253, 2855, 1704, 9657, 1126, 1442, 5200, 3107, 7401, 58, 1480, 9126, 1945, 7518, 802, 7202, 4843, 9514, 8296, 2264, 8276, 2910, 9794, 549, 3752, 5815, 6111, 878, 8731, 1372, 7887, 4306, 7849, 4862, 3251, 5609, 8494, 697, 8886, 2755, 4963, 1074, 6298, 4749, 1112, 2205, 1339, 8193, 2630, 4926, 6497, 5719, 3324, 2923, 4002, 3097, 5871, 9250, 1736, 1129, 5401, 7145, 8484, 5115, 3614, 6389, 332, 8473, 6299, 8828, 3208, 5330, 6637, 232, 5318, 4870, 5388, 4924, 9190, 4097, 1088, 8619, 8633, 3514, 6564, 9370, 7628, 5990, 5838, 2444, 8753, 1051, 6899, 9385, 2059, 4155, 4537, 1813, 3980, 2606, 869, 9665, 5350, 7330, 6859, 2432, 2285, 7119, 7427, 4552, 7399, 4499, 6640, 3083, 4718, 9209, 9217, 8580, 7536, 6133, 1947, 4826, 1908, 9704, 4051, 5634, 7224, 8115, 7685, 9609, 5532, 5460, 5979, 188, 9274, 5098, 2565, 3654, 4238, 2293, 845, 7015, 3645, 7513, 8241, 6190, 779, 6913, 6985, 9061, 6234, 7439, 195, 7168, 4135, 2472, 1181]
[948, 2675, 5274, 3306, 275, 9810, 3084, 1100, 5369, 1607, 2957, 3019, 9393, 3366, 2132, 5794, 9923, 5959, 7952, 9454, 734, 565, 5134, 7443, 6481, 411, 4574, 7017, 2276, 4565, 4547, 5582, 4463, 147, 6825, 1662, 7313, 387, 368, 3485, 3456, 1581, 2679, 8598, 8815, 8840, 119, 7223, 6125, 8212, 8261, 7004, 2386, 4071, 5506, 2841, 3618, 1280, 5187, 9654, 6466, 171, 3164, 2948, 3264, 6385, 6165, 6590, 7267, 1040, 214, 1167, 4581, 8271, 3735, 5718, 9755, 7785, 7524, 6444, 4632, 2219, 8286, 5961, 20, 6218, 1933, 2214, 8183, 9930, 9059, 646, 3051, 3928, 7958, 2978, 1463, 6491, 7559, 8735, 2081, 3400, 7989, 2912, 1612, 2810, 5982, 6769, 427, 1172, 6842, 3415, 4313, 3381, 7970, 5416, 370, 724, 5752, 974, 3446, 774, 4917, 2737, 1538, 3391, 7318, 1905, 9067, 9819, 3358, 9269, 7105, 5272, 7257, 2166, 1868, 95, 5309, 2181, 5324, 4453, 8242, 9253, 2855, 1704, 9657, 1126, 1442, 5200, 3107, 7401, 58, 1480, 9126, 1945, 7518, 802, 7202, 4843, 9514, 8296, 2264, 8276, 2910, 9794, 549, 3752, 5815, 6111, 878, 8731, 1372, 7887, 4306, 7849, 4862, 3251, 5609, 8494, 697, 8886, 2755, 4963, 1074, 6298, 4749, 1112, 2205, 1339, 8193, 2630, 4926, 6497, 5719, 3324, 2923, 4002, 3097, 5871, 9250, 1736, 1129, 5401, 7145, 8484, 5115, 3614, 6389, 332, 8473, 6299, 8828, 3208, 5330, 6637, 232, 5318, 4870, 5388, 4924, 9190, 4097, 1088, 8619, 8633, 3514, 6564, 9370, 7628, 5990, 5838, 2444, 8753, 1051, 6899, 9385, 2059, 4155, 4537, 1813, 3980, 2606, 869, 9665, 5350, 7330, 6859, 2432, 2285, 7119, 7427, 4552, 7399, 4499, 6640, 3083, 4718, 9209, 9217, 8580, 7536, 6133, 1947, 4826, 1908, 9704, 4051, 5634, 7224, 8115, 7685, 9609, 5532, 5460, 5979, 188, 9274, 5098, 2565, 3654, 4238, 2293, 845, 7015, 3645, 7513, 8241, 6190, 779, 6913, 6985, 9061, 6234, 7439, 195, 7168, 4135, 2472, 1181]
[948, 2675, 5274, 3306, 275, 9810, 3084, 1100, 5369, 1607, 2957, 3019, 9393, 3366, 2132, 5794, 9923, 5959, 7952, 9454, 734, 565, 5134, 7443, 6481, 411, 4574, 7017, 2276, 4565, 4547, 5582, 4463, 147, 6825, 1662, 7313, 387, 368, 3485, 3456, 1581, 2679, 8598, 8815, 8840, 119, 7223, 6125, 8212, 8261, 7004, 2386, 4071, 5506, 2841, 3618, 1280, 5187, 9654, 6466, 171, 3164, 2948, 3264, 6385, 6165, 6590, 7267, 1040, 214, 1167, 4581, 8271, 3735, 5718, 9755, 7785, 7524, 6444, 4632, 2219, 8286, 5961, 20, 6218, 1933, 2214, 8183, 9930, 9059, 646, 3051, 3928, 7958, 2978, 1463, 6491, 7559, 8735, 2081, 3400, 7989, 2912, 1612, 2810, 5982, 6769, 427, 1172, 6842, 3415, 4313, 3381, 7970, 5416, 370, 724, 5752, 974, 3446, 774, 4917, 2737, 1538, 3391, 7318, 1905, 9067, 9819, 3358, 9269, 7105, 5272, 7257, 2166, 1868, 95, 5309, 2181, 5324, 4453, 8242, 9253, 2855, 1704, 9657, 1126, 1442, 5200, 3107, 7401, 58, 1480, 9126, 1945, 7518, 802, 7202, 4843, 9514, 8296, 2264, 8276, 2910, 9794, 549, 3752, 5815, 6111, 878, 8731, 1372, 7887, 4306, 7849, 4862, 3251, 5609, 8494, 697, 8886, 2755, 4963, 1074, 6298, 4749, 1112, 2205, 1339, 8193, 2630, 4926, 6497, 5719, 3324, 2923, 4002, 3097, 5871, 9250, 1736, 1129, 5401, 7145, 8484, 5115, 3614, 6389, 332, 8473, 6299, 8828, 3208, 5330, 6637, 232, 5318, 4870, 5388, 4924, 9190, 4097, 1088, 8619, 8633, 3514, 6564, 9370, 7628, 5990, 5838, 2444, 8753, 1051, 6899, 9385, 2059, 4155, 4537, 1813, 3980, 2606, 869, 9665, 5350, 7330, 6859, 2432, 2285, 7119, 7427, 4552, 7399, 4499, 6640, 3083, 4718, 9209, 9217, 8580, 7536, 6133, 1947, 4826, 1908, 9704, 4051, 5634, 7224, 8115, 7685, 9609, 5532, 5460, 5979, 188, 9274, 5098, 2565, 3654, 4238, 2293, 845, 7015, 3645, 7513, 8241, 6190, 779, 6913, 6985, 9061, 6234, 7439, 195, 7168, 4135, 2472, 1181]
[948, 2675, 5274, 3306, 275, 9810, 3084, 1100, 5369, 1607, 2957, 3019, 9393, 3366, 2132, 5794, 9923, 5959, 7952, 9454, 734, 565, 5134, 7443, 6481, 411, 4574, 7017, 2276, 4565, 4547, 5582, 4463, 147, 6825, 1662, 7313, 387, 368, 3485, 3456, 1581, 2679, 8598, 8815, 8840, 119, 7223, 6125, 8212, 8261, 7004, 2386, 4071, 5506, 2841, 3618, 1280, 5187, 9654, 6466, 171, 3164, 2948, 3264, 6385, 6165, 6590, 7267, 1040, 214, 1167, 4581, 8271, 3735, 5718, 9755, 7785, 7524, 6444, 4632, 2219, 8286, 5961, 20, 6218, 1933, 2214, 8183, 9930, 9059, 646, 3051, 3928, 7958, 2978, 1463, 6491, 7559, 8735, 2081, 3400, 7989, 2912, 1612, 2810, 5982, 6769, 427, 1172, 6842, 3415, 4313, 3381, 7970, 5416, 370, 724, 5752, 974, 3446, 774, 4917, 2737, 1538, 3391, 7318, 1905, 9067, 9819, 3358, 9269, 7105, 5272, 7257, 2166, 1868, 95, 5309, 2181, 5324, 4453, 8242, 9253, 2855, 1704, 9657, 1126, 1442, 5200, 3107, 7401, 58, 1480, 9126, 1945, 7518, 802, 7202, 4843, 9514, 8296, 2264, 8276, 2910, 9794, 549, 3752, 5815, 6111, 878, 8731, 1372, 7887, 4306, 7849, 4862, 3251, 5609, 8494, 697, 8886, 2755, 4963, 1074, 6298, 4749, 1112, 2205, 1339, 8193, 2630, 4926, 6497, 5719, 3324, 2923, 4002, 3097, 5871, 9250, 1736, 1129, 5401, 7145, 8484, 5115, 3614, 6389, 332, 8473, 6299, 8828, 3208, 5330, 6637, 232, 5318, 4870, 5388, 4924, 9190, 4097, 1088, 8619, 8633, 3514, 6564, 9370, 7628, 5990, 5838, 2444, 8753, 1051, 6899, 9385, 2059, 4155, 4537, 1813, 3980, 2606, 869, 9665, 5350, 7330, 6859, 2432, 2285, 7119, 7427, 4552, 7399, 4499, 6640, 3083, 4718, 9209, 9217, 8580, 7536, 6133, 1947, 4826, 1908, 9704, 4051, 5634, 7224, 8115, 7685, 9609, 5532, 5460, 5979, 188, 9274, 5098, 2565, 3654, 4238, 2293, 845, 7015, 3645, 7513, 8241, 6190, 779, 6913, 6985, 9061, 6234, 7439, 195, 7168, 4135, 2472, 1181]
[948, 2675, 5274, 3306, 275, 9810, 3084, 1100, 5369, 1607, 2957, 3019, 9393, 3366, 2132, 5794, 9923, 5959, 7952, 9454, 734, 565, 5134, 7443, 6481, 411, 4574, 7017, 2276, 4565, 4547, 5582, 4463, 147, 6825, 1662, 7313, 387, 368, 3485, 3456, 1581, 2679, 8598, 8815, 8840, 119, 7223, 6125, 8212, 8261, 7004, 2386, 4071, 5506, 2841, 3618, 1280, 5187, 9654, 6466, 171, 3164, 2948, 3264, 6385, 6165, 6590, 7267, 1040, 214, 1167, 4581, 8271, 3735, 5718, 9755, 7785, 7524, 6444, 4632, 2219, 8286, 5961, 20, 6218, 1933, 2214, 8183, 9930, 9059, 646, 3051, 3928, 7958, 2978, 1463, 6491, 7559, 8735, 2081, 3400, 7989, 2912, 1612, 2810, 5982, 6769, 427, 1172, 6842, 3415, 4313, 3381, 7970, 5416, 370, 724, 5752, 974, 3446, 774, 4917, 2737, 1538, 3391, 7318, 1905, 9067, 9819, 3358, 9269, 7105, 5272, 7257, 2166, 1868, 95, 5309, 2181, 5324, 4453, 8242, 9253, 2855, 1704, 9657, 1126, 1442, 5200, 3107, 7401, 58, 1480, 9126, 1945, 7518, 802, 7202, 4843, 9514, 8296, 2264, 8276, 2910, 9794, 549, 3752, 5815, 6111, 878, 8731, 1372, 7887, 4306, 7849, 4862, 3251, 5609, 8494, 697, 8886, 2755, 4963, 1074, 6298, 4749, 1112, 2205, 1339, 8193, 2630, 4926, 6497, 5719, 3324, 2923, 4002, 3097, 5871, 9250, 1736, 1129, 5401, 7145, 8484, 5115, 3614, 6389, 332, 8473, 6299, 8828, 3208, 5330, 6637, 232, 5318, 4870, 5388, 4924, 9190, 4097, 1088, 8619, 8633, 3514, 6564, 9370, 7628, 5990, 5838, 2444, 8753, 1051, 6899, 9385, 2059, 4155, 4537, 1813, 3980, 2606, 869, 9665, 5350, 7330, 6859, 2432, 2285, 7119, 7427, 4552, 7399, 4499, 6640, 3083, 4718, 9209, 9217, 8580, 7536, 6133, 1947, 4826, 1908, 9704, 4051, 5634, 7224, 8115, 7685, 9609, 5532, 5460, 5979, 188, 9274, 5098, 2565, 3654, 4238, 2293, 845, 7015, 3645, 7513, 8241, 6190, 779, 6913, 6985, 9061, 6234, 7439, 195, 7168, 4135, 2472, 1181]
[948, 2675, 5274, 3306, 275, 9810, 3084, 1100, 5369, 1607, 2957, 3019, 9393, 3366, 2132, 5794, 9923, 5959, 7952, 9454, 734, 565, 5134, 7443, 6481, 411, 4574, 7017, 2276, 4565, 4547, 5582, 4463, 147, 6825, 1662, 7313, 387, 368, 3485, 3456, 1581, 2679, 8598, 8815, 8840, 119, 7223, 6125, 8212, 8261, 7004, 2386, 4071, 5506, 2841, 3618, 1280, 5187, 9654, 6466, 171, 3164, 2948, 3264, 6385, 6165, 6590, 7267, 1040, 214, 1167, 4581, 8271, 3735, 5718, 9755, 7785, 7524, 6444, 4632, 2219, 8286, 5961, 20, 6218, 1933, 2214, 8183, 9930, 9059, 646, 3051, 3928, 7958, 2978, 1463, 6491, 7559, 8735, 2081, 3400, 7989, 2912, 1612, 2810, 5982, 6769, 427, 1172, 6842, 3415, 4313, 3381, 7970, 5416, 370, 724, 5752, 974, 3446, 774, 4917, 2737, 1538, 3391, 7318, 1905, 9067, 9819, 3358, 9269, 7105, 5272, 7257, 2166, 1868, 95, 5309, 2181, 5324, 4453, 8242, 9253, 2855, 1704, 9657, 1126, 1442, 5200, 3107, 7401, 58, 1480, 9126, 1945, 7518, 802, 7202, 4843, 9514, 8296, 2264, 8276, 2910, 9794, 549, 3752, 5815, 6111, 878, 8731, 1372, 7887, 4306, 7849, 4862, 3251, 5609, 8494, 697, 8886, 2755, 4963, 1074, 6298, 4749, 1112, 2205, 1339, 8193, 2630, 4926, 6497, 5719, 3324, 2923, 4002, 3097, 5871, 9250, 1736, 1129, 5401, 7145, 8484, 5115, 3614, 6389, 332, 8473, 6299, 8828, 3208, 5330, 6637, 232, 5318, 4870, 5388, 4924, 9190, 4097, 1088, 8619, 8633, 3514, 6564, 9370, 7628, 5990, 5838, 2444, 8753, 1051, 6899, 9385, 2059, 4155, 4537, 1813, 3980, 2606, 869, 9665, 5350, 7330, 6859, 2432, 2285, 7119, 7427, 4552, 7399, 4499, 6640, 3083, 4718, 9209, 9217, 8580, 7536, 6133, 1947, 4826, 1908, 9704, 4051, 5634, 7224, 8115, 7685, 9609, 5532, 5460, 5979, 188, 9274, 5098, 2565, 3654, 4238, 2293, 845, 7015, 3645, 7513, 8241, 6190, 779, 6913, 6985, 9061, 6234, 7439, 195, 7168, 4135, 2472, 1181]
[948, 2675, 5274, 3306, 275, 9810, 3084, 1100, 5369, 1607, 2957, 3019, 9393, 3366, 2132, 5794, 9923, 5959, 7952, 9454, 734, 565, 5134, 7443, 6481, 411, 4574, 7017, 2276, 4565, 4547, 5582, 4463, 147, 6825, 1662, 7313, 387, 368, 3485, 3456, 1581, 2679, 8598, 8815, 8840, 119, 7223, 6125, 8212, 8261, 7004, 2386, 4071, 5506, 2841, 3618, 1280, 5187, 9654, 6466, 171, 3164, 2948, 3264, 6385, 6165, 6590, 7267, 1040, 214, 1167, 4581, 8271, 3735, 5718, 9755, 7785, 7524, 6444, 4632, 2219, 8286, 5961, 20, 6218, 1933, 2214, 8183, 9930, 9059, 646, 3051, 3928, 7958, 2978, 1463, 6491, 7559, 8735, 2081, 3400, 7989, 2912, 1612, 2810, 5982, 6769, 427, 1172, 6842, 3415, 4313, 3381, 7970, 5416, 370, 724, 5752, 974, 3446, 774, 4917, 2737, 1538, 3391, 7318, 1905, 9067, 9819, 3358, 9269, 7105, 5272, 7257, 2166, 1868, 95, 5309, 2181, 5324, 4453, 8242, 9253, 2855, 1704, 9657, 1126, 1442, 5200, 3107, 7401, 58, 1480, 9126, 1945, 7518, 802, 7202, 4843, 9514, 8296, 2264, 8276, 2910, 9794, 549, 3752, 5815, 6111, 878, 8731, 1372, 7887, 4306, 7849, 4862, 3251, 5609, 8494, 697, 8886, 2755, 4963, 1074, 6298, 4749, 1112, 2205, 1339, 8193, 2630, 4926, 6497, 5719, 3324, 2923, 4002, 3097, 5871, 9250, 1736, 1129, 5401, 7145, 8484, 5115, 3614, 6389, 332, 8473, 6299, 8828, 3208, 5330, 6637, 232, 5318, 4870, 5388, 4924, 9190, 4097, 1088, 8619, 8633, 3514, 6564, 9370, 7628, 5990, 5838, 2444, 8753, 1051, 6899, 9385, 2059, 4155, 4537, 1813, 3980, 2606, 869, 9665, 5350, 7330, 6859, 2432, 2285, 7119, 7427, 4552, 7399, 4499, 6640, 3083, 4718, 9209, 9217, 8580, 7536, 6133, 1947, 4826, 1908, 9704, 4051, 5634, 7224, 8115, 7685, 9609, 5532, 5460, 5979, 188, 9274, 5098, 2565, 3654, 4238, 2293, 845, 7015, 3645, 7513, 8241, 6190, 779, 6913, 6985, 9061, 6234, 7439, 195, 7168, 4135, 2472, 1181]
[948, 2675, 5274, 3306, 275, 9810, 3084, 1100, 5369, 1607, 2957, 3019, 9393, 3366, 2132, 5794, 9923, 5959, 7952, 9454, 734, 565, 5134, 7443, 6481, 411, 4574, 7017, 2276, 4565, 4547, 5582, 4463, 147, 6825, 1662, 7313, 387, 368, 3485, 3456, 1581, 2679, 8598, 8815, 8840, 119, 7223, 6125, 8212, 8261, 7004, 2386, 4071, 5506, 2841, 3618, 1280, 5187, 9654, 6466, 171, 3164, 2948, 3264, 6385, 6165, 6590, 7267, 1040, 214, 1167, 4581, 8271, 3735, 5718, 9755, 7785, 7524, 6444, 4632, 2219, 8286, 5961, 20, 6218, 1933, 2214, 8183, 9930, 9059, 646, 3051, 3928, 7958, 2978, 1463, 6491, 7559, 8735, 2081, 3400, 7989, 2912, 1612, 2810, 5982, 6769, 427, 1172, 6842, 3415, 4313, 3381, 7970, 5416, 370, 724, 5752, 974, 3446, 774, 4917, 2737, 1538, 3391, 7318, 1905, 9067, 9819, 3358, 9269, 7105, 5272, 7257, 2166, 1868, 95, 5309, 2181, 5324, 4453, 8242, 9253, 2855, 1704, 9657, 1126, 1442, 5200, 3107, 7401, 58, 1480, 9126, 1945, 7518, 802, 7202, 4843, 9514, 8296, 2264, 8276, 2910, 9794, 549, 3752, 5815, 6111, 878, 8731, 1372, 7887, 4306, 7849, 4862, 3251, 5609, 8494, 697, 8886, 2755, 4963, 1074, 6298, 4749, 1112, 2205, 1339, 8193, 2630, 4926, 6497, 5719, 3324, 2923, 4002, 3097, 5871, 9250, 1736, 1129, 5401, 7145, 8484, 5115, 3614, 6389, 332, 8473, 6299, 8828, 3208, 5330, 6637, 232, 5318, 4870, 5388, 4924, 9190, 4097, 1088, 8619, 8633, 3514, 6564, 9370, 7628, 5990, 5838, 2444, 8753, 1051, 6899, 9385, 2059, 4155, 4537, 1813, 3980, 2606, 869, 9665, 5350, 7330, 6859, 2432, 2285, 7119, 7427, 4552, 7399, 4499, 6640, 3083, 4718, 9209, 9217, 8580, 7536, 6133, 1947, 4826, 1908, 9704, 4051, 5634, 7224, 8115, 7685, 9609, 5532, 5460, 5979, 188, 9274, 5098, 2565, 3654, 4238, 2293, 845, 7015, 3645, 7513, 8241, 6190, 779, 6913, 6985, 9061, 6234, 7439, 195, 7168, 4135, 2472, 1181]
