Fault List:
102
102
102
102
102
102
102
102
102
102
102
102
102
102
102
102
102
102
102
102
102
102
102
102
102
102
102
102
102
102
FDR List:
0.5454545454545454
0.5454545454545454
0.5454545454545454
0.5454545454545454
0.5454545454545454
0.5454545454545454
0.5454545454545454
0.5454545454545454
0.5454545454545454
0.5454545454545454
0.5454545454545454
0.5454545454545454
0.5454545454545454
0.5454545454545454
0.5454545454545454
0.5454545454545454
0.5454545454545454
0.5454545454545454
0.5454545454545454
0.5454545454545454
0.5454545454545454
0.5454545454545454
0.5454545454545454
0.5454545454545454
0.5454545454545454
0.5454545454545454
0.5454545454545454
0.5454545454545454
0.5454545454545454
0.5454545454545454
Time List:
2.136348009109497
1.9770300388336182
2.1614718437194824
2.132183074951172
2.046738862991333
2.072012186050415
2.7302279472351074
2.6924171447753906
1.9929590225219727
1.934889793395996
2.0340659618377686
1.9358019828796387
2.1153557300567627
2.092891216278076
2.02020001411438
2.0546891689300537
2.0802161693573
2.6589040756225586
2.22444224357605
3.806593894958496
2.9208240509033203
2.289888858795166
2.026183843612671
2.1129181385040283
2.000175952911377
2.008932113647461
2.0560829639434814
1.9892878532409668
2.101558208465576
2.0759618282318115
Subset List:
[3171, 2650, 8626, 4210, 4823, 725, 3779, 1527, 1840, 266, 2783, 2066, 9059, 7105, 9103, 385, 7044, 1895, 6719, 9923, 3400, 7107, 9735, 687, 5700, 9465, 5833, 1012, 8102, 8267, 1898, 4477, 1049, 988, 5582, 7941, 3202, 7003, 5709, 9874, 6349, 1830, 7318, 5084, 6774, 5925, 6387, 4574, 2981, 898, 1339, 9360, 9622, 9978, 8722, 9801, 1926, 3789, 7959, 1251, 7210, 8480, 5900, 61, 3321, 3728, 6227, 3236, 254, 6596, 3957, 8200, 6138, 1708, 1058, 6729, 6543, 4140, 9823, 68, 5730, 3840, 9528, 796, 912, 3342, 2716, 8700, 1491, 8576, 3327, 9851, 8886, 6125, 6085, 2955, 6195, 2111, 8384, 6912, 3218, 2187, 8212, 2444, 195, 5030, 2151, 9302, 8558, 8666, 6970, 6985, 6715, 4291, 8898, 866, 2320, 7717, 3905, 5871, 6243, 2769, 697, 7989, 3459, 1019, 52, 7186, 1612, 3995, 3115, 9277, 9184, 9237, 1741, 9819, 9273, 606, 9563, 8254, 3363, 5680, 8428, 3806, 7401, 3752, 607, 2085, 4287, 1673, 8632, 2923, 357, 1181, 8741, 5056, 7173, 755, 1137, 7489, 5628, 4304, 1109, 4749, 6190, 2950, 1886, 7558, 2181, 7449, 2120, 7054, 4906, 4849, 4503, 6942, 7262, 7231, 5154, 10, 8219, 2248, 176, 2940, 8840, 8476, 1088, 5387, 5529, 7744, 5607, 2565, 3416, 1297, 4423, 5461, 3923, 4682, 7569, 4312, 8580, 4019, 993, 5060, 2987, 303, 5385, 9704, 1279, 3517, 1040, 1501, 7177, 1924, 7398, 3942, 5146, 9933, 4354, 3489, 6292, 8231, 162, 819, 2039, 4820, 3085, 3741, 4637, 7133, 6821, 9790, 7145, 9625, 7344, 128, 5565, 547, 9415, 8972, 5309, 6993, 8189, 5273, 9253, 8514, 9035, 4307, 6958, 1867, 7004, 7360, 86, 1885, 8491, 5162, 818, 9949, 6439, 5849, 2178, 7813, 1693, 3053, 5342, 8346, 3601, 2363, 6962, 1812, 3439, 2957, 8977, 8420, 3031, 1823, 1105, 4776, 3242, 845, 8275, 5578, 2023, 8271, 1035, 5890, 8363, 3355, 8657, 4894, 4826, 1474, 7952, 2173, 2930, 6008, 119, 3896, 4281, 5074]
[3171, 2650, 8626, 4210, 4823, 725, 3779, 1527, 1840, 266, 2783, 2066, 9059, 7105, 9103, 385, 7044, 1895, 6719, 9923, 3400, 7107, 9735, 687, 5700, 9465, 5833, 1012, 8102, 8267, 1898, 4477, 1049, 988, 5582, 7941, 3202, 7003, 5709, 9874, 6349, 1830, 7318, 5084, 6774, 5925, 6387, 4574, 2981, 898, 1339, 9360, 9622, 9978, 8722, 9801, 1926, 3789, 7959, 1251, 7210, 8480, 5900, 61, 3321, 3728, 6227, 3236, 254, 6596, 3957, 8200, 6138, 1708, 1058, 6729, 6543, 4140, 9823, 68, 5730, 3840, 9528, 796, 912, 3342, 2716, 8700, 1491, 8576, 3327, 9851, 8886, 6125, 6085, 2955, 6195, 2111, 8384, 6912, 3218, 2187, 8212, 2444, 195, 5030, 2151, 9302, 8558, 8666, 6970, 6985, 6715, 4291, 8898, 866, 2320, 7717, 3905, 5871, 6243, 2769, 697, 7989, 3459, 1019, 52, 7186, 1612, 3995, 3115, 9277, 9184, 9237, 1741, 9819, 9273, 606, 9563, 8254, 3363, 5680, 8428, 3806, 7401, 3752, 607, 2085, 4287, 1673, 8632, 2923, 357, 1181, 8741, 5056, 7173, 755, 1137, 7489, 5628, 4304, 1109, 4749, 6190, 2950, 1886, 7558, 2181, 7449, 2120, 7054, 4906, 4849, 4503, 6942, 7262, 7231, 5154, 10, 8219, 2248, 176, 2940, 8840, 8476, 1088, 5387, 5529, 7744, 5607, 2565, 3416, 1297, 4423, 5461, 3923, 4682, 7569, 4312, 8580, 4019, 993, 5060, 2987, 303, 5385, 9704, 1279, 3517, 1040, 1501, 7177, 1924, 7398, 3942, 5146, 9933, 4354, 3489, 6292, 8231, 162, 819, 2039, 4820, 3085, 3741, 4637, 7133, 6821, 9790, 7145, 9625, 7344, 128, 5565, 547, 9415, 8972, 5309, 6993, 8189, 5273, 9253, 8514, 9035, 4307, 6958, 1867, 7004, 7360, 86, 1885, 8491, 5162, 818, 9949, 6439, 5849, 2178, 7813, 1693, 3053, 5342, 8346, 3601, 2363, 6962, 1812, 3439, 2957, 8977, 8420, 3031, 1823, 1105, 4776, 3242, 845, 8275, 5578, 2023, 8271, 1035, 5890, 8363, 3355, 8657, 4894, 4826, 1474, 7952, 2173, 2930, 6008, 119, 3896, 4281, 5074]
[3171, 2650, 8626, 4210, 4823, 725, 3779, 1527, 1840, 266, 2783, 2066, 9059, 7105, 9103, 385, 7044, 1895, 6719, 9923, 3400, 7107, 9735, 687, 5700, 9465, 5833, 1012, 8102, 8267, 1898, 4477, 1049, 988, 5582, 7941, 3202, 7003, 5709, 9874, 6349, 1830, 7318, 5084, 6774, 5925, 6387, 4574, 2981, 898, 1339, 9360, 9622, 9978, 8722, 9801, 1926, 3789, 7959, 1251, 7210, 8480, 5900, 61, 3321, 3728, 6227, 3236, 254, 6596, 3957, 8200, 6138, 1708, 1058, 6729, 6543, 4140, 9823, 68, 5730, 3840, 9528, 796, 912, 3342, 2716, 8700, 1491, 8576, 3327, 9851, 8886, 6125, 6085, 2955, 6195, 2111, 8384, 6912, 3218, 2187, 8212, 2444, 195, 5030, 2151, 9302, 8558, 8666, 6970, 6985, 6715, 4291, 8898, 866, 2320, 7717, 3905, 5871, 6243, 2769, 697, 7989, 3459, 1019, 52, 7186, 1612, 3995, 3115, 9277, 9184, 9237, 1741, 9819, 9273, 606, 9563, 8254, 3363, 5680, 8428, 3806, 7401, 3752, 607, 2085, 4287, 1673, 8632, 2923, 357, 1181, 8741, 5056, 7173, 755, 1137, 7489, 5628, 4304, 1109, 4749, 6190, 2950, 1886, 7558, 2181, 7449, 2120, 7054, 4906, 4849, 4503, 6942, 7262, 7231, 5154, 10, 8219, 2248, 176, 2940, 8840, 8476, 1088, 5387, 5529, 7744, 5607, 2565, 3416, 1297, 4423, 5461, 3923, 4682, 7569, 4312, 8580, 4019, 993, 5060, 2987, 303, 5385, 9704, 1279, 3517, 1040, 1501, 7177, 1924, 7398, 3942, 5146, 9933, 4354, 3489, 6292, 8231, 162, 819, 2039, 4820, 3085, 3741, 4637, 7133, 6821, 9790, 7145, 9625, 7344, 128, 5565, 547, 9415, 8972, 5309, 6993, 8189, 5273, 9253, 8514, 9035, 4307, 6958, 1867, 7004, 7360, 86, 1885, 8491, 5162, 818, 9949, 6439, 5849, 2178, 7813, 1693, 3053, 5342, 8346, 3601, 2363, 6962, 1812, 3439, 2957, 8977, 8420, 3031, 1823, 1105, 4776, 3242, 845, 8275, 5578, 2023, 8271, 1035, 5890, 8363, 3355, 8657, 4894, 4826, 1474, 7952, 2173, 2930, 6008, 119, 3896, 4281, 5074]
[3171, 2650, 8626, 4210, 4823, 725, 3779, 1527, 1840, 266, 2783, 2066, 9059, 7105, 9103, 385, 7044, 1895, 6719, 9923, 3400, 7107, 9735, 687, 5700, 9465, 5833, 1012, 8102, 8267, 1898, 4477, 1049, 988, 5582, 7941, 3202, 7003, 5709, 9874, 6349, 1830, 7318, 5084, 6774, 5925, 6387, 4574, 2981, 898, 1339, 9360, 9622, 9978, 8722, 9801, 1926, 3789, 7959, 1251, 7210, 8480, 5900, 61, 3321, 3728, 6227, 3236, 254, 6596, 3957, 8200, 6138, 1708, 1058, 6729, 6543, 4140, 9823, 68, 5730, 3840, 9528, 796, 912, 3342, 2716, 8700, 1491, 8576, 3327, 9851, 8886, 6125, 6085, 2955, 6195, 2111, 8384, 6912, 3218, 2187, 8212, 2444, 195, 5030, 2151, 9302, 8558, 8666, 6970, 6985, 6715, 4291, 8898, 866, 2320, 7717, 3905, 5871, 6243, 2769, 697, 7989, 3459, 1019, 52, 7186, 1612, 3995, 3115, 9277, 9184, 9237, 1741, 9819, 9273, 606, 9563, 8254, 3363, 5680, 8428, 3806, 7401, 3752, 607, 2085, 4287, 1673, 8632, 2923, 357, 1181, 8741, 5056, 7173, 755, 1137, 7489, 5628, 4304, 1109, 4749, 6190, 2950, 1886, 7558, 2181, 7449, 2120, 7054, 4906, 4849, 4503, 6942, 7262, 7231, 5154, 10, 8219, 2248, 176, 2940, 8840, 8476, 1088, 5387, 5529, 7744, 5607, 2565, 3416, 1297, 4423, 5461, 3923, 4682, 7569, 4312, 8580, 4019, 993, 5060, 2987, 303, 5385, 9704, 1279, 3517, 1040, 1501, 7177, 1924, 7398, 3942, 5146, 9933, 4354, 3489, 6292, 8231, 162, 819, 2039, 4820, 3085, 3741, 4637, 7133, 6821, 9790, 7145, 9625, 7344, 128, 5565, 547, 9415, 8972, 5309, 6993, 8189, 5273, 9253, 8514, 9035, 4307, 6958, 1867, 7004, 7360, 86, 1885, 8491, 5162, 818, 9949, 6439, 5849, 2178, 7813, 1693, 3053, 5342, 8346, 3601, 2363, 6962, 1812, 3439, 2957, 8977, 8420, 3031, 1823, 1105, 4776, 3242, 845, 8275, 5578, 2023, 8271, 1035, 5890, 8363, 3355, 8657, 4894, 4826, 1474, 7952, 2173, 2930, 6008, 119, 3896, 4281, 5074]
[3171, 2650, 8626, 4210, 4823, 725, 3779, 1527, 1840, 266, 2783, 2066, 9059, 7105, 9103, 385, 7044, 1895, 6719, 9923, 3400, 7107, 9735, 687, 5700, 9465, 5833, 1012, 8102, 8267, 1898, 4477, 1049, 988, 5582, 7941, 3202, 7003, 5709, 9874, 6349, 1830, 7318, 5084, 6774, 5925, 6387, 4574, 2981, 898, 1339, 9360, 9622, 9978, 8722, 9801, 1926, 3789, 7959, 1251, 7210, 8480, 5900, 61, 3321, 3728, 6227, 3236, 254, 6596, 3957, 8200, 6138, 1708, 1058, 6729, 6543, 4140, 9823, 68, 5730, 3840, 9528, 796, 912, 3342, 2716, 8700, 1491, 8576, 3327, 9851, 8886, 6125, 6085, 2955, 6195, 2111, 8384, 6912, 3218, 2187, 8212, 2444, 195, 5030, 2151, 9302, 8558, 8666, 6970, 6985, 6715, 4291, 8898, 866, 2320, 7717, 3905, 5871, 6243, 2769, 697, 7989, 3459, 1019, 52, 7186, 1612, 3995, 3115, 9277, 9184, 9237, 1741, 9819, 9273, 606, 9563, 8254, 3363, 5680, 8428, 3806, 7401, 3752, 607, 2085, 4287, 1673, 8632, 2923, 357, 1181, 8741, 5056, 7173, 755, 1137, 7489, 5628, 4304, 1109, 4749, 6190, 2950, 1886, 7558, 2181, 7449, 2120, 7054, 4906, 4849, 4503, 6942, 7262, 7231, 5154, 10, 8219, 2248, 176, 2940, 8840, 8476, 1088, 5387, 5529, 7744, 5607, 2565, 3416, 1297, 4423, 5461, 3923, 4682, 7569, 4312, 8580, 4019, 993, 5060, 2987, 303, 5385, 9704, 1279, 3517, 1040, 1501, 7177, 1924, 7398, 3942, 5146, 9933, 4354, 3489, 6292, 8231, 162, 819, 2039, 4820, 3085, 3741, 4637, 7133, 6821, 9790, 7145, 9625, 7344, 128, 5565, 547, 9415, 8972, 5309, 6993, 8189, 5273, 9253, 8514, 9035, 4307, 6958, 1867, 7004, 7360, 86, 1885, 8491, 5162, 818, 9949, 6439, 5849, 2178, 7813, 1693, 3053, 5342, 8346, 3601, 2363, 6962, 1812, 3439, 2957, 8977, 8420, 3031, 1823, 1105, 4776, 3242, 845, 8275, 5578, 2023, 8271, 1035, 5890, 8363, 3355, 8657, 4894, 4826, 1474, 7952, 2173, 2930, 6008, 119, 3896, 4281, 5074]
[3171, 2650, 8626, 4210, 4823, 725, 3779, 1527, 1840, 266, 2783, 2066, 9059, 7105, 9103, 385, 7044, 1895, 6719, 9923, 3400, 7107, 9735, 687, 5700, 9465, 5833, 1012, 8102, 8267, 1898, 4477, 1049, 988, 5582, 7941, 3202, 7003, 5709, 9874, 6349, 1830, 7318, 5084, 6774, 5925, 6387, 4574, 2981, 898, 1339, 9360, 9622, 9978, 8722, 9801, 1926, 3789, 7959, 1251, 7210, 8480, 5900, 61, 3321, 3728, 6227, 3236, 254, 6596, 3957, 8200, 6138, 1708, 1058, 6729, 6543, 4140, 9823, 68, 5730, 3840, 9528, 796, 912, 3342, 2716, 8700, 1491, 8576, 3327, 9851, 8886, 6125, 6085, 2955, 6195, 2111, 8384, 6912, 3218, 2187, 8212, 2444, 195, 5030, 2151, 9302, 8558, 8666, 6970, 6985, 6715, 4291, 8898, 866, 2320, 7717, 3905, 5871, 6243, 2769, 697, 7989, 3459, 1019, 52, 7186, 1612, 3995, 3115, 9277, 9184, 9237, 1741, 9819, 9273, 606, 9563, 8254, 3363, 5680, 8428, 3806, 7401, 3752, 607, 2085, 4287, 1673, 8632, 2923, 357, 1181, 8741, 5056, 7173, 755, 1137, 7489, 5628, 4304, 1109, 4749, 6190, 2950, 1886, 7558, 2181, 7449, 2120, 7054, 4906, 4849, 4503, 6942, 7262, 7231, 5154, 10, 8219, 2248, 176, 2940, 8840, 8476, 1088, 5387, 5529, 7744, 5607, 2565, 3416, 1297, 4423, 5461, 3923, 4682, 7569, 4312, 8580, 4019, 993, 5060, 2987, 303, 5385, 9704, 1279, 3517, 1040, 1501, 7177, 1924, 7398, 3942, 5146, 9933, 4354, 3489, 6292, 8231, 162, 819, 2039, 4820, 3085, 3741, 4637, 7133, 6821, 9790, 7145, 9625, 7344, 128, 5565, 547, 9415, 8972, 5309, 6993, 8189, 5273, 9253, 8514, 9035, 4307, 6958, 1867, 7004, 7360, 86, 1885, 8491, 5162, 818, 9949, 6439, 5849, 2178, 7813, 1693, 3053, 5342, 8346, 3601, 2363, 6962, 1812, 3439, 2957, 8977, 8420, 3031, 1823, 1105, 4776, 3242, 845, 8275, 5578, 2023, 8271, 1035, 5890, 8363, 3355, 8657, 4894, 4826, 1474, 7952, 2173, 2930, 6008, 119, 3896, 4281, 5074]
[3171, 2650, 8626, 4210, 4823, 725, 3779, 1527, 1840, 266, 2783, 2066, 9059, 7105, 9103, 385, 7044, 1895, 6719, 9923, 3400, 7107, 9735, 687, 5700, 9465, 5833, 1012, 8102, 8267, 1898, 4477, 1049, 988, 5582, 7941, 3202, 7003, 5709, 9874, 6349, 1830, 7318, 5084, 6774, 5925, 6387, 4574, 2981, 898, 1339, 9360, 9622, 9978, 8722, 9801, 1926, 3789, 7959, 1251, 7210, 8480, 5900, 61, 3321, 3728, 6227, 3236, 254, 6596, 3957, 8200, 6138, 1708, 1058, 6729, 6543, 4140, 9823, 68, 5730, 3840, 9528, 796, 912, 3342, 2716, 8700, 1491, 8576, 3327, 9851, 8886, 6125, 6085, 2955, 6195, 2111, 8384, 6912, 3218, 2187, 8212, 2444, 195, 5030, 2151, 9302, 8558, 8666, 6970, 6985, 6715, 4291, 8898, 866, 2320, 7717, 3905, 5871, 6243, 2769, 697, 7989, 3459, 1019, 52, 7186, 1612, 3995, 3115, 9277, 9184, 9237, 1741, 9819, 9273, 606, 9563, 8254, 3363, 5680, 8428, 3806, 7401, 3752, 607, 2085, 4287, 1673, 8632, 2923, 357, 1181, 8741, 5056, 7173, 755, 1137, 7489, 5628, 4304, 1109, 4749, 6190, 2950, 1886, 7558, 2181, 7449, 2120, 7054, 4906, 4849, 4503, 6942, 7262, 7231, 5154, 10, 8219, 2248, 176, 2940, 8840, 8476, 1088, 5387, 5529, 7744, 5607, 2565, 3416, 1297, 4423, 5461, 3923, 4682, 7569, 4312, 8580, 4019, 993, 5060, 2987, 303, 5385, 9704, 1279, 3517, 1040, 1501, 7177, 1924, 7398, 3942, 5146, 9933, 4354, 3489, 6292, 8231, 162, 819, 2039, 4820, 3085, 3741, 4637, 7133, 6821, 9790, 7145, 9625, 7344, 128, 5565, 547, 9415, 8972, 5309, 6993, 8189, 5273, 9253, 8514, 9035, 4307, 6958, 1867, 7004, 7360, 86, 1885, 8491, 5162, 818, 9949, 6439, 5849, 2178, 7813, 1693, 3053, 5342, 8346, 3601, 2363, 6962, 1812, 3439, 2957, 8977, 8420, 3031, 1823, 1105, 4776, 3242, 845, 8275, 5578, 2023, 8271, 1035, 5890, 8363, 3355, 8657, 4894, 4826, 1474, 7952, 2173, 2930, 6008, 119, 3896, 4281, 5074]
[3171, 2650, 8626, 4210, 4823, 725, 3779, 1527, 1840, 266, 2783, 2066, 9059, 7105, 9103, 385, 7044, 1895, 6719, 9923, 3400, 7107, 9735, 687, 5700, 9465, 5833, 1012, 8102, 8267, 1898, 4477, 1049, 988, 5582, 7941, 3202, 7003, 5709, 9874, 6349, 1830, 7318, 5084, 6774, 5925, 6387, 4574, 2981, 898, 1339, 9360, 9622, 9978, 8722, 9801, 1926, 3789, 7959, 1251, 7210, 8480, 5900, 61, 3321, 3728, 6227, 3236, 254, 6596, 3957, 8200, 6138, 1708, 1058, 6729, 6543, 4140, 9823, 68, 5730, 3840, 9528, 796, 912, 3342, 2716, 8700, 1491, 8576, 3327, 9851, 8886, 6125, 6085, 2955, 6195, 2111, 8384, 6912, 3218, 2187, 8212, 2444, 195, 5030, 2151, 9302, 8558, 8666, 6970, 6985, 6715, 4291, 8898, 866, 2320, 7717, 3905, 5871, 6243, 2769, 697, 7989, 3459, 1019, 52, 7186, 1612, 3995, 3115, 9277, 9184, 9237, 1741, 9819, 9273, 606, 9563, 8254, 3363, 5680, 8428, 3806, 7401, 3752, 607, 2085, 4287, 1673, 8632, 2923, 357, 1181, 8741, 5056, 7173, 755, 1137, 7489, 5628, 4304, 1109, 4749, 6190, 2950, 1886, 7558, 2181, 7449, 2120, 7054, 4906, 4849, 4503, 6942, 7262, 7231, 5154, 10, 8219, 2248, 176, 2940, 8840, 8476, 1088, 5387, 5529, 7744, 5607, 2565, 3416, 1297, 4423, 5461, 3923, 4682, 7569, 4312, 8580, 4019, 993, 5060, 2987, 303, 5385, 9704, 1279, 3517, 1040, 1501, 7177, 1924, 7398, 3942, 5146, 9933, 4354, 3489, 6292, 8231, 162, 819, 2039, 4820, 3085, 3741, 4637, 7133, 6821, 9790, 7145, 9625, 7344, 128, 5565, 547, 9415, 8972, 5309, 6993, 8189, 5273, 9253, 8514, 9035, 4307, 6958, 1867, 7004, 7360, 86, 1885, 8491, 5162, 818, 9949, 6439, 5849, 2178, 7813, 1693, 3053, 5342, 8346, 3601, 2363, 6962, 1812, 3439, 2957, 8977, 8420, 3031, 1823, 1105, 4776, 3242, 845, 8275, 5578, 2023, 8271, 1035, 5890, 8363, 3355, 8657, 4894, 4826, 1474, 7952, 2173, 2930, 6008, 119, 3896, 4281, 5074]
[3171, 2650, 8626, 4210, 4823, 725, 3779, 1527, 1840, 266, 2783, 2066, 9059, 7105, 9103, 385, 7044, 1895, 6719, 9923, 3400, 7107, 9735, 687, 5700, 9465, 5833, 1012, 8102, 8267, 1898, 4477, 1049, 988, 5582, 7941, 3202, 7003, 5709, 9874, 6349, 1830, 7318, 5084, 6774, 5925, 6387, 4574, 2981, 898, 1339, 9360, 9622, 9978, 8722, 9801, 1926, 3789, 7959, 1251, 7210, 8480, 5900, 61, 3321, 3728, 6227, 3236, 254, 6596, 3957, 8200, 6138, 1708, 1058, 6729, 6543, 4140, 9823, 68, 5730, 3840, 9528, 796, 912, 3342, 2716, 8700, 1491, 8576, 3327, 9851, 8886, 6125, 6085, 2955, 6195, 2111, 8384, 6912, 3218, 2187, 8212, 2444, 195, 5030, 2151, 9302, 8558, 8666, 6970, 6985, 6715, 4291, 8898, 866, 2320, 7717, 3905, 5871, 6243, 2769, 697, 7989, 3459, 1019, 52, 7186, 1612, 3995, 3115, 9277, 9184, 9237, 1741, 9819, 9273, 606, 9563, 8254, 3363, 5680, 8428, 3806, 7401, 3752, 607, 2085, 4287, 1673, 8632, 2923, 357, 1181, 8741, 5056, 7173, 755, 1137, 7489, 5628, 4304, 1109, 4749, 6190, 2950, 1886, 7558, 2181, 7449, 2120, 7054, 4906, 4849, 4503, 6942, 7262, 7231, 5154, 10, 8219, 2248, 176, 2940, 8840, 8476, 1088, 5387, 5529, 7744, 5607, 2565, 3416, 1297, 4423, 5461, 3923, 4682, 7569, 4312, 8580, 4019, 993, 5060, 2987, 303, 5385, 9704, 1279, 3517, 1040, 1501, 7177, 1924, 7398, 3942, 5146, 9933, 4354, 3489, 6292, 8231, 162, 819, 2039, 4820, 3085, 3741, 4637, 7133, 6821, 9790, 7145, 9625, 7344, 128, 5565, 547, 9415, 8972, 5309, 6993, 8189, 5273, 9253, 8514, 9035, 4307, 6958, 1867, 7004, 7360, 86, 1885, 8491, 5162, 818, 9949, 6439, 5849, 2178, 7813, 1693, 3053, 5342, 8346, 3601, 2363, 6962, 1812, 3439, 2957, 8977, 8420, 3031, 1823, 1105, 4776, 3242, 845, 8275, 5578, 2023, 8271, 1035, 5890, 8363, 3355, 8657, 4894, 4826, 1474, 7952, 2173, 2930, 6008, 119, 3896, 4281, 5074]
[3171, 2650, 8626, 4210, 4823, 725, 3779, 1527, 1840, 266, 2783, 2066, 9059, 7105, 9103, 385, 7044, 1895, 6719, 9923, 3400, 7107, 9735, 687, 5700, 9465, 5833, 1012, 8102, 8267, 1898, 4477, 1049, 988, 5582, 7941, 3202, 7003, 5709, 9874, 6349, 1830, 7318, 5084, 6774, 5925, 6387, 4574, 2981, 898, 1339, 9360, 9622, 9978, 8722, 9801, 1926, 3789, 7959, 1251, 7210, 8480, 5900, 61, 3321, 3728, 6227, 3236, 254, 6596, 3957, 8200, 6138, 1708, 1058, 6729, 6543, 4140, 9823, 68, 5730, 3840, 9528, 796, 912, 3342, 2716, 8700, 1491, 8576, 3327, 9851, 8886, 6125, 6085, 2955, 6195, 2111, 8384, 6912, 3218, 2187, 8212, 2444, 195, 5030, 2151, 9302, 8558, 8666, 6970, 6985, 6715, 4291, 8898, 866, 2320, 7717, 3905, 5871, 6243, 2769, 697, 7989, 3459, 1019, 52, 7186, 1612, 3995, 3115, 9277, 9184, 9237, 1741, 9819, 9273, 606, 9563, 8254, 3363, 5680, 8428, 3806, 7401, 3752, 607, 2085, 4287, 1673, 8632, 2923, 357, 1181, 8741, 5056, 7173, 755, 1137, 7489, 5628, 4304, 1109, 4749, 6190, 2950, 1886, 7558, 2181, 7449, 2120, 7054, 4906, 4849, 4503, 6942, 7262, 7231, 5154, 10, 8219, 2248, 176, 2940, 8840, 8476, 1088, 5387, 5529, 7744, 5607, 2565, 3416, 1297, 4423, 5461, 3923, 4682, 7569, 4312, 8580, 4019, 993, 5060, 2987, 303, 5385, 9704, 1279, 3517, 1040, 1501, 7177, 1924, 7398, 3942, 5146, 9933, 4354, 3489, 6292, 8231, 162, 819, 2039, 4820, 3085, 3741, 4637, 7133, 6821, 9790, 7145, 9625, 7344, 128, 5565, 547, 9415, 8972, 5309, 6993, 8189, 5273, 9253, 8514, 9035, 4307, 6958, 1867, 7004, 7360, 86, 1885, 8491, 5162, 818, 9949, 6439, 5849, 2178, 7813, 1693, 3053, 5342, 8346, 3601, 2363, 6962, 1812, 3439, 2957, 8977, 8420, 3031, 1823, 1105, 4776, 3242, 845, 8275, 5578, 2023, 8271, 1035, 5890, 8363, 3355, 8657, 4894, 4826, 1474, 7952, 2173, 2930, 6008, 119, 3896, 4281, 5074]
[3171, 2650, 8626, 4210, 4823, 725, 3779, 1527, 1840, 266, 2783, 2066, 9059, 7105, 9103, 385, 7044, 1895, 6719, 9923, 3400, 7107, 9735, 687, 5700, 9465, 5833, 1012, 8102, 8267, 1898, 4477, 1049, 988, 5582, 7941, 3202, 7003, 5709, 9874, 6349, 1830, 7318, 5084, 6774, 5925, 6387, 4574, 2981, 898, 1339, 9360, 9622, 9978, 8722, 9801, 1926, 3789, 7959, 1251, 7210, 8480, 5900, 61, 3321, 3728, 6227, 3236, 254, 6596, 3957, 8200, 6138, 1708, 1058, 6729, 6543, 4140, 9823, 68, 5730, 3840, 9528, 796, 912, 3342, 2716, 8700, 1491, 8576, 3327, 9851, 8886, 6125, 6085, 2955, 6195, 2111, 8384, 6912, 3218, 2187, 8212, 2444, 195, 5030, 2151, 9302, 8558, 8666, 6970, 6985, 6715, 4291, 8898, 866, 2320, 7717, 3905, 5871, 6243, 2769, 697, 7989, 3459, 1019, 52, 7186, 1612, 3995, 3115, 9277, 9184, 9237, 1741, 9819, 9273, 606, 9563, 8254, 3363, 5680, 8428, 3806, 7401, 3752, 607, 2085, 4287, 1673, 8632, 2923, 357, 1181, 8741, 5056, 7173, 755, 1137, 7489, 5628, 4304, 1109, 4749, 6190, 2950, 1886, 7558, 2181, 7449, 2120, 7054, 4906, 4849, 4503, 6942, 7262, 7231, 5154, 10, 8219, 2248, 176, 2940, 8840, 8476, 1088, 5387, 5529, 7744, 5607, 2565, 3416, 1297, 4423, 5461, 3923, 4682, 7569, 4312, 8580, 4019, 993, 5060, 2987, 303, 5385, 9704, 1279, 3517, 1040, 1501, 7177, 1924, 7398, 3942, 5146, 9933, 4354, 3489, 6292, 8231, 162, 819, 2039, 4820, 3085, 3741, 4637, 7133, 6821, 9790, 7145, 9625, 7344, 128, 5565, 547, 9415, 8972, 5309, 6993, 8189, 5273, 9253, 8514, 9035, 4307, 6958, 1867, 7004, 7360, 86, 1885, 8491, 5162, 818, 9949, 6439, 5849, 2178, 7813, 1693, 3053, 5342, 8346, 3601, 2363, 6962, 1812, 3439, 2957, 8977, 8420, 3031, 1823, 1105, 4776, 3242, 845, 8275, 5578, 2023, 8271, 1035, 5890, 8363, 3355, 8657, 4894, 4826, 1474, 7952, 2173, 2930, 6008, 119, 3896, 4281, 5074]
[3171, 2650, 8626, 4210, 4823, 725, 3779, 1527, 1840, 266, 2783, 2066, 9059, 7105, 9103, 385, 7044, 1895, 6719, 9923, 3400, 7107, 9735, 687, 5700, 9465, 5833, 1012, 8102, 8267, 1898, 4477, 1049, 988, 5582, 7941, 3202, 7003, 5709, 9874, 6349, 1830, 7318, 5084, 6774, 5925, 6387, 4574, 2981, 898, 1339, 9360, 9622, 9978, 8722, 9801, 1926, 3789, 7959, 1251, 7210, 8480, 5900, 61, 3321, 3728, 6227, 3236, 254, 6596, 3957, 8200, 6138, 1708, 1058, 6729, 6543, 4140, 9823, 68, 5730, 3840, 9528, 796, 912, 3342, 2716, 8700, 1491, 8576, 3327, 9851, 8886, 6125, 6085, 2955, 6195, 2111, 8384, 6912, 3218, 2187, 8212, 2444, 195, 5030, 2151, 9302, 8558, 8666, 6970, 6985, 6715, 4291, 8898, 866, 2320, 7717, 3905, 5871, 6243, 2769, 697, 7989, 3459, 1019, 52, 7186, 1612, 3995, 3115, 9277, 9184, 9237, 1741, 9819, 9273, 606, 9563, 8254, 3363, 5680, 8428, 3806, 7401, 3752, 607, 2085, 4287, 1673, 8632, 2923, 357, 1181, 8741, 5056, 7173, 755, 1137, 7489, 5628, 4304, 1109, 4749, 6190, 2950, 1886, 7558, 2181, 7449, 2120, 7054, 4906, 4849, 4503, 6942, 7262, 7231, 5154, 10, 8219, 2248, 176, 2940, 8840, 8476, 1088, 5387, 5529, 7744, 5607, 2565, 3416, 1297, 4423, 5461, 3923, 4682, 7569, 4312, 8580, 4019, 993, 5060, 2987, 303, 5385, 9704, 1279, 3517, 1040, 1501, 7177, 1924, 7398, 3942, 5146, 9933, 4354, 3489, 6292, 8231, 162, 819, 2039, 4820, 3085, 3741, 4637, 7133, 6821, 9790, 7145, 9625, 7344, 128, 5565, 547, 9415, 8972, 5309, 6993, 8189, 5273, 9253, 8514, 9035, 4307, 6958, 1867, 7004, 7360, 86, 1885, 8491, 5162, 818, 9949, 6439, 5849, 2178, 7813, 1693, 3053, 5342, 8346, 3601, 2363, 6962, 1812, 3439, 2957, 8977, 8420, 3031, 1823, 1105, 4776, 3242, 845, 8275, 5578, 2023, 8271, 1035, 5890, 8363, 3355, 8657, 4894, 4826, 1474, 7952, 2173, 2930, 6008, 119, 3896, 4281, 5074]
[3171, 2650, 8626, 4210, 4823, 725, 3779, 1527, 1840, 266, 2783, 2066, 9059, 7105, 9103, 385, 7044, 1895, 6719, 9923, 3400, 7107, 9735, 687, 5700, 9465, 5833, 1012, 8102, 8267, 1898, 4477, 1049, 988, 5582, 7941, 3202, 7003, 5709, 9874, 6349, 1830, 7318, 5084, 6774, 5925, 6387, 4574, 2981, 898, 1339, 9360, 9622, 9978, 8722, 9801, 1926, 3789, 7959, 1251, 7210, 8480, 5900, 61, 3321, 3728, 6227, 3236, 254, 6596, 3957, 8200, 6138, 1708, 1058, 6729, 6543, 4140, 9823, 68, 5730, 3840, 9528, 796, 912, 3342, 2716, 8700, 1491, 8576, 3327, 9851, 8886, 6125, 6085, 2955, 6195, 2111, 8384, 6912, 3218, 2187, 8212, 2444, 195, 5030, 2151, 9302, 8558, 8666, 6970, 6985, 6715, 4291, 8898, 866, 2320, 7717, 3905, 5871, 6243, 2769, 697, 7989, 3459, 1019, 52, 7186, 1612, 3995, 3115, 9277, 9184, 9237, 1741, 9819, 9273, 606, 9563, 8254, 3363, 5680, 8428, 3806, 7401, 3752, 607, 2085, 4287, 1673, 8632, 2923, 357, 1181, 8741, 5056, 7173, 755, 1137, 7489, 5628, 4304, 1109, 4749, 6190, 2950, 1886, 7558, 2181, 7449, 2120, 7054, 4906, 4849, 4503, 6942, 7262, 7231, 5154, 10, 8219, 2248, 176, 2940, 8840, 8476, 1088, 5387, 5529, 7744, 5607, 2565, 3416, 1297, 4423, 5461, 3923, 4682, 7569, 4312, 8580, 4019, 993, 5060, 2987, 303, 5385, 9704, 1279, 3517, 1040, 1501, 7177, 1924, 7398, 3942, 5146, 9933, 4354, 3489, 6292, 8231, 162, 819, 2039, 4820, 3085, 3741, 4637, 7133, 6821, 9790, 7145, 9625, 7344, 128, 5565, 547, 9415, 8972, 5309, 6993, 8189, 5273, 9253, 8514, 9035, 4307, 6958, 1867, 7004, 7360, 86, 1885, 8491, 5162, 818, 9949, 6439, 5849, 2178, 7813, 1693, 3053, 5342, 8346, 3601, 2363, 6962, 1812, 3439, 2957, 8977, 8420, 3031, 1823, 1105, 4776, 3242, 845, 8275, 5578, 2023, 8271, 1035, 5890, 8363, 3355, 8657, 4894, 4826, 1474, 7952, 2173, 2930, 6008, 119, 3896, 4281, 5074]
[3171, 2650, 8626, 4210, 4823, 725, 3779, 1527, 1840, 266, 2783, 2066, 9059, 7105, 9103, 385, 7044, 1895, 6719, 9923, 3400, 7107, 9735, 687, 5700, 9465, 5833, 1012, 8102, 8267, 1898, 4477, 1049, 988, 5582, 7941, 3202, 7003, 5709, 9874, 6349, 1830, 7318, 5084, 6774, 5925, 6387, 4574, 2981, 898, 1339, 9360, 9622, 9978, 8722, 9801, 1926, 3789, 7959, 1251, 7210, 8480, 5900, 61, 3321, 3728, 6227, 3236, 254, 6596, 3957, 8200, 6138, 1708, 1058, 6729, 6543, 4140, 9823, 68, 5730, 3840, 9528, 796, 912, 3342, 2716, 8700, 1491, 8576, 3327, 9851, 8886, 6125, 6085, 2955, 6195, 2111, 8384, 6912, 3218, 2187, 8212, 2444, 195, 5030, 2151, 9302, 8558, 8666, 6970, 6985, 6715, 4291, 8898, 866, 2320, 7717, 3905, 5871, 6243, 2769, 697, 7989, 3459, 1019, 52, 7186, 1612, 3995, 3115, 9277, 9184, 9237, 1741, 9819, 9273, 606, 9563, 8254, 3363, 5680, 8428, 3806, 7401, 3752, 607, 2085, 4287, 1673, 8632, 2923, 357, 1181, 8741, 5056, 7173, 755, 1137, 7489, 5628, 4304, 1109, 4749, 6190, 2950, 1886, 7558, 2181, 7449, 2120, 7054, 4906, 4849, 4503, 6942, 7262, 7231, 5154, 10, 8219, 2248, 176, 2940, 8840, 8476, 1088, 5387, 5529, 7744, 5607, 2565, 3416, 1297, 4423, 5461, 3923, 4682, 7569, 4312, 8580, 4019, 993, 5060, 2987, 303, 5385, 9704, 1279, 3517, 1040, 1501, 7177, 1924, 7398, 3942, 5146, 9933, 4354, 3489, 6292, 8231, 162, 819, 2039, 4820, 3085, 3741, 4637, 7133, 6821, 9790, 7145, 9625, 7344, 128, 5565, 547, 9415, 8972, 5309, 6993, 8189, 5273, 9253, 8514, 9035, 4307, 6958, 1867, 7004, 7360, 86, 1885, 8491, 5162, 818, 9949, 6439, 5849, 2178, 7813, 1693, 3053, 5342, 8346, 3601, 2363, 6962, 1812, 3439, 2957, 8977, 8420, 3031, 1823, 1105, 4776, 3242, 845, 8275, 5578, 2023, 8271, 1035, 5890, 8363, 3355, 8657, 4894, 4826, 1474, 7952, 2173, 2930, 6008, 119, 3896, 4281, 5074]
[3171, 2650, 8626, 4210, 4823, 725, 3779, 1527, 1840, 266, 2783, 2066, 9059, 7105, 9103, 385, 7044, 1895, 6719, 9923, 3400, 7107, 9735, 687, 5700, 9465, 5833, 1012, 8102, 8267, 1898, 4477, 1049, 988, 5582, 7941, 3202, 7003, 5709, 9874, 6349, 1830, 7318, 5084, 6774, 5925, 6387, 4574, 2981, 898, 1339, 9360, 9622, 9978, 8722, 9801, 1926, 3789, 7959, 1251, 7210, 8480, 5900, 61, 3321, 3728, 6227, 3236, 254, 6596, 3957, 8200, 6138, 1708, 1058, 6729, 6543, 4140, 9823, 68, 5730, 3840, 9528, 796, 912, 3342, 2716, 8700, 1491, 8576, 3327, 9851, 8886, 6125, 6085, 2955, 6195, 2111, 8384, 6912, 3218, 2187, 8212, 2444, 195, 5030, 2151, 9302, 8558, 8666, 6970, 6985, 6715, 4291, 8898, 866, 2320, 7717, 3905, 5871, 6243, 2769, 697, 7989, 3459, 1019, 52, 7186, 1612, 3995, 3115, 9277, 9184, 9237, 1741, 9819, 9273, 606, 9563, 8254, 3363, 5680, 8428, 3806, 7401, 3752, 607, 2085, 4287, 1673, 8632, 2923, 357, 1181, 8741, 5056, 7173, 755, 1137, 7489, 5628, 4304, 1109, 4749, 6190, 2950, 1886, 7558, 2181, 7449, 2120, 7054, 4906, 4849, 4503, 6942, 7262, 7231, 5154, 10, 8219, 2248, 176, 2940, 8840, 8476, 1088, 5387, 5529, 7744, 5607, 2565, 3416, 1297, 4423, 5461, 3923, 4682, 7569, 4312, 8580, 4019, 993, 5060, 2987, 303, 5385, 9704, 1279, 3517, 1040, 1501, 7177, 1924, 7398, 3942, 5146, 9933, 4354, 3489, 6292, 8231, 162, 819, 2039, 4820, 3085, 3741, 4637, 7133, 6821, 9790, 7145, 9625, 7344, 128, 5565, 547, 9415, 8972, 5309, 6993, 8189, 5273, 9253, 8514, 9035, 4307, 6958, 1867, 7004, 7360, 86, 1885, 8491, 5162, 818, 9949, 6439, 5849, 2178, 7813, 1693, 3053, 5342, 8346, 3601, 2363, 6962, 1812, 3439, 2957, 8977, 8420, 3031, 1823, 1105, 4776, 3242, 845, 8275, 5578, 2023, 8271, 1035, 5890, 8363, 3355, 8657, 4894, 4826, 1474, 7952, 2173, 2930, 6008, 119, 3896, 4281, 5074]
[3171, 2650, 8626, 4210, 4823, 725, 3779, 1527, 1840, 266, 2783, 2066, 9059, 7105, 9103, 385, 7044, 1895, 6719, 9923, 3400, 7107, 9735, 687, 5700, 9465, 5833, 1012, 8102, 8267, 1898, 4477, 1049, 988, 5582, 7941, 3202, 7003, 5709, 9874, 6349, 1830, 7318, 5084, 6774, 5925, 6387, 4574, 2981, 898, 1339, 9360, 9622, 9978, 8722, 9801, 1926, 3789, 7959, 1251, 7210, 8480, 5900, 61, 3321, 3728, 6227, 3236, 254, 6596, 3957, 8200, 6138, 1708, 1058, 6729, 6543, 4140, 9823, 68, 5730, 3840, 9528, 796, 912, 3342, 2716, 8700, 1491, 8576, 3327, 9851, 8886, 6125, 6085, 2955, 6195, 2111, 8384, 6912, 3218, 2187, 8212, 2444, 195, 5030, 2151, 9302, 8558, 8666, 6970, 6985, 6715, 4291, 8898, 866, 2320, 7717, 3905, 5871, 6243, 2769, 697, 7989, 3459, 1019, 52, 7186, 1612, 3995, 3115, 9277, 9184, 9237, 1741, 9819, 9273, 606, 9563, 8254, 3363, 5680, 8428, 3806, 7401, 3752, 607, 2085, 4287, 1673, 8632, 2923, 357, 1181, 8741, 5056, 7173, 755, 1137, 7489, 5628, 4304, 1109, 4749, 6190, 2950, 1886, 7558, 2181, 7449, 2120, 7054, 4906, 4849, 4503, 6942, 7262, 7231, 5154, 10, 8219, 2248, 176, 2940, 8840, 8476, 1088, 5387, 5529, 7744, 5607, 2565, 3416, 1297, 4423, 5461, 3923, 4682, 7569, 4312, 8580, 4019, 993, 5060, 2987, 303, 5385, 9704, 1279, 3517, 1040, 1501, 7177, 1924, 7398, 3942, 5146, 9933, 4354, 3489, 6292, 8231, 162, 819, 2039, 4820, 3085, 3741, 4637, 7133, 6821, 9790, 7145, 9625, 7344, 128, 5565, 547, 9415, 8972, 5309, 6993, 8189, 5273, 9253, 8514, 9035, 4307, 6958, 1867, 7004, 7360, 86, 1885, 8491, 5162, 818, 9949, 6439, 5849, 2178, 7813, 1693, 3053, 5342, 8346, 3601, 2363, 6962, 1812, 3439, 2957, 8977, 8420, 3031, 1823, 1105, 4776, 3242, 845, 8275, 5578, 2023, 8271, 1035, 5890, 8363, 3355, 8657, 4894, 4826, 1474, 7952, 2173, 2930, 6008, 119, 3896, 4281, 5074]
[3171, 2650, 8626, 4210, 4823, 725, 3779, 1527, 1840, 266, 2783, 2066, 9059, 7105, 9103, 385, 7044, 1895, 6719, 9923, 3400, 7107, 9735, 687, 5700, 9465, 5833, 1012, 8102, 8267, 1898, 4477, 1049, 988, 5582, 7941, 3202, 7003, 5709, 9874, 6349, 1830, 7318, 5084, 6774, 5925, 6387, 4574, 2981, 898, 1339, 9360, 9622, 9978, 8722, 9801, 1926, 3789, 7959, 1251, 7210, 8480, 5900, 61, 3321, 3728, 6227, 3236, 254, 6596, 3957, 8200, 6138, 1708, 1058, 6729, 6543, 4140, 9823, 68, 5730, 3840, 9528, 796, 912, 3342, 2716, 8700, 1491, 8576, 3327, 9851, 8886, 6125, 6085, 2955, 6195, 2111, 8384, 6912, 3218, 2187, 8212, 2444, 195, 5030, 2151, 9302, 8558, 8666, 6970, 6985, 6715, 4291, 8898, 866, 2320, 7717, 3905, 5871, 6243, 2769, 697, 7989, 3459, 1019, 52, 7186, 1612, 3995, 3115, 9277, 9184, 9237, 1741, 9819, 9273, 606, 9563, 8254, 3363, 5680, 8428, 3806, 7401, 3752, 607, 2085, 4287, 1673, 8632, 2923, 357, 1181, 8741, 5056, 7173, 755, 1137, 7489, 5628, 4304, 1109, 4749, 6190, 2950, 1886, 7558, 2181, 7449, 2120, 7054, 4906, 4849, 4503, 6942, 7262, 7231, 5154, 10, 8219, 2248, 176, 2940, 8840, 8476, 1088, 5387, 5529, 7744, 5607, 2565, 3416, 1297, 4423, 5461, 3923, 4682, 7569, 4312, 8580, 4019, 993, 5060, 2987, 303, 5385, 9704, 1279, 3517, 1040, 1501, 7177, 1924, 7398, 3942, 5146, 9933, 4354, 3489, 6292, 8231, 162, 819, 2039, 4820, 3085, 3741, 4637, 7133, 6821, 9790, 7145, 9625, 7344, 128, 5565, 547, 9415, 8972, 5309, 6993, 8189, 5273, 9253, 8514, 9035, 4307, 6958, 1867, 7004, 7360, 86, 1885, 8491, 5162, 818, 9949, 6439, 5849, 2178, 7813, 1693, 3053, 5342, 8346, 3601, 2363, 6962, 1812, 3439, 2957, 8977, 8420, 3031, 1823, 1105, 4776, 3242, 845, 8275, 5578, 2023, 8271, 1035, 5890, 8363, 3355, 8657, 4894, 4826, 1474, 7952, 2173, 2930, 6008, 119, 3896, 4281, 5074]
[3171, 2650, 8626, 4210, 4823, 725, 3779, 1527, 1840, 266, 2783, 2066, 9059, 7105, 9103, 385, 7044, 1895, 6719, 9923, 3400, 7107, 9735, 687, 5700, 9465, 5833, 1012, 8102, 8267, 1898, 4477, 1049, 988, 5582, 7941, 3202, 7003, 5709, 9874, 6349, 1830, 7318, 5084, 6774, 5925, 6387, 4574, 2981, 898, 1339, 9360, 9622, 9978, 8722, 9801, 1926, 3789, 7959, 1251, 7210, 8480, 5900, 61, 3321, 3728, 6227, 3236, 254, 6596, 3957, 8200, 6138, 1708, 1058, 6729, 6543, 4140, 9823, 68, 5730, 3840, 9528, 796, 912, 3342, 2716, 8700, 1491, 8576, 3327, 9851, 8886, 6125, 6085, 2955, 6195, 2111, 8384, 6912, 3218, 2187, 8212, 2444, 195, 5030, 2151, 9302, 8558, 8666, 6970, 6985, 6715, 4291, 8898, 866, 2320, 7717, 3905, 5871, 6243, 2769, 697, 7989, 3459, 1019, 52, 7186, 1612, 3995, 3115, 9277, 9184, 9237, 1741, 9819, 9273, 606, 9563, 8254, 3363, 5680, 8428, 3806, 7401, 3752, 607, 2085, 4287, 1673, 8632, 2923, 357, 1181, 8741, 5056, 7173, 755, 1137, 7489, 5628, 4304, 1109, 4749, 6190, 2950, 1886, 7558, 2181, 7449, 2120, 7054, 4906, 4849, 4503, 6942, 7262, 7231, 5154, 10, 8219, 2248, 176, 2940, 8840, 8476, 1088, 5387, 5529, 7744, 5607, 2565, 3416, 1297, 4423, 5461, 3923, 4682, 7569, 4312, 8580, 4019, 993, 5060, 2987, 303, 5385, 9704, 1279, 3517, 1040, 1501, 7177, 1924, 7398, 3942, 5146, 9933, 4354, 3489, 6292, 8231, 162, 819, 2039, 4820, 3085, 3741, 4637, 7133, 6821, 9790, 7145, 9625, 7344, 128, 5565, 547, 9415, 8972, 5309, 6993, 8189, 5273, 9253, 8514, 9035, 4307, 6958, 1867, 7004, 7360, 86, 1885, 8491, 5162, 818, 9949, 6439, 5849, 2178, 7813, 1693, 3053, 5342, 8346, 3601, 2363, 6962, 1812, 3439, 2957, 8977, 8420, 3031, 1823, 1105, 4776, 3242, 845, 8275, 5578, 2023, 8271, 1035, 5890, 8363, 3355, 8657, 4894, 4826, 1474, 7952, 2173, 2930, 6008, 119, 3896, 4281, 5074]
[3171, 2650, 8626, 4210, 4823, 725, 3779, 1527, 1840, 266, 2783, 2066, 9059, 7105, 9103, 385, 7044, 1895, 6719, 9923, 3400, 7107, 9735, 687, 5700, 9465, 5833, 1012, 8102, 8267, 1898, 4477, 1049, 988, 5582, 7941, 3202, 7003, 5709, 9874, 6349, 1830, 7318, 5084, 6774, 5925, 6387, 4574, 2981, 898, 1339, 9360, 9622, 9978, 8722, 9801, 1926, 3789, 7959, 1251, 7210, 8480, 5900, 61, 3321, 3728, 6227, 3236, 254, 6596, 3957, 8200, 6138, 1708, 1058, 6729, 6543, 4140, 9823, 68, 5730, 3840, 9528, 796, 912, 3342, 2716, 8700, 1491, 8576, 3327, 9851, 8886, 6125, 6085, 2955, 6195, 2111, 8384, 6912, 3218, 2187, 8212, 2444, 195, 5030, 2151, 9302, 8558, 8666, 6970, 6985, 6715, 4291, 8898, 866, 2320, 7717, 3905, 5871, 6243, 2769, 697, 7989, 3459, 1019, 52, 7186, 1612, 3995, 3115, 9277, 9184, 9237, 1741, 9819, 9273, 606, 9563, 8254, 3363, 5680, 8428, 3806, 7401, 3752, 607, 2085, 4287, 1673, 8632, 2923, 357, 1181, 8741, 5056, 7173, 755, 1137, 7489, 5628, 4304, 1109, 4749, 6190, 2950, 1886, 7558, 2181, 7449, 2120, 7054, 4906, 4849, 4503, 6942, 7262, 7231, 5154, 10, 8219, 2248, 176, 2940, 8840, 8476, 1088, 5387, 5529, 7744, 5607, 2565, 3416, 1297, 4423, 5461, 3923, 4682, 7569, 4312, 8580, 4019, 993, 5060, 2987, 303, 5385, 9704, 1279, 3517, 1040, 1501, 7177, 1924, 7398, 3942, 5146, 9933, 4354, 3489, 6292, 8231, 162, 819, 2039, 4820, 3085, 3741, 4637, 7133, 6821, 9790, 7145, 9625, 7344, 128, 5565, 547, 9415, 8972, 5309, 6993, 8189, 5273, 9253, 8514, 9035, 4307, 6958, 1867, 7004, 7360, 86, 1885, 8491, 5162, 818, 9949, 6439, 5849, 2178, 7813, 1693, 3053, 5342, 8346, 3601, 2363, 6962, 1812, 3439, 2957, 8977, 8420, 3031, 1823, 1105, 4776, 3242, 845, 8275, 5578, 2023, 8271, 1035, 5890, 8363, 3355, 8657, 4894, 4826, 1474, 7952, 2173, 2930, 6008, 119, 3896, 4281, 5074]
[3171, 2650, 8626, 4210, 4823, 725, 3779, 1527, 1840, 266, 2783, 2066, 9059, 7105, 9103, 385, 7044, 1895, 6719, 9923, 3400, 7107, 9735, 687, 5700, 9465, 5833, 1012, 8102, 8267, 1898, 4477, 1049, 988, 5582, 7941, 3202, 7003, 5709, 9874, 6349, 1830, 7318, 5084, 6774, 5925, 6387, 4574, 2981, 898, 1339, 9360, 9622, 9978, 8722, 9801, 1926, 3789, 7959, 1251, 7210, 8480, 5900, 61, 3321, 3728, 6227, 3236, 254, 6596, 3957, 8200, 6138, 1708, 1058, 6729, 6543, 4140, 9823, 68, 5730, 3840, 9528, 796, 912, 3342, 2716, 8700, 1491, 8576, 3327, 9851, 8886, 6125, 6085, 2955, 6195, 2111, 8384, 6912, 3218, 2187, 8212, 2444, 195, 5030, 2151, 9302, 8558, 8666, 6970, 6985, 6715, 4291, 8898, 866, 2320, 7717, 3905, 5871, 6243, 2769, 697, 7989, 3459, 1019, 52, 7186, 1612, 3995, 3115, 9277, 9184, 9237, 1741, 9819, 9273, 606, 9563, 8254, 3363, 5680, 8428, 3806, 7401, 3752, 607, 2085, 4287, 1673, 8632, 2923, 357, 1181, 8741, 5056, 7173, 755, 1137, 7489, 5628, 4304, 1109, 4749, 6190, 2950, 1886, 7558, 2181, 7449, 2120, 7054, 4906, 4849, 4503, 6942, 7262, 7231, 5154, 10, 8219, 2248, 176, 2940, 8840, 8476, 1088, 5387, 5529, 7744, 5607, 2565, 3416, 1297, 4423, 5461, 3923, 4682, 7569, 4312, 8580, 4019, 993, 5060, 2987, 303, 5385, 9704, 1279, 3517, 1040, 1501, 7177, 1924, 7398, 3942, 5146, 9933, 4354, 3489, 6292, 8231, 162, 819, 2039, 4820, 3085, 3741, 4637, 7133, 6821, 9790, 7145, 9625, 7344, 128, 5565, 547, 9415, 8972, 5309, 6993, 8189, 5273, 9253, 8514, 9035, 4307, 6958, 1867, 7004, 7360, 86, 1885, 8491, 5162, 818, 9949, 6439, 5849, 2178, 7813, 1693, 3053, 5342, 8346, 3601, 2363, 6962, 1812, 3439, 2957, 8977, 8420, 3031, 1823, 1105, 4776, 3242, 845, 8275, 5578, 2023, 8271, 1035, 5890, 8363, 3355, 8657, 4894, 4826, 1474, 7952, 2173, 2930, 6008, 119, 3896, 4281, 5074]
[3171, 2650, 8626, 4210, 4823, 725, 3779, 1527, 1840, 266, 2783, 2066, 9059, 7105, 9103, 385, 7044, 1895, 6719, 9923, 3400, 7107, 9735, 687, 5700, 9465, 5833, 1012, 8102, 8267, 1898, 4477, 1049, 988, 5582, 7941, 3202, 7003, 5709, 9874, 6349, 1830, 7318, 5084, 6774, 5925, 6387, 4574, 2981, 898, 1339, 9360, 9622, 9978, 8722, 9801, 1926, 3789, 7959, 1251, 7210, 8480, 5900, 61, 3321, 3728, 6227, 3236, 254, 6596, 3957, 8200, 6138, 1708, 1058, 6729, 6543, 4140, 9823, 68, 5730, 3840, 9528, 796, 912, 3342, 2716, 8700, 1491, 8576, 3327, 9851, 8886, 6125, 6085, 2955, 6195, 2111, 8384, 6912, 3218, 2187, 8212, 2444, 195, 5030, 2151, 9302, 8558, 8666, 6970, 6985, 6715, 4291, 8898, 866, 2320, 7717, 3905, 5871, 6243, 2769, 697, 7989, 3459, 1019, 52, 7186, 1612, 3995, 3115, 9277, 9184, 9237, 1741, 9819, 9273, 606, 9563, 8254, 3363, 5680, 8428, 3806, 7401, 3752, 607, 2085, 4287, 1673, 8632, 2923, 357, 1181, 8741, 5056, 7173, 755, 1137, 7489, 5628, 4304, 1109, 4749, 6190, 2950, 1886, 7558, 2181, 7449, 2120, 7054, 4906, 4849, 4503, 6942, 7262, 7231, 5154, 10, 8219, 2248, 176, 2940, 8840, 8476, 1088, 5387, 5529, 7744, 5607, 2565, 3416, 1297, 4423, 5461, 3923, 4682, 7569, 4312, 8580, 4019, 993, 5060, 2987, 303, 5385, 9704, 1279, 3517, 1040, 1501, 7177, 1924, 7398, 3942, 5146, 9933, 4354, 3489, 6292, 8231, 162, 819, 2039, 4820, 3085, 3741, 4637, 7133, 6821, 9790, 7145, 9625, 7344, 128, 5565, 547, 9415, 8972, 5309, 6993, 8189, 5273, 9253, 8514, 9035, 4307, 6958, 1867, 7004, 7360, 86, 1885, 8491, 5162, 818, 9949, 6439, 5849, 2178, 7813, 1693, 3053, 5342, 8346, 3601, 2363, 6962, 1812, 3439, 2957, 8977, 8420, 3031, 1823, 1105, 4776, 3242, 845, 8275, 5578, 2023, 8271, 1035, 5890, 8363, 3355, 8657, 4894, 4826, 1474, 7952, 2173, 2930, 6008, 119, 3896, 4281, 5074]
[3171, 2650, 8626, 4210, 4823, 725, 3779, 1527, 1840, 266, 2783, 2066, 9059, 7105, 9103, 385, 7044, 1895, 6719, 9923, 3400, 7107, 9735, 687, 5700, 9465, 5833, 1012, 8102, 8267, 1898, 4477, 1049, 988, 5582, 7941, 3202, 7003, 5709, 9874, 6349, 1830, 7318, 5084, 6774, 5925, 6387, 4574, 2981, 898, 1339, 9360, 9622, 9978, 8722, 9801, 1926, 3789, 7959, 1251, 7210, 8480, 5900, 61, 3321, 3728, 6227, 3236, 254, 6596, 3957, 8200, 6138, 1708, 1058, 6729, 6543, 4140, 9823, 68, 5730, 3840, 9528, 796, 912, 3342, 2716, 8700, 1491, 8576, 3327, 9851, 8886, 6125, 6085, 2955, 6195, 2111, 8384, 6912, 3218, 2187, 8212, 2444, 195, 5030, 2151, 9302, 8558, 8666, 6970, 6985, 6715, 4291, 8898, 866, 2320, 7717, 3905, 5871, 6243, 2769, 697, 7989, 3459, 1019, 52, 7186, 1612, 3995, 3115, 9277, 9184, 9237, 1741, 9819, 9273, 606, 9563, 8254, 3363, 5680, 8428, 3806, 7401, 3752, 607, 2085, 4287, 1673, 8632, 2923, 357, 1181, 8741, 5056, 7173, 755, 1137, 7489, 5628, 4304, 1109, 4749, 6190, 2950, 1886, 7558, 2181, 7449, 2120, 7054, 4906, 4849, 4503, 6942, 7262, 7231, 5154, 10, 8219, 2248, 176, 2940, 8840, 8476, 1088, 5387, 5529, 7744, 5607, 2565, 3416, 1297, 4423, 5461, 3923, 4682, 7569, 4312, 8580, 4019, 993, 5060, 2987, 303, 5385, 9704, 1279, 3517, 1040, 1501, 7177, 1924, 7398, 3942, 5146, 9933, 4354, 3489, 6292, 8231, 162, 819, 2039, 4820, 3085, 3741, 4637, 7133, 6821, 9790, 7145, 9625, 7344, 128, 5565, 547, 9415, 8972, 5309, 6993, 8189, 5273, 9253, 8514, 9035, 4307, 6958, 1867, 7004, 7360, 86, 1885, 8491, 5162, 818, 9949, 6439, 5849, 2178, 7813, 1693, 3053, 5342, 8346, 3601, 2363, 6962, 1812, 3439, 2957, 8977, 8420, 3031, 1823, 1105, 4776, 3242, 845, 8275, 5578, 2023, 8271, 1035, 5890, 8363, 3355, 8657, 4894, 4826, 1474, 7952, 2173, 2930, 6008, 119, 3896, 4281, 5074]
[3171, 2650, 8626, 4210, 4823, 725, 3779, 1527, 1840, 266, 2783, 2066, 9059, 7105, 9103, 385, 7044, 1895, 6719, 9923, 3400, 7107, 9735, 687, 5700, 9465, 5833, 1012, 8102, 8267, 1898, 4477, 1049, 988, 5582, 7941, 3202, 7003, 5709, 9874, 6349, 1830, 7318, 5084, 6774, 5925, 6387, 4574, 2981, 898, 1339, 9360, 9622, 9978, 8722, 9801, 1926, 3789, 7959, 1251, 7210, 8480, 5900, 61, 3321, 3728, 6227, 3236, 254, 6596, 3957, 8200, 6138, 1708, 1058, 6729, 6543, 4140, 9823, 68, 5730, 3840, 9528, 796, 912, 3342, 2716, 8700, 1491, 8576, 3327, 9851, 8886, 6125, 6085, 2955, 6195, 2111, 8384, 6912, 3218, 2187, 8212, 2444, 195, 5030, 2151, 9302, 8558, 8666, 6970, 6985, 6715, 4291, 8898, 866, 2320, 7717, 3905, 5871, 6243, 2769, 697, 7989, 3459, 1019, 52, 7186, 1612, 3995, 3115, 9277, 9184, 9237, 1741, 9819, 9273, 606, 9563, 8254, 3363, 5680, 8428, 3806, 7401, 3752, 607, 2085, 4287, 1673, 8632, 2923, 357, 1181, 8741, 5056, 7173, 755, 1137, 7489, 5628, 4304, 1109, 4749, 6190, 2950, 1886, 7558, 2181, 7449, 2120, 7054, 4906, 4849, 4503, 6942, 7262, 7231, 5154, 10, 8219, 2248, 176, 2940, 8840, 8476, 1088, 5387, 5529, 7744, 5607, 2565, 3416, 1297, 4423, 5461, 3923, 4682, 7569, 4312, 8580, 4019, 993, 5060, 2987, 303, 5385, 9704, 1279, 3517, 1040, 1501, 7177, 1924, 7398, 3942, 5146, 9933, 4354, 3489, 6292, 8231, 162, 819, 2039, 4820, 3085, 3741, 4637, 7133, 6821, 9790, 7145, 9625, 7344, 128, 5565, 547, 9415, 8972, 5309, 6993, 8189, 5273, 9253, 8514, 9035, 4307, 6958, 1867, 7004, 7360, 86, 1885, 8491, 5162, 818, 9949, 6439, 5849, 2178, 7813, 1693, 3053, 5342, 8346, 3601, 2363, 6962, 1812, 3439, 2957, 8977, 8420, 3031, 1823, 1105, 4776, 3242, 845, 8275, 5578, 2023, 8271, 1035, 5890, 8363, 3355, 8657, 4894, 4826, 1474, 7952, 2173, 2930, 6008, 119, 3896, 4281, 5074]
[3171, 2650, 8626, 4210, 4823, 725, 3779, 1527, 1840, 266, 2783, 2066, 9059, 7105, 9103, 385, 7044, 1895, 6719, 9923, 3400, 7107, 9735, 687, 5700, 9465, 5833, 1012, 8102, 8267, 1898, 4477, 1049, 988, 5582, 7941, 3202, 7003, 5709, 9874, 6349, 1830, 7318, 5084, 6774, 5925, 6387, 4574, 2981, 898, 1339, 9360, 9622, 9978, 8722, 9801, 1926, 3789, 7959, 1251, 7210, 8480, 5900, 61, 3321, 3728, 6227, 3236, 254, 6596, 3957, 8200, 6138, 1708, 1058, 6729, 6543, 4140, 9823, 68, 5730, 3840, 9528, 796, 912, 3342, 2716, 8700, 1491, 8576, 3327, 9851, 8886, 6125, 6085, 2955, 6195, 2111, 8384, 6912, 3218, 2187, 8212, 2444, 195, 5030, 2151, 9302, 8558, 8666, 6970, 6985, 6715, 4291, 8898, 866, 2320, 7717, 3905, 5871, 6243, 2769, 697, 7989, 3459, 1019, 52, 7186, 1612, 3995, 3115, 9277, 9184, 9237, 1741, 9819, 9273, 606, 9563, 8254, 3363, 5680, 8428, 3806, 7401, 3752, 607, 2085, 4287, 1673, 8632, 2923, 357, 1181, 8741, 5056, 7173, 755, 1137, 7489, 5628, 4304, 1109, 4749, 6190, 2950, 1886, 7558, 2181, 7449, 2120, 7054, 4906, 4849, 4503, 6942, 7262, 7231, 5154, 10, 8219, 2248, 176, 2940, 8840, 8476, 1088, 5387, 5529, 7744, 5607, 2565, 3416, 1297, 4423, 5461, 3923, 4682, 7569, 4312, 8580, 4019, 993, 5060, 2987, 303, 5385, 9704, 1279, 3517, 1040, 1501, 7177, 1924, 7398, 3942, 5146, 9933, 4354, 3489, 6292, 8231, 162, 819, 2039, 4820, 3085, 3741, 4637, 7133, 6821, 9790, 7145, 9625, 7344, 128, 5565, 547, 9415, 8972, 5309, 6993, 8189, 5273, 9253, 8514, 9035, 4307, 6958, 1867, 7004, 7360, 86, 1885, 8491, 5162, 818, 9949, 6439, 5849, 2178, 7813, 1693, 3053, 5342, 8346, 3601, 2363, 6962, 1812, 3439, 2957, 8977, 8420, 3031, 1823, 1105, 4776, 3242, 845, 8275, 5578, 2023, 8271, 1035, 5890, 8363, 3355, 8657, 4894, 4826, 1474, 7952, 2173, 2930, 6008, 119, 3896, 4281, 5074]
[3171, 2650, 8626, 4210, 4823, 725, 3779, 1527, 1840, 266, 2783, 2066, 9059, 7105, 9103, 385, 7044, 1895, 6719, 9923, 3400, 7107, 9735, 687, 5700, 9465, 5833, 1012, 8102, 8267, 1898, 4477, 1049, 988, 5582, 7941, 3202, 7003, 5709, 9874, 6349, 1830, 7318, 5084, 6774, 5925, 6387, 4574, 2981, 898, 1339, 9360, 9622, 9978, 8722, 9801, 1926, 3789, 7959, 1251, 7210, 8480, 5900, 61, 3321, 3728, 6227, 3236, 254, 6596, 3957, 8200, 6138, 1708, 1058, 6729, 6543, 4140, 9823, 68, 5730, 3840, 9528, 796, 912, 3342, 2716, 8700, 1491, 8576, 3327, 9851, 8886, 6125, 6085, 2955, 6195, 2111, 8384, 6912, 3218, 2187, 8212, 2444, 195, 5030, 2151, 9302, 8558, 8666, 6970, 6985, 6715, 4291, 8898, 866, 2320, 7717, 3905, 5871, 6243, 2769, 697, 7989, 3459, 1019, 52, 7186, 1612, 3995, 3115, 9277, 9184, 9237, 1741, 9819, 9273, 606, 9563, 8254, 3363, 5680, 8428, 3806, 7401, 3752, 607, 2085, 4287, 1673, 8632, 2923, 357, 1181, 8741, 5056, 7173, 755, 1137, 7489, 5628, 4304, 1109, 4749, 6190, 2950, 1886, 7558, 2181, 7449, 2120, 7054, 4906, 4849, 4503, 6942, 7262, 7231, 5154, 10, 8219, 2248, 176, 2940, 8840, 8476, 1088, 5387, 5529, 7744, 5607, 2565, 3416, 1297, 4423, 5461, 3923, 4682, 7569, 4312, 8580, 4019, 993, 5060, 2987, 303, 5385, 9704, 1279, 3517, 1040, 1501, 7177, 1924, 7398, 3942, 5146, 9933, 4354, 3489, 6292, 8231, 162, 819, 2039, 4820, 3085, 3741, 4637, 7133, 6821, 9790, 7145, 9625, 7344, 128, 5565, 547, 9415, 8972, 5309, 6993, 8189, 5273, 9253, 8514, 9035, 4307, 6958, 1867, 7004, 7360, 86, 1885, 8491, 5162, 818, 9949, 6439, 5849, 2178, 7813, 1693, 3053, 5342, 8346, 3601, 2363, 6962, 1812, 3439, 2957, 8977, 8420, 3031, 1823, 1105, 4776, 3242, 845, 8275, 5578, 2023, 8271, 1035, 5890, 8363, 3355, 8657, 4894, 4826, 1474, 7952, 2173, 2930, 6008, 119, 3896, 4281, 5074]
[3171, 2650, 8626, 4210, 4823, 725, 3779, 1527, 1840, 266, 2783, 2066, 9059, 7105, 9103, 385, 7044, 1895, 6719, 9923, 3400, 7107, 9735, 687, 5700, 9465, 5833, 1012, 8102, 8267, 1898, 4477, 1049, 988, 5582, 7941, 3202, 7003, 5709, 9874, 6349, 1830, 7318, 5084, 6774, 5925, 6387, 4574, 2981, 898, 1339, 9360, 9622, 9978, 8722, 9801, 1926, 3789, 7959, 1251, 7210, 8480, 5900, 61, 3321, 3728, 6227, 3236, 254, 6596, 3957, 8200, 6138, 1708, 1058, 6729, 6543, 4140, 9823, 68, 5730, 3840, 9528, 796, 912, 3342, 2716, 8700, 1491, 8576, 3327, 9851, 8886, 6125, 6085, 2955, 6195, 2111, 8384, 6912, 3218, 2187, 8212, 2444, 195, 5030, 2151, 9302, 8558, 8666, 6970, 6985, 6715, 4291, 8898, 866, 2320, 7717, 3905, 5871, 6243, 2769, 697, 7989, 3459, 1019, 52, 7186, 1612, 3995, 3115, 9277, 9184, 9237, 1741, 9819, 9273, 606, 9563, 8254, 3363, 5680, 8428, 3806, 7401, 3752, 607, 2085, 4287, 1673, 8632, 2923, 357, 1181, 8741, 5056, 7173, 755, 1137, 7489, 5628, 4304, 1109, 4749, 6190, 2950, 1886, 7558, 2181, 7449, 2120, 7054, 4906, 4849, 4503, 6942, 7262, 7231, 5154, 10, 8219, 2248, 176, 2940, 8840, 8476, 1088, 5387, 5529, 7744, 5607, 2565, 3416, 1297, 4423, 5461, 3923, 4682, 7569, 4312, 8580, 4019, 993, 5060, 2987, 303, 5385, 9704, 1279, 3517, 1040, 1501, 7177, 1924, 7398, 3942, 5146, 9933, 4354, 3489, 6292, 8231, 162, 819, 2039, 4820, 3085, 3741, 4637, 7133, 6821, 9790, 7145, 9625, 7344, 128, 5565, 547, 9415, 8972, 5309, 6993, 8189, 5273, 9253, 8514, 9035, 4307, 6958, 1867, 7004, 7360, 86, 1885, 8491, 5162, 818, 9949, 6439, 5849, 2178, 7813, 1693, 3053, 5342, 8346, 3601, 2363, 6962, 1812, 3439, 2957, 8977, 8420, 3031, 1823, 1105, 4776, 3242, 845, 8275, 5578, 2023, 8271, 1035, 5890, 8363, 3355, 8657, 4894, 4826, 1474, 7952, 2173, 2930, 6008, 119, 3896, 4281, 5074]
[3171, 2650, 8626, 4210, 4823, 725, 3779, 1527, 1840, 266, 2783, 2066, 9059, 7105, 9103, 385, 7044, 1895, 6719, 9923, 3400, 7107, 9735, 687, 5700, 9465, 5833, 1012, 8102, 8267, 1898, 4477, 1049, 988, 5582, 7941, 3202, 7003, 5709, 9874, 6349, 1830, 7318, 5084, 6774, 5925, 6387, 4574, 2981, 898, 1339, 9360, 9622, 9978, 8722, 9801, 1926, 3789, 7959, 1251, 7210, 8480, 5900, 61, 3321, 3728, 6227, 3236, 254, 6596, 3957, 8200, 6138, 1708, 1058, 6729, 6543, 4140, 9823, 68, 5730, 3840, 9528, 796, 912, 3342, 2716, 8700, 1491, 8576, 3327, 9851, 8886, 6125, 6085, 2955, 6195, 2111, 8384, 6912, 3218, 2187, 8212, 2444, 195, 5030, 2151, 9302, 8558, 8666, 6970, 6985, 6715, 4291, 8898, 866, 2320, 7717, 3905, 5871, 6243, 2769, 697, 7989, 3459, 1019, 52, 7186, 1612, 3995, 3115, 9277, 9184, 9237, 1741, 9819, 9273, 606, 9563, 8254, 3363, 5680, 8428, 3806, 7401, 3752, 607, 2085, 4287, 1673, 8632, 2923, 357, 1181, 8741, 5056, 7173, 755, 1137, 7489, 5628, 4304, 1109, 4749, 6190, 2950, 1886, 7558, 2181, 7449, 2120, 7054, 4906, 4849, 4503, 6942, 7262, 7231, 5154, 10, 8219, 2248, 176, 2940, 8840, 8476, 1088, 5387, 5529, 7744, 5607, 2565, 3416, 1297, 4423, 5461, 3923, 4682, 7569, 4312, 8580, 4019, 993, 5060, 2987, 303, 5385, 9704, 1279, 3517, 1040, 1501, 7177, 1924, 7398, 3942, 5146, 9933, 4354, 3489, 6292, 8231, 162, 819, 2039, 4820, 3085, 3741, 4637, 7133, 6821, 9790, 7145, 9625, 7344, 128, 5565, 547, 9415, 8972, 5309, 6993, 8189, 5273, 9253, 8514, 9035, 4307, 6958, 1867, 7004, 7360, 86, 1885, 8491, 5162, 818, 9949, 6439, 5849, 2178, 7813, 1693, 3053, 5342, 8346, 3601, 2363, 6962, 1812, 3439, 2957, 8977, 8420, 3031, 1823, 1105, 4776, 3242, 845, 8275, 5578, 2023, 8271, 1035, 5890, 8363, 3355, 8657, 4894, 4826, 1474, 7952, 2173, 2930, 6008, 119, 3896, 4281, 5074]
[3171, 2650, 8626, 4210, 4823, 725, 3779, 1527, 1840, 266, 2783, 2066, 9059, 7105, 9103, 385, 7044, 1895, 6719, 9923, 3400, 7107, 9735, 687, 5700, 9465, 5833, 1012, 8102, 8267, 1898, 4477, 1049, 988, 5582, 7941, 3202, 7003, 5709, 9874, 6349, 1830, 7318, 5084, 6774, 5925, 6387, 4574, 2981, 898, 1339, 9360, 9622, 9978, 8722, 9801, 1926, 3789, 7959, 1251, 7210, 8480, 5900, 61, 3321, 3728, 6227, 3236, 254, 6596, 3957, 8200, 6138, 1708, 1058, 6729, 6543, 4140, 9823, 68, 5730, 3840, 9528, 796, 912, 3342, 2716, 8700, 1491, 8576, 3327, 9851, 8886, 6125, 6085, 2955, 6195, 2111, 8384, 6912, 3218, 2187, 8212, 2444, 195, 5030, 2151, 9302, 8558, 8666, 6970, 6985, 6715, 4291, 8898, 866, 2320, 7717, 3905, 5871, 6243, 2769, 697, 7989, 3459, 1019, 52, 7186, 1612, 3995, 3115, 9277, 9184, 9237, 1741, 9819, 9273, 606, 9563, 8254, 3363, 5680, 8428, 3806, 7401, 3752, 607, 2085, 4287, 1673, 8632, 2923, 357, 1181, 8741, 5056, 7173, 755, 1137, 7489, 5628, 4304, 1109, 4749, 6190, 2950, 1886, 7558, 2181, 7449, 2120, 7054, 4906, 4849, 4503, 6942, 7262, 7231, 5154, 10, 8219, 2248, 176, 2940, 8840, 8476, 1088, 5387, 5529, 7744, 5607, 2565, 3416, 1297, 4423, 5461, 3923, 4682, 7569, 4312, 8580, 4019, 993, 5060, 2987, 303, 5385, 9704, 1279, 3517, 1040, 1501, 7177, 1924, 7398, 3942, 5146, 9933, 4354, 3489, 6292, 8231, 162, 819, 2039, 4820, 3085, 3741, 4637, 7133, 6821, 9790, 7145, 9625, 7344, 128, 5565, 547, 9415, 8972, 5309, 6993, 8189, 5273, 9253, 8514, 9035, 4307, 6958, 1867, 7004, 7360, 86, 1885, 8491, 5162, 818, 9949, 6439, 5849, 2178, 7813, 1693, 3053, 5342, 8346, 3601, 2363, 6962, 1812, 3439, 2957, 8977, 8420, 3031, 1823, 1105, 4776, 3242, 845, 8275, 5578, 2023, 8271, 1035, 5890, 8363, 3355, 8657, 4894, 4826, 1474, 7952, 2173, 2930, 6008, 119, 3896, 4281, 5074]
[3171, 2650, 8626, 4210, 4823, 725, 3779, 1527, 1840, 266, 2783, 2066, 9059, 7105, 9103, 385, 7044, 1895, 6719, 9923, 3400, 7107, 9735, 687, 5700, 9465, 5833, 1012, 8102, 8267, 1898, 4477, 1049, 988, 5582, 7941, 3202, 7003, 5709, 9874, 6349, 1830, 7318, 5084, 6774, 5925, 6387, 4574, 2981, 898, 1339, 9360, 9622, 9978, 8722, 9801, 1926, 3789, 7959, 1251, 7210, 8480, 5900, 61, 3321, 3728, 6227, 3236, 254, 6596, 3957, 8200, 6138, 1708, 1058, 6729, 6543, 4140, 9823, 68, 5730, 3840, 9528, 796, 912, 3342, 2716, 8700, 1491, 8576, 3327, 9851, 8886, 6125, 6085, 2955, 6195, 2111, 8384, 6912, 3218, 2187, 8212, 2444, 195, 5030, 2151, 9302, 8558, 8666, 6970, 6985, 6715, 4291, 8898, 866, 2320, 7717, 3905, 5871, 6243, 2769, 697, 7989, 3459, 1019, 52, 7186, 1612, 3995, 3115, 9277, 9184, 9237, 1741, 9819, 9273, 606, 9563, 8254, 3363, 5680, 8428, 3806, 7401, 3752, 607, 2085, 4287, 1673, 8632, 2923, 357, 1181, 8741, 5056, 7173, 755, 1137, 7489, 5628, 4304, 1109, 4749, 6190, 2950, 1886, 7558, 2181, 7449, 2120, 7054, 4906, 4849, 4503, 6942, 7262, 7231, 5154, 10, 8219, 2248, 176, 2940, 8840, 8476, 1088, 5387, 5529, 7744, 5607, 2565, 3416, 1297, 4423, 5461, 3923, 4682, 7569, 4312, 8580, 4019, 993, 5060, 2987, 303, 5385, 9704, 1279, 3517, 1040, 1501, 7177, 1924, 7398, 3942, 5146, 9933, 4354, 3489, 6292, 8231, 162, 819, 2039, 4820, 3085, 3741, 4637, 7133, 6821, 9790, 7145, 9625, 7344, 128, 5565, 547, 9415, 8972, 5309, 6993, 8189, 5273, 9253, 8514, 9035, 4307, 6958, 1867, 7004, 7360, 86, 1885, 8491, 5162, 818, 9949, 6439, 5849, 2178, 7813, 1693, 3053, 5342, 8346, 3601, 2363, 6962, 1812, 3439, 2957, 8977, 8420, 3031, 1823, 1105, 4776, 3242, 845, 8275, 5578, 2023, 8271, 1035, 5890, 8363, 3355, 8657, 4894, 4826, 1474, 7952, 2173, 2930, 6008, 119, 3896, 4281, 5074]
[3171, 2650, 8626, 4210, 4823, 725, 3779, 1527, 1840, 266, 2783, 2066, 9059, 7105, 9103, 385, 7044, 1895, 6719, 9923, 3400, 7107, 9735, 687, 5700, 9465, 5833, 1012, 8102, 8267, 1898, 4477, 1049, 988, 5582, 7941, 3202, 7003, 5709, 9874, 6349, 1830, 7318, 5084, 6774, 5925, 6387, 4574, 2981, 898, 1339, 9360, 9622, 9978, 8722, 9801, 1926, 3789, 7959, 1251, 7210, 8480, 5900, 61, 3321, 3728, 6227, 3236, 254, 6596, 3957, 8200, 6138, 1708, 1058, 6729, 6543, 4140, 9823, 68, 5730, 3840, 9528, 796, 912, 3342, 2716, 8700, 1491, 8576, 3327, 9851, 8886, 6125, 6085, 2955, 6195, 2111, 8384, 6912, 3218, 2187, 8212, 2444, 195, 5030, 2151, 9302, 8558, 8666, 6970, 6985, 6715, 4291, 8898, 866, 2320, 7717, 3905, 5871, 6243, 2769, 697, 7989, 3459, 1019, 52, 7186, 1612, 3995, 3115, 9277, 9184, 9237, 1741, 9819, 9273, 606, 9563, 8254, 3363, 5680, 8428, 3806, 7401, 3752, 607, 2085, 4287, 1673, 8632, 2923, 357, 1181, 8741, 5056, 7173, 755, 1137, 7489, 5628, 4304, 1109, 4749, 6190, 2950, 1886, 7558, 2181, 7449, 2120, 7054, 4906, 4849, 4503, 6942, 7262, 7231, 5154, 10, 8219, 2248, 176, 2940, 8840, 8476, 1088, 5387, 5529, 7744, 5607, 2565, 3416, 1297, 4423, 5461, 3923, 4682, 7569, 4312, 8580, 4019, 993, 5060, 2987, 303, 5385, 9704, 1279, 3517, 1040, 1501, 7177, 1924, 7398, 3942, 5146, 9933, 4354, 3489, 6292, 8231, 162, 819, 2039, 4820, 3085, 3741, 4637, 7133, 6821, 9790, 7145, 9625, 7344, 128, 5565, 547, 9415, 8972, 5309, 6993, 8189, 5273, 9253, 8514, 9035, 4307, 6958, 1867, 7004, 7360, 86, 1885, 8491, 5162, 818, 9949, 6439, 5849, 2178, 7813, 1693, 3053, 5342, 8346, 3601, 2363, 6962, 1812, 3439, 2957, 8977, 8420, 3031, 1823, 1105, 4776, 3242, 845, 8275, 5578, 2023, 8271, 1035, 5890, 8363, 3355, 8657, 4894, 4826, 1474, 7952, 2173, 2930, 6008, 119, 3896, 4281, 5074]
