Fault List:
125
125
125
125
125
125
125
125
125
125
125
125
125
125
125
125
125
125
125
125
125
125
125
125
125
125
125
125
125
125
FDR List:
0.6684491978609626
0.6684491978609626
0.6684491978609626
0.6684491978609626
0.6684491978609626
0.6684491978609626
0.6684491978609626
0.6684491978609626
0.6684491978609626
0.6684491978609626
0.6684491978609626
0.6684491978609626
0.6684491978609626
0.6684491978609626
0.6684491978609626
0.6684491978609626
0.6684491978609626
0.6684491978609626
0.6684491978609626
0.6684491978609626
0.6684491978609626
0.6684491978609626
0.6684491978609626
0.6684491978609626
0.6684491978609626
0.6684491978609626
0.6684491978609626
0.6684491978609626
0.6684491978609626
0.6684491978609626
Time List:
6.780149936676025
6.985454797744751
5.963937997817993
5.939191102981567
5.949933767318726
7.818565845489502
7.38628625869751
7.524349927902222
7.266077995300293
6.595362186431885
8.941149950027466
6.812935829162598
7.044084787368774
6.392704010009766
6.223775148391724
6.789663076400757
16.341161966323853
10.535147190093994
11.126585721969604
7.746517896652222
6.45035195350647
8.012396097183228
13.39104700088501
10.17299509048462
7.187209844589233
6.4655022621154785
6.901397943496704
13.701832056045532
10.31364393234253
6.146929025650024
Subset List:
[5573, 7568, 7524, 4210, 4823, 6157, 1439, 1527, 1279, 266, 1051, 8861, 9059, 6839, 863, 3942, 7044, 9093, 6719, 9923, 3400, 8231, 9735, 180, 5700, 7242, 5009, 9385, 4963, 4369, 6821, 4477, 5206, 9243, 5582, 7941, 7958, 547, 245, 7415, 3587, 1304, 8189, 7625, 9253, 9911, 474, 4307, 9839, 2629, 7004, 9857, 4051, 7841, 2327, 5162, 4660, 3789, 7959, 3297, 6854, 4798, 5900, 3320, 3321, 1193, 7760, 2363, 8370, 4606, 434, 7580, 6138, 8420, 3031, 9750, 7638, 6746, 9823, 845, 6126, 3840, 4096, 8271, 1035, 5890, 7723, 7617, 8286, 4894, 6344, 9851, 692, 9329, 5837, 2955, 6195, 6029, 8542, 6912, 3218, 6653, 5134, 1636, 195, 279, 2151, 5714, 1840, 8666, 6970, 2066, 6715, 3819, 9103, 866, 232, 7717, 3905, 5871, 6243, 2769, 9809, 7989, 3459, 9465, 1605, 7186, 769, 2236, 734, 226, 1049, 9237, 8046, 3228, 1683, 606, 9563, 8254, 6349, 9497, 8428, 3806, 6035, 3752, 6387, 1479, 8566, 898, 8632, 2923, 357, 1181, 7609, 5056, 1926, 2701, 3075, 1251, 7210, 7246, 9010, 4749, 6190, 7275, 3164, 6299, 2521, 6596, 2120, 4986, 4906, 3107, 8336, 9246, 7262, 7509, 5154, 68, 8145, 3913, 4058, 2940, 8840, 9620, 2716, 8700, 4985, 7744, 5607, 1975, 3416, 797, 5147, 5461, 2193, 2111, 7569, 8399, 563, 2187, 993, 8501, 4097, 5298, 6670, 9704, 8558, 1236, 6500, 598, 3463, 1230, 7398, 9298, 2126, 9933, 941, 3489, 2737, 1620, 697, 4020, 7497, 4820, 52, 3741, 2840, 87, 1094, 9790, 6703, 2017, 7344, 4282, 4765, 1690, 9415, 8972, 5917, 5680, 1813, 5273, 7401, 8514, 3716, 2085, 6958, 4871, 3180, 7360, 86, 1885, 8741, 4720, 7173, 9949, 189, 1715, 3319, 4313, 1693, 4223, 8066, 2950, 3601, 7558, 2181, 5532, 3439, 2957, 430, 4849, 1572, 6942, 1105, 6160, 1043, 1983, 8275, 5578, 7108, 5338, 5703, 717, 8363, 3355, 8657, 5274, 6532, 1944, 7952, 1308, 4423, 6008, 119, 5119, 4281, 5074, 8580, 3901, 3275, 4474, 8497, 5424, 5385, 1905, 1334, 2535, 3442, 1501, 7128, 7105, 5219, 3631, 3349, 8817, 3711, 1450, 7419, 6283, 162, 687, 2039, 9604, 3097, 1012, 4637, 7133, 6320, 7456, 2988, 6443, 9418, 3996, 3202, 7003, 5324, 1167, 5309, 1830, 7318, 5084, 6774, 1203, 3458, 4574, 7893, 6845, 1339, 4539, 1941, 3883, 275, 2067, 5116, 727, 2386, 5849, 367, 2898, 115, 3594, 2581, 3728, 6227, 6922, 6962, 5843, 3957, 323, 8872, 1708, 2359, 6729, 7202, 4140, 4646, 2506, 9522, 5205, 9254, 7687, 1513, 5774, 58, 5183, 5813, 678, 3327, 1474, 4562, 6125, 6085, 1080, 3253, 3896, 2024, 943, 4476, 4546, 9755, 8956, 5179, 5030, 5128, 5654, 7637, 2271, 2262, 7596, 3508, 4291, 5558, 1433, 2320, 8166, 3461, 8545, 5302, 355, 7182, 1788, 8562, 2948, 2300, 3298, 1612, 3995, 3115, 2316, 4643, 3283, 2524, 9819, 9273, 6913, 7969, 9794, 7314, 3346, 5919, 9969, 1238, 1299, 607, 6856, 4287, 7802, 3035, 924, 1738, 3773, 3715, 1007, 9708, 4565, 2643, 8602, 5628, 4304, 1109, 5006, 2205, 2854, 1886, 2651, 271, 25, 1739, 7054, 617, 4933, 184, 2684, 2782, 2859, 5185, 10, 8219, 8095, 176, 4453, 3216, 8708, 1088, 3186, 5529, 5410, 1398, 4306, 1147, 5330, 8721, 3761, 7734, 4682, 4547, 1767]
[5573, 7568, 7524, 4210, 4823, 6157, 1439, 1527, 1279, 266, 1051, 8861, 9059, 6839, 863, 3942, 7044, 9093, 6719, 9923, 3400, 8231, 9735, 180, 5700, 7242, 5009, 9385, 4963, 4369, 6821, 4477, 5206, 9243, 5582, 7941, 7958, 547, 245, 7415, 3587, 1304, 8189, 7625, 9253, 9911, 474, 4307, 9839, 2629, 7004, 9857, 4051, 7841, 2327, 5162, 4660, 3789, 7959, 3297, 6854, 4798, 5900, 3320, 3321, 1193, 7760, 2363, 8370, 4606, 434, 7580, 6138, 8420, 3031, 9750, 7638, 6746, 9823, 845, 6126, 3840, 4096, 8271, 1035, 5890, 7723, 7617, 8286, 4894, 6344, 9851, 692, 9329, 5837, 2955, 6195, 6029, 8542, 6912, 3218, 6653, 5134, 1636, 195, 279, 2151, 5714, 1840, 8666, 6970, 2066, 6715, 3819, 9103, 866, 232, 7717, 3905, 5871, 6243, 2769, 9809, 7989, 3459, 9465, 1605, 7186, 769, 2236, 734, 226, 1049, 9237, 8046, 3228, 1683, 606, 9563, 8254, 6349, 9497, 8428, 3806, 6035, 3752, 6387, 1479, 8566, 898, 8632, 2923, 357, 1181, 7609, 5056, 1926, 2701, 3075, 1251, 7210, 7246, 9010, 4749, 6190, 7275, 3164, 6299, 2521, 6596, 2120, 4986, 4906, 3107, 8336, 9246, 7262, 7509, 5154, 68, 8145, 3913, 4058, 2940, 8840, 9620, 2716, 8700, 4985, 7744, 5607, 1975, 3416, 797, 5147, 5461, 2193, 2111, 7569, 8399, 563, 2187, 993, 8501, 4097, 5298, 6670, 9704, 8558, 1236, 6500, 598, 3463, 1230, 7398, 9298, 2126, 9933, 941, 3489, 2737, 1620, 697, 4020, 7497, 4820, 52, 3741, 2840, 87, 1094, 9790, 6703, 2017, 7344, 4282, 4765, 1690, 9415, 8972, 5917, 5680, 1813, 5273, 7401, 8514, 3716, 2085, 6958, 4871, 3180, 7360, 86, 1885, 8741, 4720, 7173, 9949, 189, 1715, 3319, 4313, 1693, 4223, 8066, 2950, 3601, 7558, 2181, 5532, 3439, 2957, 430, 4849, 1572, 6942, 1105, 6160, 1043, 1983, 8275, 5578, 7108, 5338, 5703, 717, 8363, 3355, 8657, 5274, 6532, 1944, 7952, 1308, 4423, 6008, 119, 5119, 4281, 5074, 8580, 3901, 3275, 4474, 8497, 5424, 5385, 1905, 1334, 2535, 3442, 1501, 7128, 7105, 5219, 3631, 3349, 8817, 3711, 1450, 7419, 6283, 162, 687, 2039, 9604, 3097, 1012, 4637, 7133, 6320, 7456, 2988, 6443, 9418, 3996, 3202, 7003, 5324, 1167, 5309, 1830, 7318, 5084, 6774, 1203, 3458, 4574, 7893, 6845, 1339, 4539, 1941, 3883, 275, 2067, 5116, 727, 2386, 5849, 367, 2898, 115, 3594, 2581, 3728, 6227, 6922, 6962, 5843, 3957, 323, 8872, 1708, 2359, 6729, 7202, 4140, 4646, 2506, 9522, 5205, 9254, 7687, 1513, 5774, 58, 5183, 5813, 678, 3327, 1474, 4562, 6125, 6085, 1080, 3253, 3896, 2024, 943, 4476, 4546, 9755, 8956, 5179, 5030, 5128, 5654, 7637, 2271, 2262, 7596, 3508, 4291, 5558, 1433, 2320, 8166, 3461, 8545, 5302, 355, 7182, 1788, 8562, 2948, 2300, 3298, 1612, 3995, 3115, 2316, 4643, 3283, 2524, 9819, 9273, 6913, 7969, 9794, 7314, 3346, 5919, 9969, 1238, 1299, 607, 6856, 4287, 7802, 3035, 924, 1738, 3773, 3715, 1007, 9708, 4565, 2643, 8602, 5628, 4304, 1109, 5006, 2205, 2854, 1886, 2651, 271, 25, 1739, 7054, 617, 4933, 184, 2684, 2782, 2859, 5185, 10, 8219, 8095, 176, 4453, 3216, 8708, 1088, 3186, 5529, 5410, 1398, 4306, 1147, 5330, 8721, 3761, 7734, 4682, 4547, 1767]
[5573, 7568, 7524, 4210, 4823, 6157, 1439, 1527, 1279, 266, 1051, 8861, 9059, 6839, 863, 3942, 7044, 9093, 6719, 9923, 3400, 8231, 9735, 180, 5700, 7242, 5009, 9385, 4963, 4369, 6821, 4477, 5206, 9243, 5582, 7941, 7958, 547, 245, 7415, 3587, 1304, 8189, 7625, 9253, 9911, 474, 4307, 9839, 2629, 7004, 9857, 4051, 7841, 2327, 5162, 4660, 3789, 7959, 3297, 6854, 4798, 5900, 3320, 3321, 1193, 7760, 2363, 8370, 4606, 434, 7580, 6138, 8420, 3031, 9750, 7638, 6746, 9823, 845, 6126, 3840, 4096, 8271, 1035, 5890, 7723, 7617, 8286, 4894, 6344, 9851, 692, 9329, 5837, 2955, 6195, 6029, 8542, 6912, 3218, 6653, 5134, 1636, 195, 279, 2151, 5714, 1840, 8666, 6970, 2066, 6715, 3819, 9103, 866, 232, 7717, 3905, 5871, 6243, 2769, 9809, 7989, 3459, 9465, 1605, 7186, 769, 2236, 734, 226, 1049, 9237, 8046, 3228, 1683, 606, 9563, 8254, 6349, 9497, 8428, 3806, 6035, 3752, 6387, 1479, 8566, 898, 8632, 2923, 357, 1181, 7609, 5056, 1926, 2701, 3075, 1251, 7210, 7246, 9010, 4749, 6190, 7275, 3164, 6299, 2521, 6596, 2120, 4986, 4906, 3107, 8336, 9246, 7262, 7509, 5154, 68, 8145, 3913, 4058, 2940, 8840, 9620, 2716, 8700, 4985, 7744, 5607, 1975, 3416, 797, 5147, 5461, 2193, 2111, 7569, 8399, 563, 2187, 993, 8501, 4097, 5298, 6670, 9704, 8558, 1236, 6500, 598, 3463, 1230, 7398, 9298, 2126, 9933, 941, 3489, 2737, 1620, 697, 4020, 7497, 4820, 52, 3741, 2840, 87, 1094, 9790, 6703, 2017, 7344, 4282, 4765, 1690, 9415, 8972, 5917, 5680, 1813, 5273, 7401, 8514, 3716, 2085, 6958, 4871, 3180, 7360, 86, 1885, 8741, 4720, 7173, 9949, 189, 1715, 3319, 4313, 1693, 4223, 8066, 2950, 3601, 7558, 2181, 5532, 3439, 2957, 430, 4849, 1572, 6942, 1105, 6160, 1043, 1983, 8275, 5578, 7108, 5338, 5703, 717, 8363, 3355, 8657, 5274, 6532, 1944, 7952, 1308, 4423, 6008, 119, 5119, 4281, 5074, 8580, 3901, 3275, 4474, 8497, 5424, 5385, 1905, 1334, 2535, 3442, 1501, 7128, 7105, 5219, 3631, 3349, 8817, 3711, 1450, 7419, 6283, 162, 687, 2039, 9604, 3097, 1012, 4637, 7133, 6320, 7456, 2988, 6443, 9418, 3996, 3202, 7003, 5324, 1167, 5309, 1830, 7318, 5084, 6774, 1203, 3458, 4574, 7893, 6845, 1339, 4539, 1941, 3883, 275, 2067, 5116, 727, 2386, 5849, 367, 2898, 115, 3594, 2581, 3728, 6227, 6922, 6962, 5843, 3957, 323, 8872, 1708, 2359, 6729, 7202, 4140, 4646, 2506, 9522, 5205, 9254, 7687, 1513, 5774, 58, 5183, 5813, 678, 3327, 1474, 4562, 6125, 6085, 1080, 3253, 3896, 2024, 943, 4476, 4546, 9755, 8956, 5179, 5030, 5128, 5654, 7637, 2271, 2262, 7596, 3508, 4291, 5558, 1433, 2320, 8166, 3461, 8545, 5302, 355, 7182, 1788, 8562, 2948, 2300, 3298, 1612, 3995, 3115, 2316, 4643, 3283, 2524, 9819, 9273, 6913, 7969, 9794, 7314, 3346, 5919, 9969, 1238, 1299, 607, 6856, 4287, 7802, 3035, 924, 1738, 3773, 3715, 1007, 9708, 4565, 2643, 8602, 5628, 4304, 1109, 5006, 2205, 2854, 1886, 2651, 271, 25, 1739, 7054, 617, 4933, 184, 2684, 2782, 2859, 5185, 10, 8219, 8095, 176, 4453, 3216, 8708, 1088, 3186, 5529, 5410, 1398, 4306, 1147, 5330, 8721, 3761, 7734, 4682, 4547, 1767]
[5573, 7568, 7524, 4210, 4823, 6157, 1439, 1527, 1279, 266, 1051, 8861, 9059, 6839, 863, 3942, 7044, 9093, 6719, 9923, 3400, 8231, 9735, 180, 5700, 7242, 5009, 9385, 4963, 4369, 6821, 4477, 5206, 9243, 5582, 7941, 7958, 547, 245, 7415, 3587, 1304, 8189, 7625, 9253, 9911, 474, 4307, 9839, 2629, 7004, 9857, 4051, 7841, 2327, 5162, 4660, 3789, 7959, 3297, 6854, 4798, 5900, 3320, 3321, 1193, 7760, 2363, 8370, 4606, 434, 7580, 6138, 8420, 3031, 9750, 7638, 6746, 9823, 845, 6126, 3840, 4096, 8271, 1035, 5890, 7723, 7617, 8286, 4894, 6344, 9851, 692, 9329, 5837, 2955, 6195, 6029, 8542, 6912, 3218, 6653, 5134, 1636, 195, 279, 2151, 5714, 1840, 8666, 6970, 2066, 6715, 3819, 9103, 866, 232, 7717, 3905, 5871, 6243, 2769, 9809, 7989, 3459, 9465, 1605, 7186, 769, 2236, 734, 226, 1049, 9237, 8046, 3228, 1683, 606, 9563, 8254, 6349, 9497, 8428, 3806, 6035, 3752, 6387, 1479, 8566, 898, 8632, 2923, 357, 1181, 7609, 5056, 1926, 2701, 3075, 1251, 7210, 7246, 9010, 4749, 6190, 7275, 3164, 6299, 2521, 6596, 2120, 4986, 4906, 3107, 8336, 9246, 7262, 7509, 5154, 68, 8145, 3913, 4058, 2940, 8840, 9620, 2716, 8700, 4985, 7744, 5607, 1975, 3416, 797, 5147, 5461, 2193, 2111, 7569, 8399, 563, 2187, 993, 8501, 4097, 5298, 6670, 9704, 8558, 1236, 6500, 598, 3463, 1230, 7398, 9298, 2126, 9933, 941, 3489, 2737, 1620, 697, 4020, 7497, 4820, 52, 3741, 2840, 87, 1094, 9790, 6703, 2017, 7344, 4282, 4765, 1690, 9415, 8972, 5917, 5680, 1813, 5273, 7401, 8514, 3716, 2085, 6958, 4871, 3180, 7360, 86, 1885, 8741, 4720, 7173, 9949, 189, 1715, 3319, 4313, 1693, 4223, 8066, 2950, 3601, 7558, 2181, 5532, 3439, 2957, 430, 4849, 1572, 6942, 1105, 6160, 1043, 1983, 8275, 5578, 7108, 5338, 5703, 717, 8363, 3355, 8657, 5274, 6532, 1944, 7952, 1308, 4423, 6008, 119, 5119, 4281, 5074, 8580, 3901, 3275, 4474, 8497, 5424, 5385, 1905, 1334, 2535, 3442, 1501, 7128, 7105, 5219, 3631, 3349, 8817, 3711, 1450, 7419, 6283, 162, 687, 2039, 9604, 3097, 1012, 4637, 7133, 6320, 7456, 2988, 6443, 9418, 3996, 3202, 7003, 5324, 1167, 5309, 1830, 7318, 5084, 6774, 1203, 3458, 4574, 7893, 6845, 1339, 4539, 1941, 3883, 275, 2067, 5116, 727, 2386, 5849, 367, 2898, 115, 3594, 2581, 3728, 6227, 6922, 6962, 5843, 3957, 323, 8872, 1708, 2359, 6729, 7202, 4140, 4646, 2506, 9522, 5205, 9254, 7687, 1513, 5774, 58, 5183, 5813, 678, 3327, 1474, 4562, 6125, 6085, 1080, 3253, 3896, 2024, 943, 4476, 4546, 9755, 8956, 5179, 5030, 5128, 5654, 7637, 2271, 2262, 7596, 3508, 4291, 5558, 1433, 2320, 8166, 3461, 8545, 5302, 355, 7182, 1788, 8562, 2948, 2300, 3298, 1612, 3995, 3115, 2316, 4643, 3283, 2524, 9819, 9273, 6913, 7969, 9794, 7314, 3346, 5919, 9969, 1238, 1299, 607, 6856, 4287, 7802, 3035, 924, 1738, 3773, 3715, 1007, 9708, 4565, 2643, 8602, 5628, 4304, 1109, 5006, 2205, 2854, 1886, 2651, 271, 25, 1739, 7054, 617, 4933, 184, 2684, 2782, 2859, 5185, 10, 8219, 8095, 176, 4453, 3216, 8708, 1088, 3186, 5529, 5410, 1398, 4306, 1147, 5330, 8721, 3761, 7734, 4682, 4547, 1767]
[5573, 7568, 7524, 4210, 4823, 6157, 1439, 1527, 1279, 266, 1051, 8861, 9059, 6839, 863, 3942, 7044, 9093, 6719, 9923, 3400, 8231, 9735, 180, 5700, 7242, 5009, 9385, 4963, 4369, 6821, 4477, 5206, 9243, 5582, 7941, 7958, 547, 245, 7415, 3587, 1304, 8189, 7625, 9253, 9911, 474, 4307, 9839, 2629, 7004, 9857, 4051, 7841, 2327, 5162, 4660, 3789, 7959, 3297, 6854, 4798, 5900, 3320, 3321, 1193, 7760, 2363, 8370, 4606, 434, 7580, 6138, 8420, 3031, 9750, 7638, 6746, 9823, 845, 6126, 3840, 4096, 8271, 1035, 5890, 7723, 7617, 8286, 4894, 6344, 9851, 692, 9329, 5837, 2955, 6195, 6029, 8542, 6912, 3218, 6653, 5134, 1636, 195, 279, 2151, 5714, 1840, 8666, 6970, 2066, 6715, 3819, 9103, 866, 232, 7717, 3905, 5871, 6243, 2769, 9809, 7989, 3459, 9465, 1605, 7186, 769, 2236, 734, 226, 1049, 9237, 8046, 3228, 1683, 606, 9563, 8254, 6349, 9497, 8428, 3806, 6035, 3752, 6387, 1479, 8566, 898, 8632, 2923, 357, 1181, 7609, 5056, 1926, 2701, 3075, 1251, 7210, 7246, 9010, 4749, 6190, 7275, 3164, 6299, 2521, 6596, 2120, 4986, 4906, 3107, 8336, 9246, 7262, 7509, 5154, 68, 8145, 3913, 4058, 2940, 8840, 9620, 2716, 8700, 4985, 7744, 5607, 1975, 3416, 797, 5147, 5461, 2193, 2111, 7569, 8399, 563, 2187, 993, 8501, 4097, 5298, 6670, 9704, 8558, 1236, 6500, 598, 3463, 1230, 7398, 9298, 2126, 9933, 941, 3489, 2737, 1620, 697, 4020, 7497, 4820, 52, 3741, 2840, 87, 1094, 9790, 6703, 2017, 7344, 4282, 4765, 1690, 9415, 8972, 5917, 5680, 1813, 5273, 7401, 8514, 3716, 2085, 6958, 4871, 3180, 7360, 86, 1885, 8741, 4720, 7173, 9949, 189, 1715, 3319, 4313, 1693, 4223, 8066, 2950, 3601, 7558, 2181, 5532, 3439, 2957, 430, 4849, 1572, 6942, 1105, 6160, 1043, 1983, 8275, 5578, 7108, 5338, 5703, 717, 8363, 3355, 8657, 5274, 6532, 1944, 7952, 1308, 4423, 6008, 119, 5119, 4281, 5074, 8580, 3901, 3275, 4474, 8497, 5424, 5385, 1905, 1334, 2535, 3442, 1501, 7128, 7105, 5219, 3631, 3349, 8817, 3711, 1450, 7419, 6283, 162, 687, 2039, 9604, 3097, 1012, 4637, 7133, 6320, 7456, 2988, 6443, 9418, 3996, 3202, 7003, 5324, 1167, 5309, 1830, 7318, 5084, 6774, 1203, 3458, 4574, 7893, 6845, 1339, 4539, 1941, 3883, 275, 2067, 5116, 727, 2386, 5849, 367, 2898, 115, 3594, 2581, 3728, 6227, 6922, 6962, 5843, 3957, 323, 8872, 1708, 2359, 6729, 7202, 4140, 4646, 2506, 9522, 5205, 9254, 7687, 1513, 5774, 58, 5183, 5813, 678, 3327, 1474, 4562, 6125, 6085, 1080, 3253, 3896, 2024, 943, 4476, 4546, 9755, 8956, 5179, 5030, 5128, 5654, 7637, 2271, 2262, 7596, 3508, 4291, 5558, 1433, 2320, 8166, 3461, 8545, 5302, 355, 7182, 1788, 8562, 2948, 2300, 3298, 1612, 3995, 3115, 2316, 4643, 3283, 2524, 9819, 9273, 6913, 7969, 9794, 7314, 3346, 5919, 9969, 1238, 1299, 607, 6856, 4287, 7802, 3035, 924, 1738, 3773, 3715, 1007, 9708, 4565, 2643, 8602, 5628, 4304, 1109, 5006, 2205, 2854, 1886, 2651, 271, 25, 1739, 7054, 617, 4933, 184, 2684, 2782, 2859, 5185, 10, 8219, 8095, 176, 4453, 3216, 8708, 1088, 3186, 5529, 5410, 1398, 4306, 1147, 5330, 8721, 3761, 7734, 4682, 4547, 1767]
[5573, 7568, 7524, 4210, 4823, 6157, 1439, 1527, 1279, 266, 1051, 8861, 9059, 6839, 863, 3942, 7044, 9093, 6719, 9923, 3400, 8231, 9735, 180, 5700, 7242, 5009, 9385, 4963, 4369, 6821, 4477, 5206, 9243, 5582, 7941, 7958, 547, 245, 7415, 3587, 1304, 8189, 7625, 9253, 9911, 474, 4307, 9839, 2629, 7004, 9857, 4051, 7841, 2327, 5162, 4660, 3789, 7959, 3297, 6854, 4798, 5900, 3320, 3321, 1193, 7760, 2363, 8370, 4606, 434, 7580, 6138, 8420, 3031, 9750, 7638, 6746, 9823, 845, 6126, 3840, 4096, 8271, 1035, 5890, 7723, 7617, 8286, 4894, 6344, 9851, 692, 9329, 5837, 2955, 6195, 6029, 8542, 6912, 3218, 6653, 5134, 1636, 195, 279, 2151, 5714, 1840, 8666, 6970, 2066, 6715, 3819, 9103, 866, 232, 7717, 3905, 5871, 6243, 2769, 9809, 7989, 3459, 9465, 1605, 7186, 769, 2236, 734, 226, 1049, 9237, 8046, 3228, 1683, 606, 9563, 8254, 6349, 9497, 8428, 3806, 6035, 3752, 6387, 1479, 8566, 898, 8632, 2923, 357, 1181, 7609, 5056, 1926, 2701, 3075, 1251, 7210, 7246, 9010, 4749, 6190, 7275, 3164, 6299, 2521, 6596, 2120, 4986, 4906, 3107, 8336, 9246, 7262, 7509, 5154, 68, 8145, 3913, 4058, 2940, 8840, 9620, 2716, 8700, 4985, 7744, 5607, 1975, 3416, 797, 5147, 5461, 2193, 2111, 7569, 8399, 563, 2187, 993, 8501, 4097, 5298, 6670, 9704, 8558, 1236, 6500, 598, 3463, 1230, 7398, 9298, 2126, 9933, 941, 3489, 2737, 1620, 697, 4020, 7497, 4820, 52, 3741, 2840, 87, 1094, 9790, 6703, 2017, 7344, 4282, 4765, 1690, 9415, 8972, 5917, 5680, 1813, 5273, 7401, 8514, 3716, 2085, 6958, 4871, 3180, 7360, 86, 1885, 8741, 4720, 7173, 9949, 189, 1715, 3319, 4313, 1693, 4223, 8066, 2950, 3601, 7558, 2181, 5532, 3439, 2957, 430, 4849, 1572, 6942, 1105, 6160, 1043, 1983, 8275, 5578, 7108, 5338, 5703, 717, 8363, 3355, 8657, 5274, 6532, 1944, 7952, 1308, 4423, 6008, 119, 5119, 4281, 5074, 8580, 3901, 3275, 4474, 8497, 5424, 5385, 1905, 1334, 2535, 3442, 1501, 7128, 7105, 5219, 3631, 3349, 8817, 3711, 1450, 7419, 6283, 162, 687, 2039, 9604, 3097, 1012, 4637, 7133, 6320, 7456, 2988, 6443, 9418, 3996, 3202, 7003, 5324, 1167, 5309, 1830, 7318, 5084, 6774, 1203, 3458, 4574, 7893, 6845, 1339, 4539, 1941, 3883, 275, 2067, 5116, 727, 2386, 5849, 367, 2898, 115, 3594, 2581, 3728, 6227, 6922, 6962, 5843, 3957, 323, 8872, 1708, 2359, 6729, 7202, 4140, 4646, 2506, 9522, 5205, 9254, 7687, 1513, 5774, 58, 5183, 5813, 678, 3327, 1474, 4562, 6125, 6085, 1080, 3253, 3896, 2024, 943, 4476, 4546, 9755, 8956, 5179, 5030, 5128, 5654, 7637, 2271, 2262, 7596, 3508, 4291, 5558, 1433, 2320, 8166, 3461, 8545, 5302, 355, 7182, 1788, 8562, 2948, 2300, 3298, 1612, 3995, 3115, 2316, 4643, 3283, 2524, 9819, 9273, 6913, 7969, 9794, 7314, 3346, 5919, 9969, 1238, 1299, 607, 6856, 4287, 7802, 3035, 924, 1738, 3773, 3715, 1007, 9708, 4565, 2643, 8602, 5628, 4304, 1109, 5006, 2205, 2854, 1886, 2651, 271, 25, 1739, 7054, 617, 4933, 184, 2684, 2782, 2859, 5185, 10, 8219, 8095, 176, 4453, 3216, 8708, 1088, 3186, 5529, 5410, 1398, 4306, 1147, 5330, 8721, 3761, 7734, 4682, 4547, 1767]
[5573, 7568, 7524, 4210, 4823, 6157, 1439, 1527, 1279, 266, 1051, 8861, 9059, 6839, 863, 3942, 7044, 9093, 6719, 9923, 3400, 8231, 9735, 180, 5700, 7242, 5009, 9385, 4963, 4369, 6821, 4477, 5206, 9243, 5582, 7941, 7958, 547, 245, 7415, 3587, 1304, 8189, 7625, 9253, 9911, 474, 4307, 9839, 2629, 7004, 9857, 4051, 7841, 2327, 5162, 4660, 3789, 7959, 3297, 6854, 4798, 5900, 3320, 3321, 1193, 7760, 2363, 8370, 4606, 434, 7580, 6138, 8420, 3031, 9750, 7638, 6746, 9823, 845, 6126, 3840, 4096, 8271, 1035, 5890, 7723, 7617, 8286, 4894, 6344, 9851, 692, 9329, 5837, 2955, 6195, 6029, 8542, 6912, 3218, 6653, 5134, 1636, 195, 279, 2151, 5714, 1840, 8666, 6970, 2066, 6715, 3819, 9103, 866, 232, 7717, 3905, 5871, 6243, 2769, 9809, 7989, 3459, 9465, 1605, 7186, 769, 2236, 734, 226, 1049, 9237, 8046, 3228, 1683, 606, 9563, 8254, 6349, 9497, 8428, 3806, 6035, 3752, 6387, 1479, 8566, 898, 8632, 2923, 357, 1181, 7609, 5056, 1926, 2701, 3075, 1251, 7210, 7246, 9010, 4749, 6190, 7275, 3164, 6299, 2521, 6596, 2120, 4986, 4906, 3107, 8336, 9246, 7262, 7509, 5154, 68, 8145, 3913, 4058, 2940, 8840, 9620, 2716, 8700, 4985, 7744, 5607, 1975, 3416, 797, 5147, 5461, 2193, 2111, 7569, 8399, 563, 2187, 993, 8501, 4097, 5298, 6670, 9704, 8558, 1236, 6500, 598, 3463, 1230, 7398, 9298, 2126, 9933, 941, 3489, 2737, 1620, 697, 4020, 7497, 4820, 52, 3741, 2840, 87, 1094, 9790, 6703, 2017, 7344, 4282, 4765, 1690, 9415, 8972, 5917, 5680, 1813, 5273, 7401, 8514, 3716, 2085, 6958, 4871, 3180, 7360, 86, 1885, 8741, 4720, 7173, 9949, 189, 1715, 3319, 4313, 1693, 4223, 8066, 2950, 3601, 7558, 2181, 5532, 3439, 2957, 430, 4849, 1572, 6942, 1105, 6160, 1043, 1983, 8275, 5578, 7108, 5338, 5703, 717, 8363, 3355, 8657, 5274, 6532, 1944, 7952, 1308, 4423, 6008, 119, 5119, 4281, 5074, 8580, 3901, 3275, 4474, 8497, 5424, 5385, 1905, 1334, 2535, 3442, 1501, 7128, 7105, 5219, 3631, 3349, 8817, 3711, 1450, 7419, 6283, 162, 687, 2039, 9604, 3097, 1012, 4637, 7133, 6320, 7456, 2988, 6443, 9418, 3996, 3202, 7003, 5324, 1167, 5309, 1830, 7318, 5084, 6774, 1203, 3458, 4574, 7893, 6845, 1339, 4539, 1941, 3883, 275, 2067, 5116, 727, 2386, 5849, 367, 2898, 115, 3594, 2581, 3728, 6227, 6922, 6962, 5843, 3957, 323, 8872, 1708, 2359, 6729, 7202, 4140, 4646, 2506, 9522, 5205, 9254, 7687, 1513, 5774, 58, 5183, 5813, 678, 3327, 1474, 4562, 6125, 6085, 1080, 3253, 3896, 2024, 943, 4476, 4546, 9755, 8956, 5179, 5030, 5128, 5654, 7637, 2271, 2262, 7596, 3508, 4291, 5558, 1433, 2320, 8166, 3461, 8545, 5302, 355, 7182, 1788, 8562, 2948, 2300, 3298, 1612, 3995, 3115, 2316, 4643, 3283, 2524, 9819, 9273, 6913, 7969, 9794, 7314, 3346, 5919, 9969, 1238, 1299, 607, 6856, 4287, 7802, 3035, 924, 1738, 3773, 3715, 1007, 9708, 4565, 2643, 8602, 5628, 4304, 1109, 5006, 2205, 2854, 1886, 2651, 271, 25, 1739, 7054, 617, 4933, 184, 2684, 2782, 2859, 5185, 10, 8219, 8095, 176, 4453, 3216, 8708, 1088, 3186, 5529, 5410, 1398, 4306, 1147, 5330, 8721, 3761, 7734, 4682, 4547, 1767]
[5573, 7568, 7524, 4210, 4823, 6157, 1439, 1527, 1279, 266, 1051, 8861, 9059, 6839, 863, 3942, 7044, 9093, 6719, 9923, 3400, 8231, 9735, 180, 5700, 7242, 5009, 9385, 4963, 4369, 6821, 4477, 5206, 9243, 5582, 7941, 7958, 547, 245, 7415, 3587, 1304, 8189, 7625, 9253, 9911, 474, 4307, 9839, 2629, 7004, 9857, 4051, 7841, 2327, 5162, 4660, 3789, 7959, 3297, 6854, 4798, 5900, 3320, 3321, 1193, 7760, 2363, 8370, 4606, 434, 7580, 6138, 8420, 3031, 9750, 7638, 6746, 9823, 845, 6126, 3840, 4096, 8271, 1035, 5890, 7723, 7617, 8286, 4894, 6344, 9851, 692, 9329, 5837, 2955, 6195, 6029, 8542, 6912, 3218, 6653, 5134, 1636, 195, 279, 2151, 5714, 1840, 8666, 6970, 2066, 6715, 3819, 9103, 866, 232, 7717, 3905, 5871, 6243, 2769, 9809, 7989, 3459, 9465, 1605, 7186, 769, 2236, 734, 226, 1049, 9237, 8046, 3228, 1683, 606, 9563, 8254, 6349, 9497, 8428, 3806, 6035, 3752, 6387, 1479, 8566, 898, 8632, 2923, 357, 1181, 7609, 5056, 1926, 2701, 3075, 1251, 7210, 7246, 9010, 4749, 6190, 7275, 3164, 6299, 2521, 6596, 2120, 4986, 4906, 3107, 8336, 9246, 7262, 7509, 5154, 68, 8145, 3913, 4058, 2940, 8840, 9620, 2716, 8700, 4985, 7744, 5607, 1975, 3416, 797, 5147, 5461, 2193, 2111, 7569, 8399, 563, 2187, 993, 8501, 4097, 5298, 6670, 9704, 8558, 1236, 6500, 598, 3463, 1230, 7398, 9298, 2126, 9933, 941, 3489, 2737, 1620, 697, 4020, 7497, 4820, 52, 3741, 2840, 87, 1094, 9790, 6703, 2017, 7344, 4282, 4765, 1690, 9415, 8972, 5917, 5680, 1813, 5273, 7401, 8514, 3716, 2085, 6958, 4871, 3180, 7360, 86, 1885, 8741, 4720, 7173, 9949, 189, 1715, 3319, 4313, 1693, 4223, 8066, 2950, 3601, 7558, 2181, 5532, 3439, 2957, 430, 4849, 1572, 6942, 1105, 6160, 1043, 1983, 8275, 5578, 7108, 5338, 5703, 717, 8363, 3355, 8657, 5274, 6532, 1944, 7952, 1308, 4423, 6008, 119, 5119, 4281, 5074, 8580, 3901, 3275, 4474, 8497, 5424, 5385, 1905, 1334, 2535, 3442, 1501, 7128, 7105, 5219, 3631, 3349, 8817, 3711, 1450, 7419, 6283, 162, 687, 2039, 9604, 3097, 1012, 4637, 7133, 6320, 7456, 2988, 6443, 9418, 3996, 3202, 7003, 5324, 1167, 5309, 1830, 7318, 5084, 6774, 1203, 3458, 4574, 7893, 6845, 1339, 4539, 1941, 3883, 275, 2067, 5116, 727, 2386, 5849, 367, 2898, 115, 3594, 2581, 3728, 6227, 6922, 6962, 5843, 3957, 323, 8872, 1708, 2359, 6729, 7202, 4140, 4646, 2506, 9522, 5205, 9254, 7687, 1513, 5774, 58, 5183, 5813, 678, 3327, 1474, 4562, 6125, 6085, 1080, 3253, 3896, 2024, 943, 4476, 4546, 9755, 8956, 5179, 5030, 5128, 5654, 7637, 2271, 2262, 7596, 3508, 4291, 5558, 1433, 2320, 8166, 3461, 8545, 5302, 355, 7182, 1788, 8562, 2948, 2300, 3298, 1612, 3995, 3115, 2316, 4643, 3283, 2524, 9819, 9273, 6913, 7969, 9794, 7314, 3346, 5919, 9969, 1238, 1299, 607, 6856, 4287, 7802, 3035, 924, 1738, 3773, 3715, 1007, 9708, 4565, 2643, 8602, 5628, 4304, 1109, 5006, 2205, 2854, 1886, 2651, 271, 25, 1739, 7054, 617, 4933, 184, 2684, 2782, 2859, 5185, 10, 8219, 8095, 176, 4453, 3216, 8708, 1088, 3186, 5529, 5410, 1398, 4306, 1147, 5330, 8721, 3761, 7734, 4682, 4547, 1767]
[5573, 7568, 7524, 4210, 4823, 6157, 1439, 1527, 1279, 266, 1051, 8861, 9059, 6839, 863, 3942, 7044, 9093, 6719, 9923, 3400, 8231, 9735, 180, 5700, 7242, 5009, 9385, 4963, 4369, 6821, 4477, 5206, 9243, 5582, 7941, 7958, 547, 245, 7415, 3587, 1304, 8189, 7625, 9253, 9911, 474, 4307, 9839, 2629, 7004, 9857, 4051, 7841, 2327, 5162, 4660, 3789, 7959, 3297, 6854, 4798, 5900, 3320, 3321, 1193, 7760, 2363, 8370, 4606, 434, 7580, 6138, 8420, 3031, 9750, 7638, 6746, 9823, 845, 6126, 3840, 4096, 8271, 1035, 5890, 7723, 7617, 8286, 4894, 6344, 9851, 692, 9329, 5837, 2955, 6195, 6029, 8542, 6912, 3218, 6653, 5134, 1636, 195, 279, 2151, 5714, 1840, 8666, 6970, 2066, 6715, 3819, 9103, 866, 232, 7717, 3905, 5871, 6243, 2769, 9809, 7989, 3459, 9465, 1605, 7186, 769, 2236, 734, 226, 1049, 9237, 8046, 3228, 1683, 606, 9563, 8254, 6349, 9497, 8428, 3806, 6035, 3752, 6387, 1479, 8566, 898, 8632, 2923, 357, 1181, 7609, 5056, 1926, 2701, 3075, 1251, 7210, 7246, 9010, 4749, 6190, 7275, 3164, 6299, 2521, 6596, 2120, 4986, 4906, 3107, 8336, 9246, 7262, 7509, 5154, 68, 8145, 3913, 4058, 2940, 8840, 9620, 2716, 8700, 4985, 7744, 5607, 1975, 3416, 797, 5147, 5461, 2193, 2111, 7569, 8399, 563, 2187, 993, 8501, 4097, 5298, 6670, 9704, 8558, 1236, 6500, 598, 3463, 1230, 7398, 9298, 2126, 9933, 941, 3489, 2737, 1620, 697, 4020, 7497, 4820, 52, 3741, 2840, 87, 1094, 9790, 6703, 2017, 7344, 4282, 4765, 1690, 9415, 8972, 5917, 5680, 1813, 5273, 7401, 8514, 3716, 2085, 6958, 4871, 3180, 7360, 86, 1885, 8741, 4720, 7173, 9949, 189, 1715, 3319, 4313, 1693, 4223, 8066, 2950, 3601, 7558, 2181, 5532, 3439, 2957, 430, 4849, 1572, 6942, 1105, 6160, 1043, 1983, 8275, 5578, 7108, 5338, 5703, 717, 8363, 3355, 8657, 5274, 6532, 1944, 7952, 1308, 4423, 6008, 119, 5119, 4281, 5074, 8580, 3901, 3275, 4474, 8497, 5424, 5385, 1905, 1334, 2535, 3442, 1501, 7128, 7105, 5219, 3631, 3349, 8817, 3711, 1450, 7419, 6283, 162, 687, 2039, 9604, 3097, 1012, 4637, 7133, 6320, 7456, 2988, 6443, 9418, 3996, 3202, 7003, 5324, 1167, 5309, 1830, 7318, 5084, 6774, 1203, 3458, 4574, 7893, 6845, 1339, 4539, 1941, 3883, 275, 2067, 5116, 727, 2386, 5849, 367, 2898, 115, 3594, 2581, 3728, 6227, 6922, 6962, 5843, 3957, 323, 8872, 1708, 2359, 6729, 7202, 4140, 4646, 2506, 9522, 5205, 9254, 7687, 1513, 5774, 58, 5183, 5813, 678, 3327, 1474, 4562, 6125, 6085, 1080, 3253, 3896, 2024, 943, 4476, 4546, 9755, 8956, 5179, 5030, 5128, 5654, 7637, 2271, 2262, 7596, 3508, 4291, 5558, 1433, 2320, 8166, 3461, 8545, 5302, 355, 7182, 1788, 8562, 2948, 2300, 3298, 1612, 3995, 3115, 2316, 4643, 3283, 2524, 9819, 9273, 6913, 7969, 9794, 7314, 3346, 5919, 9969, 1238, 1299, 607, 6856, 4287, 7802, 3035, 924, 1738, 3773, 3715, 1007, 9708, 4565, 2643, 8602, 5628, 4304, 1109, 5006, 2205, 2854, 1886, 2651, 271, 25, 1739, 7054, 617, 4933, 184, 2684, 2782, 2859, 5185, 10, 8219, 8095, 176, 4453, 3216, 8708, 1088, 3186, 5529, 5410, 1398, 4306, 1147, 5330, 8721, 3761, 7734, 4682, 4547, 1767]
[5573, 7568, 7524, 4210, 4823, 6157, 1439, 1527, 1279, 266, 1051, 8861, 9059, 6839, 863, 3942, 7044, 9093, 6719, 9923, 3400, 8231, 9735, 180, 5700, 7242, 5009, 9385, 4963, 4369, 6821, 4477, 5206, 9243, 5582, 7941, 7958, 547, 245, 7415, 3587, 1304, 8189, 7625, 9253, 9911, 474, 4307, 9839, 2629, 7004, 9857, 4051, 7841, 2327, 5162, 4660, 3789, 7959, 3297, 6854, 4798, 5900, 3320, 3321, 1193, 7760, 2363, 8370, 4606, 434, 7580, 6138, 8420, 3031, 9750, 7638, 6746, 9823, 845, 6126, 3840, 4096, 8271, 1035, 5890, 7723, 7617, 8286, 4894, 6344, 9851, 692, 9329, 5837, 2955, 6195, 6029, 8542, 6912, 3218, 6653, 5134, 1636, 195, 279, 2151, 5714, 1840, 8666, 6970, 2066, 6715, 3819, 9103, 866, 232, 7717, 3905, 5871, 6243, 2769, 9809, 7989, 3459, 9465, 1605, 7186, 769, 2236, 734, 226, 1049, 9237, 8046, 3228, 1683, 606, 9563, 8254, 6349, 9497, 8428, 3806, 6035, 3752, 6387, 1479, 8566, 898, 8632, 2923, 357, 1181, 7609, 5056, 1926, 2701, 3075, 1251, 7210, 7246, 9010, 4749, 6190, 7275, 3164, 6299, 2521, 6596, 2120, 4986, 4906, 3107, 8336, 9246, 7262, 7509, 5154, 68, 8145, 3913, 4058, 2940, 8840, 9620, 2716, 8700, 4985, 7744, 5607, 1975, 3416, 797, 5147, 5461, 2193, 2111, 7569, 8399, 563, 2187, 993, 8501, 4097, 5298, 6670, 9704, 8558, 1236, 6500, 598, 3463, 1230, 7398, 9298, 2126, 9933, 941, 3489, 2737, 1620, 697, 4020, 7497, 4820, 52, 3741, 2840, 87, 1094, 9790, 6703, 2017, 7344, 4282, 4765, 1690, 9415, 8972, 5917, 5680, 1813, 5273, 7401, 8514, 3716, 2085, 6958, 4871, 3180, 7360, 86, 1885, 8741, 4720, 7173, 9949, 189, 1715, 3319, 4313, 1693, 4223, 8066, 2950, 3601, 7558, 2181, 5532, 3439, 2957, 430, 4849, 1572, 6942, 1105, 6160, 1043, 1983, 8275, 5578, 7108, 5338, 5703, 717, 8363, 3355, 8657, 5274, 6532, 1944, 7952, 1308, 4423, 6008, 119, 5119, 4281, 5074, 8580, 3901, 3275, 4474, 8497, 5424, 5385, 1905, 1334, 2535, 3442, 1501, 7128, 7105, 5219, 3631, 3349, 8817, 3711, 1450, 7419, 6283, 162, 687, 2039, 9604, 3097, 1012, 4637, 7133, 6320, 7456, 2988, 6443, 9418, 3996, 3202, 7003, 5324, 1167, 5309, 1830, 7318, 5084, 6774, 1203, 3458, 4574, 7893, 6845, 1339, 4539, 1941, 3883, 275, 2067, 5116, 727, 2386, 5849, 367, 2898, 115, 3594, 2581, 3728, 6227, 6922, 6962, 5843, 3957, 323, 8872, 1708, 2359, 6729, 7202, 4140, 4646, 2506, 9522, 5205, 9254, 7687, 1513, 5774, 58, 5183, 5813, 678, 3327, 1474, 4562, 6125, 6085, 1080, 3253, 3896, 2024, 943, 4476, 4546, 9755, 8956, 5179, 5030, 5128, 5654, 7637, 2271, 2262, 7596, 3508, 4291, 5558, 1433, 2320, 8166, 3461, 8545, 5302, 355, 7182, 1788, 8562, 2948, 2300, 3298, 1612, 3995, 3115, 2316, 4643, 3283, 2524, 9819, 9273, 6913, 7969, 9794, 7314, 3346, 5919, 9969, 1238, 1299, 607, 6856, 4287, 7802, 3035, 924, 1738, 3773, 3715, 1007, 9708, 4565, 2643, 8602, 5628, 4304, 1109, 5006, 2205, 2854, 1886, 2651, 271, 25, 1739, 7054, 617, 4933, 184, 2684, 2782, 2859, 5185, 10, 8219, 8095, 176, 4453, 3216, 8708, 1088, 3186, 5529, 5410, 1398, 4306, 1147, 5330, 8721, 3761, 7734, 4682, 4547, 1767]
[5573, 7568, 7524, 4210, 4823, 6157, 1439, 1527, 1279, 266, 1051, 8861, 9059, 6839, 863, 3942, 7044, 9093, 6719, 9923, 3400, 8231, 9735, 180, 5700, 7242, 5009, 9385, 4963, 4369, 6821, 4477, 5206, 9243, 5582, 7941, 7958, 547, 245, 7415, 3587, 1304, 8189, 7625, 9253, 9911, 474, 4307, 9839, 2629, 7004, 9857, 4051, 7841, 2327, 5162, 4660, 3789, 7959, 3297, 6854, 4798, 5900, 3320, 3321, 1193, 7760, 2363, 8370, 4606, 434, 7580, 6138, 8420, 3031, 9750, 7638, 6746, 9823, 845, 6126, 3840, 4096, 8271, 1035, 5890, 7723, 7617, 8286, 4894, 6344, 9851, 692, 9329, 5837, 2955, 6195, 6029, 8542, 6912, 3218, 6653, 5134, 1636, 195, 279, 2151, 5714, 1840, 8666, 6970, 2066, 6715, 3819, 9103, 866, 232, 7717, 3905, 5871, 6243, 2769, 9809, 7989, 3459, 9465, 1605, 7186, 769, 2236, 734, 226, 1049, 9237, 8046, 3228, 1683, 606, 9563, 8254, 6349, 9497, 8428, 3806, 6035, 3752, 6387, 1479, 8566, 898, 8632, 2923, 357, 1181, 7609, 5056, 1926, 2701, 3075, 1251, 7210, 7246, 9010, 4749, 6190, 7275, 3164, 6299, 2521, 6596, 2120, 4986, 4906, 3107, 8336, 9246, 7262, 7509, 5154, 68, 8145, 3913, 4058, 2940, 8840, 9620, 2716, 8700, 4985, 7744, 5607, 1975, 3416, 797, 5147, 5461, 2193, 2111, 7569, 8399, 563, 2187, 993, 8501, 4097, 5298, 6670, 9704, 8558, 1236, 6500, 598, 3463, 1230, 7398, 9298, 2126, 9933, 941, 3489, 2737, 1620, 697, 4020, 7497, 4820, 52, 3741, 2840, 87, 1094, 9790, 6703, 2017, 7344, 4282, 4765, 1690, 9415, 8972, 5917, 5680, 1813, 5273, 7401, 8514, 3716, 2085, 6958, 4871, 3180, 7360, 86, 1885, 8741, 4720, 7173, 9949, 189, 1715, 3319, 4313, 1693, 4223, 8066, 2950, 3601, 7558, 2181, 5532, 3439, 2957, 430, 4849, 1572, 6942, 1105, 6160, 1043, 1983, 8275, 5578, 7108, 5338, 5703, 717, 8363, 3355, 8657, 5274, 6532, 1944, 7952, 1308, 4423, 6008, 119, 5119, 4281, 5074, 8580, 3901, 3275, 4474, 8497, 5424, 5385, 1905, 1334, 2535, 3442, 1501, 7128, 7105, 5219, 3631, 3349, 8817, 3711, 1450, 7419, 6283, 162, 687, 2039, 9604, 3097, 1012, 4637, 7133, 6320, 7456, 2988, 6443, 9418, 3996, 3202, 7003, 5324, 1167, 5309, 1830, 7318, 5084, 6774, 1203, 3458, 4574, 7893, 6845, 1339, 4539, 1941, 3883, 275, 2067, 5116, 727, 2386, 5849, 367, 2898, 115, 3594, 2581, 3728, 6227, 6922, 6962, 5843, 3957, 323, 8872, 1708, 2359, 6729, 7202, 4140, 4646, 2506, 9522, 5205, 9254, 7687, 1513, 5774, 58, 5183, 5813, 678, 3327, 1474, 4562, 6125, 6085, 1080, 3253, 3896, 2024, 943, 4476, 4546, 9755, 8956, 5179, 5030, 5128, 5654, 7637, 2271, 2262, 7596, 3508, 4291, 5558, 1433, 2320, 8166, 3461, 8545, 5302, 355, 7182, 1788, 8562, 2948, 2300, 3298, 1612, 3995, 3115, 2316, 4643, 3283, 2524, 9819, 9273, 6913, 7969, 9794, 7314, 3346, 5919, 9969, 1238, 1299, 607, 6856, 4287, 7802, 3035, 924, 1738, 3773, 3715, 1007, 9708, 4565, 2643, 8602, 5628, 4304, 1109, 5006, 2205, 2854, 1886, 2651, 271, 25, 1739, 7054, 617, 4933, 184, 2684, 2782, 2859, 5185, 10, 8219, 8095, 176, 4453, 3216, 8708, 1088, 3186, 5529, 5410, 1398, 4306, 1147, 5330, 8721, 3761, 7734, 4682, 4547, 1767]
[5573, 7568, 7524, 4210, 4823, 6157, 1439, 1527, 1279, 266, 1051, 8861, 9059, 6839, 863, 3942, 7044, 9093, 6719, 9923, 3400, 8231, 9735, 180, 5700, 7242, 5009, 9385, 4963, 4369, 6821, 4477, 5206, 9243, 5582, 7941, 7958, 547, 245, 7415, 3587, 1304, 8189, 7625, 9253, 9911, 474, 4307, 9839, 2629, 7004, 9857, 4051, 7841, 2327, 5162, 4660, 3789, 7959, 3297, 6854, 4798, 5900, 3320, 3321, 1193, 7760, 2363, 8370, 4606, 434, 7580, 6138, 8420, 3031, 9750, 7638, 6746, 9823, 845, 6126, 3840, 4096, 8271, 1035, 5890, 7723, 7617, 8286, 4894, 6344, 9851, 692, 9329, 5837, 2955, 6195, 6029, 8542, 6912, 3218, 6653, 5134, 1636, 195, 279, 2151, 5714, 1840, 8666, 6970, 2066, 6715, 3819, 9103, 866, 232, 7717, 3905, 5871, 6243, 2769, 9809, 7989, 3459, 9465, 1605, 7186, 769, 2236, 734, 226, 1049, 9237, 8046, 3228, 1683, 606, 9563, 8254, 6349, 9497, 8428, 3806, 6035, 3752, 6387, 1479, 8566, 898, 8632, 2923, 357, 1181, 7609, 5056, 1926, 2701, 3075, 1251, 7210, 7246, 9010, 4749, 6190, 7275, 3164, 6299, 2521, 6596, 2120, 4986, 4906, 3107, 8336, 9246, 7262, 7509, 5154, 68, 8145, 3913, 4058, 2940, 8840, 9620, 2716, 8700, 4985, 7744, 5607, 1975, 3416, 797, 5147, 5461, 2193, 2111, 7569, 8399, 563, 2187, 993, 8501, 4097, 5298, 6670, 9704, 8558, 1236, 6500, 598, 3463, 1230, 7398, 9298, 2126, 9933, 941, 3489, 2737, 1620, 697, 4020, 7497, 4820, 52, 3741, 2840, 87, 1094, 9790, 6703, 2017, 7344, 4282, 4765, 1690, 9415, 8972, 5917, 5680, 1813, 5273, 7401, 8514, 3716, 2085, 6958, 4871, 3180, 7360, 86, 1885, 8741, 4720, 7173, 9949, 189, 1715, 3319, 4313, 1693, 4223, 8066, 2950, 3601, 7558, 2181, 5532, 3439, 2957, 430, 4849, 1572, 6942, 1105, 6160, 1043, 1983, 8275, 5578, 7108, 5338, 5703, 717, 8363, 3355, 8657, 5274, 6532, 1944, 7952, 1308, 4423, 6008, 119, 5119, 4281, 5074, 8580, 3901, 3275, 4474, 8497, 5424, 5385, 1905, 1334, 2535, 3442, 1501, 7128, 7105, 5219, 3631, 3349, 8817, 3711, 1450, 7419, 6283, 162, 687, 2039, 9604, 3097, 1012, 4637, 7133, 6320, 7456, 2988, 6443, 9418, 3996, 3202, 7003, 5324, 1167, 5309, 1830, 7318, 5084, 6774, 1203, 3458, 4574, 7893, 6845, 1339, 4539, 1941, 3883, 275, 2067, 5116, 727, 2386, 5849, 367, 2898, 115, 3594, 2581, 3728, 6227, 6922, 6962, 5843, 3957, 323, 8872, 1708, 2359, 6729, 7202, 4140, 4646, 2506, 9522, 5205, 9254, 7687, 1513, 5774, 58, 5183, 5813, 678, 3327, 1474, 4562, 6125, 6085, 1080, 3253, 3896, 2024, 943, 4476, 4546, 9755, 8956, 5179, 5030, 5128, 5654, 7637, 2271, 2262, 7596, 3508, 4291, 5558, 1433, 2320, 8166, 3461, 8545, 5302, 355, 7182, 1788, 8562, 2948, 2300, 3298, 1612, 3995, 3115, 2316, 4643, 3283, 2524, 9819, 9273, 6913, 7969, 9794, 7314, 3346, 5919, 9969, 1238, 1299, 607, 6856, 4287, 7802, 3035, 924, 1738, 3773, 3715, 1007, 9708, 4565, 2643, 8602, 5628, 4304, 1109, 5006, 2205, 2854, 1886, 2651, 271, 25, 1739, 7054, 617, 4933, 184, 2684, 2782, 2859, 5185, 10, 8219, 8095, 176, 4453, 3216, 8708, 1088, 3186, 5529, 5410, 1398, 4306, 1147, 5330, 8721, 3761, 7734, 4682, 4547, 1767]
[5573, 7568, 7524, 4210, 4823, 6157, 1439, 1527, 1279, 266, 1051, 8861, 9059, 6839, 863, 3942, 7044, 9093, 6719, 9923, 3400, 8231, 9735, 180, 5700, 7242, 5009, 9385, 4963, 4369, 6821, 4477, 5206, 9243, 5582, 7941, 7958, 547, 245, 7415, 3587, 1304, 8189, 7625, 9253, 9911, 474, 4307, 9839, 2629, 7004, 9857, 4051, 7841, 2327, 5162, 4660, 3789, 7959, 3297, 6854, 4798, 5900, 3320, 3321, 1193, 7760, 2363, 8370, 4606, 434, 7580, 6138, 8420, 3031, 9750, 7638, 6746, 9823, 845, 6126, 3840, 4096, 8271, 1035, 5890, 7723, 7617, 8286, 4894, 6344, 9851, 692, 9329, 5837, 2955, 6195, 6029, 8542, 6912, 3218, 6653, 5134, 1636, 195, 279, 2151, 5714, 1840, 8666, 6970, 2066, 6715, 3819, 9103, 866, 232, 7717, 3905, 5871, 6243, 2769, 9809, 7989, 3459, 9465, 1605, 7186, 769, 2236, 734, 226, 1049, 9237, 8046, 3228, 1683, 606, 9563, 8254, 6349, 9497, 8428, 3806, 6035, 3752, 6387, 1479, 8566, 898, 8632, 2923, 357, 1181, 7609, 5056, 1926, 2701, 3075, 1251, 7210, 7246, 9010, 4749, 6190, 7275, 3164, 6299, 2521, 6596, 2120, 4986, 4906, 3107, 8336, 9246, 7262, 7509, 5154, 68, 8145, 3913, 4058, 2940, 8840, 9620, 2716, 8700, 4985, 7744, 5607, 1975, 3416, 797, 5147, 5461, 2193, 2111, 7569, 8399, 563, 2187, 993, 8501, 4097, 5298, 6670, 9704, 8558, 1236, 6500, 598, 3463, 1230, 7398, 9298, 2126, 9933, 941, 3489, 2737, 1620, 697, 4020, 7497, 4820, 52, 3741, 2840, 87, 1094, 9790, 6703, 2017, 7344, 4282, 4765, 1690, 9415, 8972, 5917, 5680, 1813, 5273, 7401, 8514, 3716, 2085, 6958, 4871, 3180, 7360, 86, 1885, 8741, 4720, 7173, 9949, 189, 1715, 3319, 4313, 1693, 4223, 8066, 2950, 3601, 7558, 2181, 5532, 3439, 2957, 430, 4849, 1572, 6942, 1105, 6160, 1043, 1983, 8275, 5578, 7108, 5338, 5703, 717, 8363, 3355, 8657, 5274, 6532, 1944, 7952, 1308, 4423, 6008, 119, 5119, 4281, 5074, 8580, 3901, 3275, 4474, 8497, 5424, 5385, 1905, 1334, 2535, 3442, 1501, 7128, 7105, 5219, 3631, 3349, 8817, 3711, 1450, 7419, 6283, 162, 687, 2039, 9604, 3097, 1012, 4637, 7133, 6320, 7456, 2988, 6443, 9418, 3996, 3202, 7003, 5324, 1167, 5309, 1830, 7318, 5084, 6774, 1203, 3458, 4574, 7893, 6845, 1339, 4539, 1941, 3883, 275, 2067, 5116, 727, 2386, 5849, 367, 2898, 115, 3594, 2581, 3728, 6227, 6922, 6962, 5843, 3957, 323, 8872, 1708, 2359, 6729, 7202, 4140, 4646, 2506, 9522, 5205, 9254, 7687, 1513, 5774, 58, 5183, 5813, 678, 3327, 1474, 4562, 6125, 6085, 1080, 3253, 3896, 2024, 943, 4476, 4546, 9755, 8956, 5179, 5030, 5128, 5654, 7637, 2271, 2262, 7596, 3508, 4291, 5558, 1433, 2320, 8166, 3461, 8545, 5302, 355, 7182, 1788, 8562, 2948, 2300, 3298, 1612, 3995, 3115, 2316, 4643, 3283, 2524, 9819, 9273, 6913, 7969, 9794, 7314, 3346, 5919, 9969, 1238, 1299, 607, 6856, 4287, 7802, 3035, 924, 1738, 3773, 3715, 1007, 9708, 4565, 2643, 8602, 5628, 4304, 1109, 5006, 2205, 2854, 1886, 2651, 271, 25, 1739, 7054, 617, 4933, 184, 2684, 2782, 2859, 5185, 10, 8219, 8095, 176, 4453, 3216, 8708, 1088, 3186, 5529, 5410, 1398, 4306, 1147, 5330, 8721, 3761, 7734, 4682, 4547, 1767]
[5573, 7568, 7524, 4210, 4823, 6157, 1439, 1527, 1279, 266, 1051, 8861, 9059, 6839, 863, 3942, 7044, 9093, 6719, 9923, 3400, 8231, 9735, 180, 5700, 7242, 5009, 9385, 4963, 4369, 6821, 4477, 5206, 9243, 5582, 7941, 7958, 547, 245, 7415, 3587, 1304, 8189, 7625, 9253, 9911, 474, 4307, 9839, 2629, 7004, 9857, 4051, 7841, 2327, 5162, 4660, 3789, 7959, 3297, 6854, 4798, 5900, 3320, 3321, 1193, 7760, 2363, 8370, 4606, 434, 7580, 6138, 8420, 3031, 9750, 7638, 6746, 9823, 845, 6126, 3840, 4096, 8271, 1035, 5890, 7723, 7617, 8286, 4894, 6344, 9851, 692, 9329, 5837, 2955, 6195, 6029, 8542, 6912, 3218, 6653, 5134, 1636, 195, 279, 2151, 5714, 1840, 8666, 6970, 2066, 6715, 3819, 9103, 866, 232, 7717, 3905, 5871, 6243, 2769, 9809, 7989, 3459, 9465, 1605, 7186, 769, 2236, 734, 226, 1049, 9237, 8046, 3228, 1683, 606, 9563, 8254, 6349, 9497, 8428, 3806, 6035, 3752, 6387, 1479, 8566, 898, 8632, 2923, 357, 1181, 7609, 5056, 1926, 2701, 3075, 1251, 7210, 7246, 9010, 4749, 6190, 7275, 3164, 6299, 2521, 6596, 2120, 4986, 4906, 3107, 8336, 9246, 7262, 7509, 5154, 68, 8145, 3913, 4058, 2940, 8840, 9620, 2716, 8700, 4985, 7744, 5607, 1975, 3416, 797, 5147, 5461, 2193, 2111, 7569, 8399, 563, 2187, 993, 8501, 4097, 5298, 6670, 9704, 8558, 1236, 6500, 598, 3463, 1230, 7398, 9298, 2126, 9933, 941, 3489, 2737, 1620, 697, 4020, 7497, 4820, 52, 3741, 2840, 87, 1094, 9790, 6703, 2017, 7344, 4282, 4765, 1690, 9415, 8972, 5917, 5680, 1813, 5273, 7401, 8514, 3716, 2085, 6958, 4871, 3180, 7360, 86, 1885, 8741, 4720, 7173, 9949, 189, 1715, 3319, 4313, 1693, 4223, 8066, 2950, 3601, 7558, 2181, 5532, 3439, 2957, 430, 4849, 1572, 6942, 1105, 6160, 1043, 1983, 8275, 5578, 7108, 5338, 5703, 717, 8363, 3355, 8657, 5274, 6532, 1944, 7952, 1308, 4423, 6008, 119, 5119, 4281, 5074, 8580, 3901, 3275, 4474, 8497, 5424, 5385, 1905, 1334, 2535, 3442, 1501, 7128, 7105, 5219, 3631, 3349, 8817, 3711, 1450, 7419, 6283, 162, 687, 2039, 9604, 3097, 1012, 4637, 7133, 6320, 7456, 2988, 6443, 9418, 3996, 3202, 7003, 5324, 1167, 5309, 1830, 7318, 5084, 6774, 1203, 3458, 4574, 7893, 6845, 1339, 4539, 1941, 3883, 275, 2067, 5116, 727, 2386, 5849, 367, 2898, 115, 3594, 2581, 3728, 6227, 6922, 6962, 5843, 3957, 323, 8872, 1708, 2359, 6729, 7202, 4140, 4646, 2506, 9522, 5205, 9254, 7687, 1513, 5774, 58, 5183, 5813, 678, 3327, 1474, 4562, 6125, 6085, 1080, 3253, 3896, 2024, 943, 4476, 4546, 9755, 8956, 5179, 5030, 5128, 5654, 7637, 2271, 2262, 7596, 3508, 4291, 5558, 1433, 2320, 8166, 3461, 8545, 5302, 355, 7182, 1788, 8562, 2948, 2300, 3298, 1612, 3995, 3115, 2316, 4643, 3283, 2524, 9819, 9273, 6913, 7969, 9794, 7314, 3346, 5919, 9969, 1238, 1299, 607, 6856, 4287, 7802, 3035, 924, 1738, 3773, 3715, 1007, 9708, 4565, 2643, 8602, 5628, 4304, 1109, 5006, 2205, 2854, 1886, 2651, 271, 25, 1739, 7054, 617, 4933, 184, 2684, 2782, 2859, 5185, 10, 8219, 8095, 176, 4453, 3216, 8708, 1088, 3186, 5529, 5410, 1398, 4306, 1147, 5330, 8721, 3761, 7734, 4682, 4547, 1767]
[5573, 7568, 7524, 4210, 4823, 6157, 1439, 1527, 1279, 266, 1051, 8861, 9059, 6839, 863, 3942, 7044, 9093, 6719, 9923, 3400, 8231, 9735, 180, 5700, 7242, 5009, 9385, 4963, 4369, 6821, 4477, 5206, 9243, 5582, 7941, 7958, 547, 245, 7415, 3587, 1304, 8189, 7625, 9253, 9911, 474, 4307, 9839, 2629, 7004, 9857, 4051, 7841, 2327, 5162, 4660, 3789, 7959, 3297, 6854, 4798, 5900, 3320, 3321, 1193, 7760, 2363, 8370, 4606, 434, 7580, 6138, 8420, 3031, 9750, 7638, 6746, 9823, 845, 6126, 3840, 4096, 8271, 1035, 5890, 7723, 7617, 8286, 4894, 6344, 9851, 692, 9329, 5837, 2955, 6195, 6029, 8542, 6912, 3218, 6653, 5134, 1636, 195, 279, 2151, 5714, 1840, 8666, 6970, 2066, 6715, 3819, 9103, 866, 232, 7717, 3905, 5871, 6243, 2769, 9809, 7989, 3459, 9465, 1605, 7186, 769, 2236, 734, 226, 1049, 9237, 8046, 3228, 1683, 606, 9563, 8254, 6349, 9497, 8428, 3806, 6035, 3752, 6387, 1479, 8566, 898, 8632, 2923, 357, 1181, 7609, 5056, 1926, 2701, 3075, 1251, 7210, 7246, 9010, 4749, 6190, 7275, 3164, 6299, 2521, 6596, 2120, 4986, 4906, 3107, 8336, 9246, 7262, 7509, 5154, 68, 8145, 3913, 4058, 2940, 8840, 9620, 2716, 8700, 4985, 7744, 5607, 1975, 3416, 797, 5147, 5461, 2193, 2111, 7569, 8399, 563, 2187, 993, 8501, 4097, 5298, 6670, 9704, 8558, 1236, 6500, 598, 3463, 1230, 7398, 9298, 2126, 9933, 941, 3489, 2737, 1620, 697, 4020, 7497, 4820, 52, 3741, 2840, 87, 1094, 9790, 6703, 2017, 7344, 4282, 4765, 1690, 9415, 8972, 5917, 5680, 1813, 5273, 7401, 8514, 3716, 2085, 6958, 4871, 3180, 7360, 86, 1885, 8741, 4720, 7173, 9949, 189, 1715, 3319, 4313, 1693, 4223, 8066, 2950, 3601, 7558, 2181, 5532, 3439, 2957, 430, 4849, 1572, 6942, 1105, 6160, 1043, 1983, 8275, 5578, 7108, 5338, 5703, 717, 8363, 3355, 8657, 5274, 6532, 1944, 7952, 1308, 4423, 6008, 119, 5119, 4281, 5074, 8580, 3901, 3275, 4474, 8497, 5424, 5385, 1905, 1334, 2535, 3442, 1501, 7128, 7105, 5219, 3631, 3349, 8817, 3711, 1450, 7419, 6283, 162, 687, 2039, 9604, 3097, 1012, 4637, 7133, 6320, 7456, 2988, 6443, 9418, 3996, 3202, 7003, 5324, 1167, 5309, 1830, 7318, 5084, 6774, 1203, 3458, 4574, 7893, 6845, 1339, 4539, 1941, 3883, 275, 2067, 5116, 727, 2386, 5849, 367, 2898, 115, 3594, 2581, 3728, 6227, 6922, 6962, 5843, 3957, 323, 8872, 1708, 2359, 6729, 7202, 4140, 4646, 2506, 9522, 5205, 9254, 7687, 1513, 5774, 58, 5183, 5813, 678, 3327, 1474, 4562, 6125, 6085, 1080, 3253, 3896, 2024, 943, 4476, 4546, 9755, 8956, 5179, 5030, 5128, 5654, 7637, 2271, 2262, 7596, 3508, 4291, 5558, 1433, 2320, 8166, 3461, 8545, 5302, 355, 7182, 1788, 8562, 2948, 2300, 3298, 1612, 3995, 3115, 2316, 4643, 3283, 2524, 9819, 9273, 6913, 7969, 9794, 7314, 3346, 5919, 9969, 1238, 1299, 607, 6856, 4287, 7802, 3035, 924, 1738, 3773, 3715, 1007, 9708, 4565, 2643, 8602, 5628, 4304, 1109, 5006, 2205, 2854, 1886, 2651, 271, 25, 1739, 7054, 617, 4933, 184, 2684, 2782, 2859, 5185, 10, 8219, 8095, 176, 4453, 3216, 8708, 1088, 3186, 5529, 5410, 1398, 4306, 1147, 5330, 8721, 3761, 7734, 4682, 4547, 1767]
[5573, 7568, 7524, 4210, 4823, 6157, 1439, 1527, 1279, 266, 1051, 8861, 9059, 6839, 863, 3942, 7044, 9093, 6719, 9923, 3400, 8231, 9735, 180, 5700, 7242, 5009, 9385, 4963, 4369, 6821, 4477, 5206, 9243, 5582, 7941, 7958, 547, 245, 7415, 3587, 1304, 8189, 7625, 9253, 9911, 474, 4307, 9839, 2629, 7004, 9857, 4051, 7841, 2327, 5162, 4660, 3789, 7959, 3297, 6854, 4798, 5900, 3320, 3321, 1193, 7760, 2363, 8370, 4606, 434, 7580, 6138, 8420, 3031, 9750, 7638, 6746, 9823, 845, 6126, 3840, 4096, 8271, 1035, 5890, 7723, 7617, 8286, 4894, 6344, 9851, 692, 9329, 5837, 2955, 6195, 6029, 8542, 6912, 3218, 6653, 5134, 1636, 195, 279, 2151, 5714, 1840, 8666, 6970, 2066, 6715, 3819, 9103, 866, 232, 7717, 3905, 5871, 6243, 2769, 9809, 7989, 3459, 9465, 1605, 7186, 769, 2236, 734, 226, 1049, 9237, 8046, 3228, 1683, 606, 9563, 8254, 6349, 9497, 8428, 3806, 6035, 3752, 6387, 1479, 8566, 898, 8632, 2923, 357, 1181, 7609, 5056, 1926, 2701, 3075, 1251, 7210, 7246, 9010, 4749, 6190, 7275, 3164, 6299, 2521, 6596, 2120, 4986, 4906, 3107, 8336, 9246, 7262, 7509, 5154, 68, 8145, 3913, 4058, 2940, 8840, 9620, 2716, 8700, 4985, 7744, 5607, 1975, 3416, 797, 5147, 5461, 2193, 2111, 7569, 8399, 563, 2187, 993, 8501, 4097, 5298, 6670, 9704, 8558, 1236, 6500, 598, 3463, 1230, 7398, 9298, 2126, 9933, 941, 3489, 2737, 1620, 697, 4020, 7497, 4820, 52, 3741, 2840, 87, 1094, 9790, 6703, 2017, 7344, 4282, 4765, 1690, 9415, 8972, 5917, 5680, 1813, 5273, 7401, 8514, 3716, 2085, 6958, 4871, 3180, 7360, 86, 1885, 8741, 4720, 7173, 9949, 189, 1715, 3319, 4313, 1693, 4223, 8066, 2950, 3601, 7558, 2181, 5532, 3439, 2957, 430, 4849, 1572, 6942, 1105, 6160, 1043, 1983, 8275, 5578, 7108, 5338, 5703, 717, 8363, 3355, 8657, 5274, 6532, 1944, 7952, 1308, 4423, 6008, 119, 5119, 4281, 5074, 8580, 3901, 3275, 4474, 8497, 5424, 5385, 1905, 1334, 2535, 3442, 1501, 7128, 7105, 5219, 3631, 3349, 8817, 3711, 1450, 7419, 6283, 162, 687, 2039, 9604, 3097, 1012, 4637, 7133, 6320, 7456, 2988, 6443, 9418, 3996, 3202, 7003, 5324, 1167, 5309, 1830, 7318, 5084, 6774, 1203, 3458, 4574, 7893, 6845, 1339, 4539, 1941, 3883, 275, 2067, 5116, 727, 2386, 5849, 367, 2898, 115, 3594, 2581, 3728, 6227, 6922, 6962, 5843, 3957, 323, 8872, 1708, 2359, 6729, 7202, 4140, 4646, 2506, 9522, 5205, 9254, 7687, 1513, 5774, 58, 5183, 5813, 678, 3327, 1474, 4562, 6125, 6085, 1080, 3253, 3896, 2024, 943, 4476, 4546, 9755, 8956, 5179, 5030, 5128, 5654, 7637, 2271, 2262, 7596, 3508, 4291, 5558, 1433, 2320, 8166, 3461, 8545, 5302, 355, 7182, 1788, 8562, 2948, 2300, 3298, 1612, 3995, 3115, 2316, 4643, 3283, 2524, 9819, 9273, 6913, 7969, 9794, 7314, 3346, 5919, 9969, 1238, 1299, 607, 6856, 4287, 7802, 3035, 924, 1738, 3773, 3715, 1007, 9708, 4565, 2643, 8602, 5628, 4304, 1109, 5006, 2205, 2854, 1886, 2651, 271, 25, 1739, 7054, 617, 4933, 184, 2684, 2782, 2859, 5185, 10, 8219, 8095, 176, 4453, 3216, 8708, 1088, 3186, 5529, 5410, 1398, 4306, 1147, 5330, 8721, 3761, 7734, 4682, 4547, 1767]
[5573, 7568, 7524, 4210, 4823, 6157, 1439, 1527, 1279, 266, 1051, 8861, 9059, 6839, 863, 3942, 7044, 9093, 6719, 9923, 3400, 8231, 9735, 180, 5700, 7242, 5009, 9385, 4963, 4369, 6821, 4477, 5206, 9243, 5582, 7941, 7958, 547, 245, 7415, 3587, 1304, 8189, 7625, 9253, 9911, 474, 4307, 9839, 2629, 7004, 9857, 4051, 7841, 2327, 5162, 4660, 3789, 7959, 3297, 6854, 4798, 5900, 3320, 3321, 1193, 7760, 2363, 8370, 4606, 434, 7580, 6138, 8420, 3031, 9750, 7638, 6746, 9823, 845, 6126, 3840, 4096, 8271, 1035, 5890, 7723, 7617, 8286, 4894, 6344, 9851, 692, 9329, 5837, 2955, 6195, 6029, 8542, 6912, 3218, 6653, 5134, 1636, 195, 279, 2151, 5714, 1840, 8666, 6970, 2066, 6715, 3819, 9103, 866, 232, 7717, 3905, 5871, 6243, 2769, 9809, 7989, 3459, 9465, 1605, 7186, 769, 2236, 734, 226, 1049, 9237, 8046, 3228, 1683, 606, 9563, 8254, 6349, 9497, 8428, 3806, 6035, 3752, 6387, 1479, 8566, 898, 8632, 2923, 357, 1181, 7609, 5056, 1926, 2701, 3075, 1251, 7210, 7246, 9010, 4749, 6190, 7275, 3164, 6299, 2521, 6596, 2120, 4986, 4906, 3107, 8336, 9246, 7262, 7509, 5154, 68, 8145, 3913, 4058, 2940, 8840, 9620, 2716, 8700, 4985, 7744, 5607, 1975, 3416, 797, 5147, 5461, 2193, 2111, 7569, 8399, 563, 2187, 993, 8501, 4097, 5298, 6670, 9704, 8558, 1236, 6500, 598, 3463, 1230, 7398, 9298, 2126, 9933, 941, 3489, 2737, 1620, 697, 4020, 7497, 4820, 52, 3741, 2840, 87, 1094, 9790, 6703, 2017, 7344, 4282, 4765, 1690, 9415, 8972, 5917, 5680, 1813, 5273, 7401, 8514, 3716, 2085, 6958, 4871, 3180, 7360, 86, 1885, 8741, 4720, 7173, 9949, 189, 1715, 3319, 4313, 1693, 4223, 8066, 2950, 3601, 7558, 2181, 5532, 3439, 2957, 430, 4849, 1572, 6942, 1105, 6160, 1043, 1983, 8275, 5578, 7108, 5338, 5703, 717, 8363, 3355, 8657, 5274, 6532, 1944, 7952, 1308, 4423, 6008, 119, 5119, 4281, 5074, 8580, 3901, 3275, 4474, 8497, 5424, 5385, 1905, 1334, 2535, 3442, 1501, 7128, 7105, 5219, 3631, 3349, 8817, 3711, 1450, 7419, 6283, 162, 687, 2039, 9604, 3097, 1012, 4637, 7133, 6320, 7456, 2988, 6443, 9418, 3996, 3202, 7003, 5324, 1167, 5309, 1830, 7318, 5084, 6774, 1203, 3458, 4574, 7893, 6845, 1339, 4539, 1941, 3883, 275, 2067, 5116, 727, 2386, 5849, 367, 2898, 115, 3594, 2581, 3728, 6227, 6922, 6962, 5843, 3957, 323, 8872, 1708, 2359, 6729, 7202, 4140, 4646, 2506, 9522, 5205, 9254, 7687, 1513, 5774, 58, 5183, 5813, 678, 3327, 1474, 4562, 6125, 6085, 1080, 3253, 3896, 2024, 943, 4476, 4546, 9755, 8956, 5179, 5030, 5128, 5654, 7637, 2271, 2262, 7596, 3508, 4291, 5558, 1433, 2320, 8166, 3461, 8545, 5302, 355, 7182, 1788, 8562, 2948, 2300, 3298, 1612, 3995, 3115, 2316, 4643, 3283, 2524, 9819, 9273, 6913, 7969, 9794, 7314, 3346, 5919, 9969, 1238, 1299, 607, 6856, 4287, 7802, 3035, 924, 1738, 3773, 3715, 1007, 9708, 4565, 2643, 8602, 5628, 4304, 1109, 5006, 2205, 2854, 1886, 2651, 271, 25, 1739, 7054, 617, 4933, 184, 2684, 2782, 2859, 5185, 10, 8219, 8095, 176, 4453, 3216, 8708, 1088, 3186, 5529, 5410, 1398, 4306, 1147, 5330, 8721, 3761, 7734, 4682, 4547, 1767]
[5573, 7568, 7524, 4210, 4823, 6157, 1439, 1527, 1279, 266, 1051, 8861, 9059, 6839, 863, 3942, 7044, 9093, 6719, 9923, 3400, 8231, 9735, 180, 5700, 7242, 5009, 9385, 4963, 4369, 6821, 4477, 5206, 9243, 5582, 7941, 7958, 547, 245, 7415, 3587, 1304, 8189, 7625, 9253, 9911, 474, 4307, 9839, 2629, 7004, 9857, 4051, 7841, 2327, 5162, 4660, 3789, 7959, 3297, 6854, 4798, 5900, 3320, 3321, 1193, 7760, 2363, 8370, 4606, 434, 7580, 6138, 8420, 3031, 9750, 7638, 6746, 9823, 845, 6126, 3840, 4096, 8271, 1035, 5890, 7723, 7617, 8286, 4894, 6344, 9851, 692, 9329, 5837, 2955, 6195, 6029, 8542, 6912, 3218, 6653, 5134, 1636, 195, 279, 2151, 5714, 1840, 8666, 6970, 2066, 6715, 3819, 9103, 866, 232, 7717, 3905, 5871, 6243, 2769, 9809, 7989, 3459, 9465, 1605, 7186, 769, 2236, 734, 226, 1049, 9237, 8046, 3228, 1683, 606, 9563, 8254, 6349, 9497, 8428, 3806, 6035, 3752, 6387, 1479, 8566, 898, 8632, 2923, 357, 1181, 7609, 5056, 1926, 2701, 3075, 1251, 7210, 7246, 9010, 4749, 6190, 7275, 3164, 6299, 2521, 6596, 2120, 4986, 4906, 3107, 8336, 9246, 7262, 7509, 5154, 68, 8145, 3913, 4058, 2940, 8840, 9620, 2716, 8700, 4985, 7744, 5607, 1975, 3416, 797, 5147, 5461, 2193, 2111, 7569, 8399, 563, 2187, 993, 8501, 4097, 5298, 6670, 9704, 8558, 1236, 6500, 598, 3463, 1230, 7398, 9298, 2126, 9933, 941, 3489, 2737, 1620, 697, 4020, 7497, 4820, 52, 3741, 2840, 87, 1094, 9790, 6703, 2017, 7344, 4282, 4765, 1690, 9415, 8972, 5917, 5680, 1813, 5273, 7401, 8514, 3716, 2085, 6958, 4871, 3180, 7360, 86, 1885, 8741, 4720, 7173, 9949, 189, 1715, 3319, 4313, 1693, 4223, 8066, 2950, 3601, 7558, 2181, 5532, 3439, 2957, 430, 4849, 1572, 6942, 1105, 6160, 1043, 1983, 8275, 5578, 7108, 5338, 5703, 717, 8363, 3355, 8657, 5274, 6532, 1944, 7952, 1308, 4423, 6008, 119, 5119, 4281, 5074, 8580, 3901, 3275, 4474, 8497, 5424, 5385, 1905, 1334, 2535, 3442, 1501, 7128, 7105, 5219, 3631, 3349, 8817, 3711, 1450, 7419, 6283, 162, 687, 2039, 9604, 3097, 1012, 4637, 7133, 6320, 7456, 2988, 6443, 9418, 3996, 3202, 7003, 5324, 1167, 5309, 1830, 7318, 5084, 6774, 1203, 3458, 4574, 7893, 6845, 1339, 4539, 1941, 3883, 275, 2067, 5116, 727, 2386, 5849, 367, 2898, 115, 3594, 2581, 3728, 6227, 6922, 6962, 5843, 3957, 323, 8872, 1708, 2359, 6729, 7202, 4140, 4646, 2506, 9522, 5205, 9254, 7687, 1513, 5774, 58, 5183, 5813, 678, 3327, 1474, 4562, 6125, 6085, 1080, 3253, 3896, 2024, 943, 4476, 4546, 9755, 8956, 5179, 5030, 5128, 5654, 7637, 2271, 2262, 7596, 3508, 4291, 5558, 1433, 2320, 8166, 3461, 8545, 5302, 355, 7182, 1788, 8562, 2948, 2300, 3298, 1612, 3995, 3115, 2316, 4643, 3283, 2524, 9819, 9273, 6913, 7969, 9794, 7314, 3346, 5919, 9969, 1238, 1299, 607, 6856, 4287, 7802, 3035, 924, 1738, 3773, 3715, 1007, 9708, 4565, 2643, 8602, 5628, 4304, 1109, 5006, 2205, 2854, 1886, 2651, 271, 25, 1739, 7054, 617, 4933, 184, 2684, 2782, 2859, 5185, 10, 8219, 8095, 176, 4453, 3216, 8708, 1088, 3186, 5529, 5410, 1398, 4306, 1147, 5330, 8721, 3761, 7734, 4682, 4547, 1767]
[5573, 7568, 7524, 4210, 4823, 6157, 1439, 1527, 1279, 266, 1051, 8861, 9059, 6839, 863, 3942, 7044, 9093, 6719, 9923, 3400, 8231, 9735, 180, 5700, 7242, 5009, 9385, 4963, 4369, 6821, 4477, 5206, 9243, 5582, 7941, 7958, 547, 245, 7415, 3587, 1304, 8189, 7625, 9253, 9911, 474, 4307, 9839, 2629, 7004, 9857, 4051, 7841, 2327, 5162, 4660, 3789, 7959, 3297, 6854, 4798, 5900, 3320, 3321, 1193, 7760, 2363, 8370, 4606, 434, 7580, 6138, 8420, 3031, 9750, 7638, 6746, 9823, 845, 6126, 3840, 4096, 8271, 1035, 5890, 7723, 7617, 8286, 4894, 6344, 9851, 692, 9329, 5837, 2955, 6195, 6029, 8542, 6912, 3218, 6653, 5134, 1636, 195, 279, 2151, 5714, 1840, 8666, 6970, 2066, 6715, 3819, 9103, 866, 232, 7717, 3905, 5871, 6243, 2769, 9809, 7989, 3459, 9465, 1605, 7186, 769, 2236, 734, 226, 1049, 9237, 8046, 3228, 1683, 606, 9563, 8254, 6349, 9497, 8428, 3806, 6035, 3752, 6387, 1479, 8566, 898, 8632, 2923, 357, 1181, 7609, 5056, 1926, 2701, 3075, 1251, 7210, 7246, 9010, 4749, 6190, 7275, 3164, 6299, 2521, 6596, 2120, 4986, 4906, 3107, 8336, 9246, 7262, 7509, 5154, 68, 8145, 3913, 4058, 2940, 8840, 9620, 2716, 8700, 4985, 7744, 5607, 1975, 3416, 797, 5147, 5461, 2193, 2111, 7569, 8399, 563, 2187, 993, 8501, 4097, 5298, 6670, 9704, 8558, 1236, 6500, 598, 3463, 1230, 7398, 9298, 2126, 9933, 941, 3489, 2737, 1620, 697, 4020, 7497, 4820, 52, 3741, 2840, 87, 1094, 9790, 6703, 2017, 7344, 4282, 4765, 1690, 9415, 8972, 5917, 5680, 1813, 5273, 7401, 8514, 3716, 2085, 6958, 4871, 3180, 7360, 86, 1885, 8741, 4720, 7173, 9949, 189, 1715, 3319, 4313, 1693, 4223, 8066, 2950, 3601, 7558, 2181, 5532, 3439, 2957, 430, 4849, 1572, 6942, 1105, 6160, 1043, 1983, 8275, 5578, 7108, 5338, 5703, 717, 8363, 3355, 8657, 5274, 6532, 1944, 7952, 1308, 4423, 6008, 119, 5119, 4281, 5074, 8580, 3901, 3275, 4474, 8497, 5424, 5385, 1905, 1334, 2535, 3442, 1501, 7128, 7105, 5219, 3631, 3349, 8817, 3711, 1450, 7419, 6283, 162, 687, 2039, 9604, 3097, 1012, 4637, 7133, 6320, 7456, 2988, 6443, 9418, 3996, 3202, 7003, 5324, 1167, 5309, 1830, 7318, 5084, 6774, 1203, 3458, 4574, 7893, 6845, 1339, 4539, 1941, 3883, 275, 2067, 5116, 727, 2386, 5849, 367, 2898, 115, 3594, 2581, 3728, 6227, 6922, 6962, 5843, 3957, 323, 8872, 1708, 2359, 6729, 7202, 4140, 4646, 2506, 9522, 5205, 9254, 7687, 1513, 5774, 58, 5183, 5813, 678, 3327, 1474, 4562, 6125, 6085, 1080, 3253, 3896, 2024, 943, 4476, 4546, 9755, 8956, 5179, 5030, 5128, 5654, 7637, 2271, 2262, 7596, 3508, 4291, 5558, 1433, 2320, 8166, 3461, 8545, 5302, 355, 7182, 1788, 8562, 2948, 2300, 3298, 1612, 3995, 3115, 2316, 4643, 3283, 2524, 9819, 9273, 6913, 7969, 9794, 7314, 3346, 5919, 9969, 1238, 1299, 607, 6856, 4287, 7802, 3035, 924, 1738, 3773, 3715, 1007, 9708, 4565, 2643, 8602, 5628, 4304, 1109, 5006, 2205, 2854, 1886, 2651, 271, 25, 1739, 7054, 617, 4933, 184, 2684, 2782, 2859, 5185, 10, 8219, 8095, 176, 4453, 3216, 8708, 1088, 3186, 5529, 5410, 1398, 4306, 1147, 5330, 8721, 3761, 7734, 4682, 4547, 1767]
[5573, 7568, 7524, 4210, 4823, 6157, 1439, 1527, 1279, 266, 1051, 8861, 9059, 6839, 863, 3942, 7044, 9093, 6719, 9923, 3400, 8231, 9735, 180, 5700, 7242, 5009, 9385, 4963, 4369, 6821, 4477, 5206, 9243, 5582, 7941, 7958, 547, 245, 7415, 3587, 1304, 8189, 7625, 9253, 9911, 474, 4307, 9839, 2629, 7004, 9857, 4051, 7841, 2327, 5162, 4660, 3789, 7959, 3297, 6854, 4798, 5900, 3320, 3321, 1193, 7760, 2363, 8370, 4606, 434, 7580, 6138, 8420, 3031, 9750, 7638, 6746, 9823, 845, 6126, 3840, 4096, 8271, 1035, 5890, 7723, 7617, 8286, 4894, 6344, 9851, 692, 9329, 5837, 2955, 6195, 6029, 8542, 6912, 3218, 6653, 5134, 1636, 195, 279, 2151, 5714, 1840, 8666, 6970, 2066, 6715, 3819, 9103, 866, 232, 7717, 3905, 5871, 6243, 2769, 9809, 7989, 3459, 9465, 1605, 7186, 769, 2236, 734, 226, 1049, 9237, 8046, 3228, 1683, 606, 9563, 8254, 6349, 9497, 8428, 3806, 6035, 3752, 6387, 1479, 8566, 898, 8632, 2923, 357, 1181, 7609, 5056, 1926, 2701, 3075, 1251, 7210, 7246, 9010, 4749, 6190, 7275, 3164, 6299, 2521, 6596, 2120, 4986, 4906, 3107, 8336, 9246, 7262, 7509, 5154, 68, 8145, 3913, 4058, 2940, 8840, 9620, 2716, 8700, 4985, 7744, 5607, 1975, 3416, 797, 5147, 5461, 2193, 2111, 7569, 8399, 563, 2187, 993, 8501, 4097, 5298, 6670, 9704, 8558, 1236, 6500, 598, 3463, 1230, 7398, 9298, 2126, 9933, 941, 3489, 2737, 1620, 697, 4020, 7497, 4820, 52, 3741, 2840, 87, 1094, 9790, 6703, 2017, 7344, 4282, 4765, 1690, 9415, 8972, 5917, 5680, 1813, 5273, 7401, 8514, 3716, 2085, 6958, 4871, 3180, 7360, 86, 1885, 8741, 4720, 7173, 9949, 189, 1715, 3319, 4313, 1693, 4223, 8066, 2950, 3601, 7558, 2181, 5532, 3439, 2957, 430, 4849, 1572, 6942, 1105, 6160, 1043, 1983, 8275, 5578, 7108, 5338, 5703, 717, 8363, 3355, 8657, 5274, 6532, 1944, 7952, 1308, 4423, 6008, 119, 5119, 4281, 5074, 8580, 3901, 3275, 4474, 8497, 5424, 5385, 1905, 1334, 2535, 3442, 1501, 7128, 7105, 5219, 3631, 3349, 8817, 3711, 1450, 7419, 6283, 162, 687, 2039, 9604, 3097, 1012, 4637, 7133, 6320, 7456, 2988, 6443, 9418, 3996, 3202, 7003, 5324, 1167, 5309, 1830, 7318, 5084, 6774, 1203, 3458, 4574, 7893, 6845, 1339, 4539, 1941, 3883, 275, 2067, 5116, 727, 2386, 5849, 367, 2898, 115, 3594, 2581, 3728, 6227, 6922, 6962, 5843, 3957, 323, 8872, 1708, 2359, 6729, 7202, 4140, 4646, 2506, 9522, 5205, 9254, 7687, 1513, 5774, 58, 5183, 5813, 678, 3327, 1474, 4562, 6125, 6085, 1080, 3253, 3896, 2024, 943, 4476, 4546, 9755, 8956, 5179, 5030, 5128, 5654, 7637, 2271, 2262, 7596, 3508, 4291, 5558, 1433, 2320, 8166, 3461, 8545, 5302, 355, 7182, 1788, 8562, 2948, 2300, 3298, 1612, 3995, 3115, 2316, 4643, 3283, 2524, 9819, 9273, 6913, 7969, 9794, 7314, 3346, 5919, 9969, 1238, 1299, 607, 6856, 4287, 7802, 3035, 924, 1738, 3773, 3715, 1007, 9708, 4565, 2643, 8602, 5628, 4304, 1109, 5006, 2205, 2854, 1886, 2651, 271, 25, 1739, 7054, 617, 4933, 184, 2684, 2782, 2859, 5185, 10, 8219, 8095, 176, 4453, 3216, 8708, 1088, 3186, 5529, 5410, 1398, 4306, 1147, 5330, 8721, 3761, 7734, 4682, 4547, 1767]
[5573, 7568, 7524, 4210, 4823, 6157, 1439, 1527, 1279, 266, 1051, 8861, 9059, 6839, 863, 3942, 7044, 9093, 6719, 9923, 3400, 8231, 9735, 180, 5700, 7242, 5009, 9385, 4963, 4369, 6821, 4477, 5206, 9243, 5582, 7941, 7958, 547, 245, 7415, 3587, 1304, 8189, 7625, 9253, 9911, 474, 4307, 9839, 2629, 7004, 9857, 4051, 7841, 2327, 5162, 4660, 3789, 7959, 3297, 6854, 4798, 5900, 3320, 3321, 1193, 7760, 2363, 8370, 4606, 434, 7580, 6138, 8420, 3031, 9750, 7638, 6746, 9823, 845, 6126, 3840, 4096, 8271, 1035, 5890, 7723, 7617, 8286, 4894, 6344, 9851, 692, 9329, 5837, 2955, 6195, 6029, 8542, 6912, 3218, 6653, 5134, 1636, 195, 279, 2151, 5714, 1840, 8666, 6970, 2066, 6715, 3819, 9103, 866, 232, 7717, 3905, 5871, 6243, 2769, 9809, 7989, 3459, 9465, 1605, 7186, 769, 2236, 734, 226, 1049, 9237, 8046, 3228, 1683, 606, 9563, 8254, 6349, 9497, 8428, 3806, 6035, 3752, 6387, 1479, 8566, 898, 8632, 2923, 357, 1181, 7609, 5056, 1926, 2701, 3075, 1251, 7210, 7246, 9010, 4749, 6190, 7275, 3164, 6299, 2521, 6596, 2120, 4986, 4906, 3107, 8336, 9246, 7262, 7509, 5154, 68, 8145, 3913, 4058, 2940, 8840, 9620, 2716, 8700, 4985, 7744, 5607, 1975, 3416, 797, 5147, 5461, 2193, 2111, 7569, 8399, 563, 2187, 993, 8501, 4097, 5298, 6670, 9704, 8558, 1236, 6500, 598, 3463, 1230, 7398, 9298, 2126, 9933, 941, 3489, 2737, 1620, 697, 4020, 7497, 4820, 52, 3741, 2840, 87, 1094, 9790, 6703, 2017, 7344, 4282, 4765, 1690, 9415, 8972, 5917, 5680, 1813, 5273, 7401, 8514, 3716, 2085, 6958, 4871, 3180, 7360, 86, 1885, 8741, 4720, 7173, 9949, 189, 1715, 3319, 4313, 1693, 4223, 8066, 2950, 3601, 7558, 2181, 5532, 3439, 2957, 430, 4849, 1572, 6942, 1105, 6160, 1043, 1983, 8275, 5578, 7108, 5338, 5703, 717, 8363, 3355, 8657, 5274, 6532, 1944, 7952, 1308, 4423, 6008, 119, 5119, 4281, 5074, 8580, 3901, 3275, 4474, 8497, 5424, 5385, 1905, 1334, 2535, 3442, 1501, 7128, 7105, 5219, 3631, 3349, 8817, 3711, 1450, 7419, 6283, 162, 687, 2039, 9604, 3097, 1012, 4637, 7133, 6320, 7456, 2988, 6443, 9418, 3996, 3202, 7003, 5324, 1167, 5309, 1830, 7318, 5084, 6774, 1203, 3458, 4574, 7893, 6845, 1339, 4539, 1941, 3883, 275, 2067, 5116, 727, 2386, 5849, 367, 2898, 115, 3594, 2581, 3728, 6227, 6922, 6962, 5843, 3957, 323, 8872, 1708, 2359, 6729, 7202, 4140, 4646, 2506, 9522, 5205, 9254, 7687, 1513, 5774, 58, 5183, 5813, 678, 3327, 1474, 4562, 6125, 6085, 1080, 3253, 3896, 2024, 943, 4476, 4546, 9755, 8956, 5179, 5030, 5128, 5654, 7637, 2271, 2262, 7596, 3508, 4291, 5558, 1433, 2320, 8166, 3461, 8545, 5302, 355, 7182, 1788, 8562, 2948, 2300, 3298, 1612, 3995, 3115, 2316, 4643, 3283, 2524, 9819, 9273, 6913, 7969, 9794, 7314, 3346, 5919, 9969, 1238, 1299, 607, 6856, 4287, 7802, 3035, 924, 1738, 3773, 3715, 1007, 9708, 4565, 2643, 8602, 5628, 4304, 1109, 5006, 2205, 2854, 1886, 2651, 271, 25, 1739, 7054, 617, 4933, 184, 2684, 2782, 2859, 5185, 10, 8219, 8095, 176, 4453, 3216, 8708, 1088, 3186, 5529, 5410, 1398, 4306, 1147, 5330, 8721, 3761, 7734, 4682, 4547, 1767]
[5573, 7568, 7524, 4210, 4823, 6157, 1439, 1527, 1279, 266, 1051, 8861, 9059, 6839, 863, 3942, 7044, 9093, 6719, 9923, 3400, 8231, 9735, 180, 5700, 7242, 5009, 9385, 4963, 4369, 6821, 4477, 5206, 9243, 5582, 7941, 7958, 547, 245, 7415, 3587, 1304, 8189, 7625, 9253, 9911, 474, 4307, 9839, 2629, 7004, 9857, 4051, 7841, 2327, 5162, 4660, 3789, 7959, 3297, 6854, 4798, 5900, 3320, 3321, 1193, 7760, 2363, 8370, 4606, 434, 7580, 6138, 8420, 3031, 9750, 7638, 6746, 9823, 845, 6126, 3840, 4096, 8271, 1035, 5890, 7723, 7617, 8286, 4894, 6344, 9851, 692, 9329, 5837, 2955, 6195, 6029, 8542, 6912, 3218, 6653, 5134, 1636, 195, 279, 2151, 5714, 1840, 8666, 6970, 2066, 6715, 3819, 9103, 866, 232, 7717, 3905, 5871, 6243, 2769, 9809, 7989, 3459, 9465, 1605, 7186, 769, 2236, 734, 226, 1049, 9237, 8046, 3228, 1683, 606, 9563, 8254, 6349, 9497, 8428, 3806, 6035, 3752, 6387, 1479, 8566, 898, 8632, 2923, 357, 1181, 7609, 5056, 1926, 2701, 3075, 1251, 7210, 7246, 9010, 4749, 6190, 7275, 3164, 6299, 2521, 6596, 2120, 4986, 4906, 3107, 8336, 9246, 7262, 7509, 5154, 68, 8145, 3913, 4058, 2940, 8840, 9620, 2716, 8700, 4985, 7744, 5607, 1975, 3416, 797, 5147, 5461, 2193, 2111, 7569, 8399, 563, 2187, 993, 8501, 4097, 5298, 6670, 9704, 8558, 1236, 6500, 598, 3463, 1230, 7398, 9298, 2126, 9933, 941, 3489, 2737, 1620, 697, 4020, 7497, 4820, 52, 3741, 2840, 87, 1094, 9790, 6703, 2017, 7344, 4282, 4765, 1690, 9415, 8972, 5917, 5680, 1813, 5273, 7401, 8514, 3716, 2085, 6958, 4871, 3180, 7360, 86, 1885, 8741, 4720, 7173, 9949, 189, 1715, 3319, 4313, 1693, 4223, 8066, 2950, 3601, 7558, 2181, 5532, 3439, 2957, 430, 4849, 1572, 6942, 1105, 6160, 1043, 1983, 8275, 5578, 7108, 5338, 5703, 717, 8363, 3355, 8657, 5274, 6532, 1944, 7952, 1308, 4423, 6008, 119, 5119, 4281, 5074, 8580, 3901, 3275, 4474, 8497, 5424, 5385, 1905, 1334, 2535, 3442, 1501, 7128, 7105, 5219, 3631, 3349, 8817, 3711, 1450, 7419, 6283, 162, 687, 2039, 9604, 3097, 1012, 4637, 7133, 6320, 7456, 2988, 6443, 9418, 3996, 3202, 7003, 5324, 1167, 5309, 1830, 7318, 5084, 6774, 1203, 3458, 4574, 7893, 6845, 1339, 4539, 1941, 3883, 275, 2067, 5116, 727, 2386, 5849, 367, 2898, 115, 3594, 2581, 3728, 6227, 6922, 6962, 5843, 3957, 323, 8872, 1708, 2359, 6729, 7202, 4140, 4646, 2506, 9522, 5205, 9254, 7687, 1513, 5774, 58, 5183, 5813, 678, 3327, 1474, 4562, 6125, 6085, 1080, 3253, 3896, 2024, 943, 4476, 4546, 9755, 8956, 5179, 5030, 5128, 5654, 7637, 2271, 2262, 7596, 3508, 4291, 5558, 1433, 2320, 8166, 3461, 8545, 5302, 355, 7182, 1788, 8562, 2948, 2300, 3298, 1612, 3995, 3115, 2316, 4643, 3283, 2524, 9819, 9273, 6913, 7969, 9794, 7314, 3346, 5919, 9969, 1238, 1299, 607, 6856, 4287, 7802, 3035, 924, 1738, 3773, 3715, 1007, 9708, 4565, 2643, 8602, 5628, 4304, 1109, 5006, 2205, 2854, 1886, 2651, 271, 25, 1739, 7054, 617, 4933, 184, 2684, 2782, 2859, 5185, 10, 8219, 8095, 176, 4453, 3216, 8708, 1088, 3186, 5529, 5410, 1398, 4306, 1147, 5330, 8721, 3761, 7734, 4682, 4547, 1767]
[5573, 7568, 7524, 4210, 4823, 6157, 1439, 1527, 1279, 266, 1051, 8861, 9059, 6839, 863, 3942, 7044, 9093, 6719, 9923, 3400, 8231, 9735, 180, 5700, 7242, 5009, 9385, 4963, 4369, 6821, 4477, 5206, 9243, 5582, 7941, 7958, 547, 245, 7415, 3587, 1304, 8189, 7625, 9253, 9911, 474, 4307, 9839, 2629, 7004, 9857, 4051, 7841, 2327, 5162, 4660, 3789, 7959, 3297, 6854, 4798, 5900, 3320, 3321, 1193, 7760, 2363, 8370, 4606, 434, 7580, 6138, 8420, 3031, 9750, 7638, 6746, 9823, 845, 6126, 3840, 4096, 8271, 1035, 5890, 7723, 7617, 8286, 4894, 6344, 9851, 692, 9329, 5837, 2955, 6195, 6029, 8542, 6912, 3218, 6653, 5134, 1636, 195, 279, 2151, 5714, 1840, 8666, 6970, 2066, 6715, 3819, 9103, 866, 232, 7717, 3905, 5871, 6243, 2769, 9809, 7989, 3459, 9465, 1605, 7186, 769, 2236, 734, 226, 1049, 9237, 8046, 3228, 1683, 606, 9563, 8254, 6349, 9497, 8428, 3806, 6035, 3752, 6387, 1479, 8566, 898, 8632, 2923, 357, 1181, 7609, 5056, 1926, 2701, 3075, 1251, 7210, 7246, 9010, 4749, 6190, 7275, 3164, 6299, 2521, 6596, 2120, 4986, 4906, 3107, 8336, 9246, 7262, 7509, 5154, 68, 8145, 3913, 4058, 2940, 8840, 9620, 2716, 8700, 4985, 7744, 5607, 1975, 3416, 797, 5147, 5461, 2193, 2111, 7569, 8399, 563, 2187, 993, 8501, 4097, 5298, 6670, 9704, 8558, 1236, 6500, 598, 3463, 1230, 7398, 9298, 2126, 9933, 941, 3489, 2737, 1620, 697, 4020, 7497, 4820, 52, 3741, 2840, 87, 1094, 9790, 6703, 2017, 7344, 4282, 4765, 1690, 9415, 8972, 5917, 5680, 1813, 5273, 7401, 8514, 3716, 2085, 6958, 4871, 3180, 7360, 86, 1885, 8741, 4720, 7173, 9949, 189, 1715, 3319, 4313, 1693, 4223, 8066, 2950, 3601, 7558, 2181, 5532, 3439, 2957, 430, 4849, 1572, 6942, 1105, 6160, 1043, 1983, 8275, 5578, 7108, 5338, 5703, 717, 8363, 3355, 8657, 5274, 6532, 1944, 7952, 1308, 4423, 6008, 119, 5119, 4281, 5074, 8580, 3901, 3275, 4474, 8497, 5424, 5385, 1905, 1334, 2535, 3442, 1501, 7128, 7105, 5219, 3631, 3349, 8817, 3711, 1450, 7419, 6283, 162, 687, 2039, 9604, 3097, 1012, 4637, 7133, 6320, 7456, 2988, 6443, 9418, 3996, 3202, 7003, 5324, 1167, 5309, 1830, 7318, 5084, 6774, 1203, 3458, 4574, 7893, 6845, 1339, 4539, 1941, 3883, 275, 2067, 5116, 727, 2386, 5849, 367, 2898, 115, 3594, 2581, 3728, 6227, 6922, 6962, 5843, 3957, 323, 8872, 1708, 2359, 6729, 7202, 4140, 4646, 2506, 9522, 5205, 9254, 7687, 1513, 5774, 58, 5183, 5813, 678, 3327, 1474, 4562, 6125, 6085, 1080, 3253, 3896, 2024, 943, 4476, 4546, 9755, 8956, 5179, 5030, 5128, 5654, 7637, 2271, 2262, 7596, 3508, 4291, 5558, 1433, 2320, 8166, 3461, 8545, 5302, 355, 7182, 1788, 8562, 2948, 2300, 3298, 1612, 3995, 3115, 2316, 4643, 3283, 2524, 9819, 9273, 6913, 7969, 9794, 7314, 3346, 5919, 9969, 1238, 1299, 607, 6856, 4287, 7802, 3035, 924, 1738, 3773, 3715, 1007, 9708, 4565, 2643, 8602, 5628, 4304, 1109, 5006, 2205, 2854, 1886, 2651, 271, 25, 1739, 7054, 617, 4933, 184, 2684, 2782, 2859, 5185, 10, 8219, 8095, 176, 4453, 3216, 8708, 1088, 3186, 5529, 5410, 1398, 4306, 1147, 5330, 8721, 3761, 7734, 4682, 4547, 1767]
[5573, 7568, 7524, 4210, 4823, 6157, 1439, 1527, 1279, 266, 1051, 8861, 9059, 6839, 863, 3942, 7044, 9093, 6719, 9923, 3400, 8231, 9735, 180, 5700, 7242, 5009, 9385, 4963, 4369, 6821, 4477, 5206, 9243, 5582, 7941, 7958, 547, 245, 7415, 3587, 1304, 8189, 7625, 9253, 9911, 474, 4307, 9839, 2629, 7004, 9857, 4051, 7841, 2327, 5162, 4660, 3789, 7959, 3297, 6854, 4798, 5900, 3320, 3321, 1193, 7760, 2363, 8370, 4606, 434, 7580, 6138, 8420, 3031, 9750, 7638, 6746, 9823, 845, 6126, 3840, 4096, 8271, 1035, 5890, 7723, 7617, 8286, 4894, 6344, 9851, 692, 9329, 5837, 2955, 6195, 6029, 8542, 6912, 3218, 6653, 5134, 1636, 195, 279, 2151, 5714, 1840, 8666, 6970, 2066, 6715, 3819, 9103, 866, 232, 7717, 3905, 5871, 6243, 2769, 9809, 7989, 3459, 9465, 1605, 7186, 769, 2236, 734, 226, 1049, 9237, 8046, 3228, 1683, 606, 9563, 8254, 6349, 9497, 8428, 3806, 6035, 3752, 6387, 1479, 8566, 898, 8632, 2923, 357, 1181, 7609, 5056, 1926, 2701, 3075, 1251, 7210, 7246, 9010, 4749, 6190, 7275, 3164, 6299, 2521, 6596, 2120, 4986, 4906, 3107, 8336, 9246, 7262, 7509, 5154, 68, 8145, 3913, 4058, 2940, 8840, 9620, 2716, 8700, 4985, 7744, 5607, 1975, 3416, 797, 5147, 5461, 2193, 2111, 7569, 8399, 563, 2187, 993, 8501, 4097, 5298, 6670, 9704, 8558, 1236, 6500, 598, 3463, 1230, 7398, 9298, 2126, 9933, 941, 3489, 2737, 1620, 697, 4020, 7497, 4820, 52, 3741, 2840, 87, 1094, 9790, 6703, 2017, 7344, 4282, 4765, 1690, 9415, 8972, 5917, 5680, 1813, 5273, 7401, 8514, 3716, 2085, 6958, 4871, 3180, 7360, 86, 1885, 8741, 4720, 7173, 9949, 189, 1715, 3319, 4313, 1693, 4223, 8066, 2950, 3601, 7558, 2181, 5532, 3439, 2957, 430, 4849, 1572, 6942, 1105, 6160, 1043, 1983, 8275, 5578, 7108, 5338, 5703, 717, 8363, 3355, 8657, 5274, 6532, 1944, 7952, 1308, 4423, 6008, 119, 5119, 4281, 5074, 8580, 3901, 3275, 4474, 8497, 5424, 5385, 1905, 1334, 2535, 3442, 1501, 7128, 7105, 5219, 3631, 3349, 8817, 3711, 1450, 7419, 6283, 162, 687, 2039, 9604, 3097, 1012, 4637, 7133, 6320, 7456, 2988, 6443, 9418, 3996, 3202, 7003, 5324, 1167, 5309, 1830, 7318, 5084, 6774, 1203, 3458, 4574, 7893, 6845, 1339, 4539, 1941, 3883, 275, 2067, 5116, 727, 2386, 5849, 367, 2898, 115, 3594, 2581, 3728, 6227, 6922, 6962, 5843, 3957, 323, 8872, 1708, 2359, 6729, 7202, 4140, 4646, 2506, 9522, 5205, 9254, 7687, 1513, 5774, 58, 5183, 5813, 678, 3327, 1474, 4562, 6125, 6085, 1080, 3253, 3896, 2024, 943, 4476, 4546, 9755, 8956, 5179, 5030, 5128, 5654, 7637, 2271, 2262, 7596, 3508, 4291, 5558, 1433, 2320, 8166, 3461, 8545, 5302, 355, 7182, 1788, 8562, 2948, 2300, 3298, 1612, 3995, 3115, 2316, 4643, 3283, 2524, 9819, 9273, 6913, 7969, 9794, 7314, 3346, 5919, 9969, 1238, 1299, 607, 6856, 4287, 7802, 3035, 924, 1738, 3773, 3715, 1007, 9708, 4565, 2643, 8602, 5628, 4304, 1109, 5006, 2205, 2854, 1886, 2651, 271, 25, 1739, 7054, 617, 4933, 184, 2684, 2782, 2859, 5185, 10, 8219, 8095, 176, 4453, 3216, 8708, 1088, 3186, 5529, 5410, 1398, 4306, 1147, 5330, 8721, 3761, 7734, 4682, 4547, 1767]
[5573, 7568, 7524, 4210, 4823, 6157, 1439, 1527, 1279, 266, 1051, 8861, 9059, 6839, 863, 3942, 7044, 9093, 6719, 9923, 3400, 8231, 9735, 180, 5700, 7242, 5009, 9385, 4963, 4369, 6821, 4477, 5206, 9243, 5582, 7941, 7958, 547, 245, 7415, 3587, 1304, 8189, 7625, 9253, 9911, 474, 4307, 9839, 2629, 7004, 9857, 4051, 7841, 2327, 5162, 4660, 3789, 7959, 3297, 6854, 4798, 5900, 3320, 3321, 1193, 7760, 2363, 8370, 4606, 434, 7580, 6138, 8420, 3031, 9750, 7638, 6746, 9823, 845, 6126, 3840, 4096, 8271, 1035, 5890, 7723, 7617, 8286, 4894, 6344, 9851, 692, 9329, 5837, 2955, 6195, 6029, 8542, 6912, 3218, 6653, 5134, 1636, 195, 279, 2151, 5714, 1840, 8666, 6970, 2066, 6715, 3819, 9103, 866, 232, 7717, 3905, 5871, 6243, 2769, 9809, 7989, 3459, 9465, 1605, 7186, 769, 2236, 734, 226, 1049, 9237, 8046, 3228, 1683, 606, 9563, 8254, 6349, 9497, 8428, 3806, 6035, 3752, 6387, 1479, 8566, 898, 8632, 2923, 357, 1181, 7609, 5056, 1926, 2701, 3075, 1251, 7210, 7246, 9010, 4749, 6190, 7275, 3164, 6299, 2521, 6596, 2120, 4986, 4906, 3107, 8336, 9246, 7262, 7509, 5154, 68, 8145, 3913, 4058, 2940, 8840, 9620, 2716, 8700, 4985, 7744, 5607, 1975, 3416, 797, 5147, 5461, 2193, 2111, 7569, 8399, 563, 2187, 993, 8501, 4097, 5298, 6670, 9704, 8558, 1236, 6500, 598, 3463, 1230, 7398, 9298, 2126, 9933, 941, 3489, 2737, 1620, 697, 4020, 7497, 4820, 52, 3741, 2840, 87, 1094, 9790, 6703, 2017, 7344, 4282, 4765, 1690, 9415, 8972, 5917, 5680, 1813, 5273, 7401, 8514, 3716, 2085, 6958, 4871, 3180, 7360, 86, 1885, 8741, 4720, 7173, 9949, 189, 1715, 3319, 4313, 1693, 4223, 8066, 2950, 3601, 7558, 2181, 5532, 3439, 2957, 430, 4849, 1572, 6942, 1105, 6160, 1043, 1983, 8275, 5578, 7108, 5338, 5703, 717, 8363, 3355, 8657, 5274, 6532, 1944, 7952, 1308, 4423, 6008, 119, 5119, 4281, 5074, 8580, 3901, 3275, 4474, 8497, 5424, 5385, 1905, 1334, 2535, 3442, 1501, 7128, 7105, 5219, 3631, 3349, 8817, 3711, 1450, 7419, 6283, 162, 687, 2039, 9604, 3097, 1012, 4637, 7133, 6320, 7456, 2988, 6443, 9418, 3996, 3202, 7003, 5324, 1167, 5309, 1830, 7318, 5084, 6774, 1203, 3458, 4574, 7893, 6845, 1339, 4539, 1941, 3883, 275, 2067, 5116, 727, 2386, 5849, 367, 2898, 115, 3594, 2581, 3728, 6227, 6922, 6962, 5843, 3957, 323, 8872, 1708, 2359, 6729, 7202, 4140, 4646, 2506, 9522, 5205, 9254, 7687, 1513, 5774, 58, 5183, 5813, 678, 3327, 1474, 4562, 6125, 6085, 1080, 3253, 3896, 2024, 943, 4476, 4546, 9755, 8956, 5179, 5030, 5128, 5654, 7637, 2271, 2262, 7596, 3508, 4291, 5558, 1433, 2320, 8166, 3461, 8545, 5302, 355, 7182, 1788, 8562, 2948, 2300, 3298, 1612, 3995, 3115, 2316, 4643, 3283, 2524, 9819, 9273, 6913, 7969, 9794, 7314, 3346, 5919, 9969, 1238, 1299, 607, 6856, 4287, 7802, 3035, 924, 1738, 3773, 3715, 1007, 9708, 4565, 2643, 8602, 5628, 4304, 1109, 5006, 2205, 2854, 1886, 2651, 271, 25, 1739, 7054, 617, 4933, 184, 2684, 2782, 2859, 5185, 10, 8219, 8095, 176, 4453, 3216, 8708, 1088, 3186, 5529, 5410, 1398, 4306, 1147, 5330, 8721, 3761, 7734, 4682, 4547, 1767]
[5573, 7568, 7524, 4210, 4823, 6157, 1439, 1527, 1279, 266, 1051, 8861, 9059, 6839, 863, 3942, 7044, 9093, 6719, 9923, 3400, 8231, 9735, 180, 5700, 7242, 5009, 9385, 4963, 4369, 6821, 4477, 5206, 9243, 5582, 7941, 7958, 547, 245, 7415, 3587, 1304, 8189, 7625, 9253, 9911, 474, 4307, 9839, 2629, 7004, 9857, 4051, 7841, 2327, 5162, 4660, 3789, 7959, 3297, 6854, 4798, 5900, 3320, 3321, 1193, 7760, 2363, 8370, 4606, 434, 7580, 6138, 8420, 3031, 9750, 7638, 6746, 9823, 845, 6126, 3840, 4096, 8271, 1035, 5890, 7723, 7617, 8286, 4894, 6344, 9851, 692, 9329, 5837, 2955, 6195, 6029, 8542, 6912, 3218, 6653, 5134, 1636, 195, 279, 2151, 5714, 1840, 8666, 6970, 2066, 6715, 3819, 9103, 866, 232, 7717, 3905, 5871, 6243, 2769, 9809, 7989, 3459, 9465, 1605, 7186, 769, 2236, 734, 226, 1049, 9237, 8046, 3228, 1683, 606, 9563, 8254, 6349, 9497, 8428, 3806, 6035, 3752, 6387, 1479, 8566, 898, 8632, 2923, 357, 1181, 7609, 5056, 1926, 2701, 3075, 1251, 7210, 7246, 9010, 4749, 6190, 7275, 3164, 6299, 2521, 6596, 2120, 4986, 4906, 3107, 8336, 9246, 7262, 7509, 5154, 68, 8145, 3913, 4058, 2940, 8840, 9620, 2716, 8700, 4985, 7744, 5607, 1975, 3416, 797, 5147, 5461, 2193, 2111, 7569, 8399, 563, 2187, 993, 8501, 4097, 5298, 6670, 9704, 8558, 1236, 6500, 598, 3463, 1230, 7398, 9298, 2126, 9933, 941, 3489, 2737, 1620, 697, 4020, 7497, 4820, 52, 3741, 2840, 87, 1094, 9790, 6703, 2017, 7344, 4282, 4765, 1690, 9415, 8972, 5917, 5680, 1813, 5273, 7401, 8514, 3716, 2085, 6958, 4871, 3180, 7360, 86, 1885, 8741, 4720, 7173, 9949, 189, 1715, 3319, 4313, 1693, 4223, 8066, 2950, 3601, 7558, 2181, 5532, 3439, 2957, 430, 4849, 1572, 6942, 1105, 6160, 1043, 1983, 8275, 5578, 7108, 5338, 5703, 717, 8363, 3355, 8657, 5274, 6532, 1944, 7952, 1308, 4423, 6008, 119, 5119, 4281, 5074, 8580, 3901, 3275, 4474, 8497, 5424, 5385, 1905, 1334, 2535, 3442, 1501, 7128, 7105, 5219, 3631, 3349, 8817, 3711, 1450, 7419, 6283, 162, 687, 2039, 9604, 3097, 1012, 4637, 7133, 6320, 7456, 2988, 6443, 9418, 3996, 3202, 7003, 5324, 1167, 5309, 1830, 7318, 5084, 6774, 1203, 3458, 4574, 7893, 6845, 1339, 4539, 1941, 3883, 275, 2067, 5116, 727, 2386, 5849, 367, 2898, 115, 3594, 2581, 3728, 6227, 6922, 6962, 5843, 3957, 323, 8872, 1708, 2359, 6729, 7202, 4140, 4646, 2506, 9522, 5205, 9254, 7687, 1513, 5774, 58, 5183, 5813, 678, 3327, 1474, 4562, 6125, 6085, 1080, 3253, 3896, 2024, 943, 4476, 4546, 9755, 8956, 5179, 5030, 5128, 5654, 7637, 2271, 2262, 7596, 3508, 4291, 5558, 1433, 2320, 8166, 3461, 8545, 5302, 355, 7182, 1788, 8562, 2948, 2300, 3298, 1612, 3995, 3115, 2316, 4643, 3283, 2524, 9819, 9273, 6913, 7969, 9794, 7314, 3346, 5919, 9969, 1238, 1299, 607, 6856, 4287, 7802, 3035, 924, 1738, 3773, 3715, 1007, 9708, 4565, 2643, 8602, 5628, 4304, 1109, 5006, 2205, 2854, 1886, 2651, 271, 25, 1739, 7054, 617, 4933, 184, 2684, 2782, 2859, 5185, 10, 8219, 8095, 176, 4453, 3216, 8708, 1088, 3186, 5529, 5410, 1398, 4306, 1147, 5330, 8721, 3761, 7734, 4682, 4547, 1767]
[5573, 7568, 7524, 4210, 4823, 6157, 1439, 1527, 1279, 266, 1051, 8861, 9059, 6839, 863, 3942, 7044, 9093, 6719, 9923, 3400, 8231, 9735, 180, 5700, 7242, 5009, 9385, 4963, 4369, 6821, 4477, 5206, 9243, 5582, 7941, 7958, 547, 245, 7415, 3587, 1304, 8189, 7625, 9253, 9911, 474, 4307, 9839, 2629, 7004, 9857, 4051, 7841, 2327, 5162, 4660, 3789, 7959, 3297, 6854, 4798, 5900, 3320, 3321, 1193, 7760, 2363, 8370, 4606, 434, 7580, 6138, 8420, 3031, 9750, 7638, 6746, 9823, 845, 6126, 3840, 4096, 8271, 1035, 5890, 7723, 7617, 8286, 4894, 6344, 9851, 692, 9329, 5837, 2955, 6195, 6029, 8542, 6912, 3218, 6653, 5134, 1636, 195, 279, 2151, 5714, 1840, 8666, 6970, 2066, 6715, 3819, 9103, 866, 232, 7717, 3905, 5871, 6243, 2769, 9809, 7989, 3459, 9465, 1605, 7186, 769, 2236, 734, 226, 1049, 9237, 8046, 3228, 1683, 606, 9563, 8254, 6349, 9497, 8428, 3806, 6035, 3752, 6387, 1479, 8566, 898, 8632, 2923, 357, 1181, 7609, 5056, 1926, 2701, 3075, 1251, 7210, 7246, 9010, 4749, 6190, 7275, 3164, 6299, 2521, 6596, 2120, 4986, 4906, 3107, 8336, 9246, 7262, 7509, 5154, 68, 8145, 3913, 4058, 2940, 8840, 9620, 2716, 8700, 4985, 7744, 5607, 1975, 3416, 797, 5147, 5461, 2193, 2111, 7569, 8399, 563, 2187, 993, 8501, 4097, 5298, 6670, 9704, 8558, 1236, 6500, 598, 3463, 1230, 7398, 9298, 2126, 9933, 941, 3489, 2737, 1620, 697, 4020, 7497, 4820, 52, 3741, 2840, 87, 1094, 9790, 6703, 2017, 7344, 4282, 4765, 1690, 9415, 8972, 5917, 5680, 1813, 5273, 7401, 8514, 3716, 2085, 6958, 4871, 3180, 7360, 86, 1885, 8741, 4720, 7173, 9949, 189, 1715, 3319, 4313, 1693, 4223, 8066, 2950, 3601, 7558, 2181, 5532, 3439, 2957, 430, 4849, 1572, 6942, 1105, 6160, 1043, 1983, 8275, 5578, 7108, 5338, 5703, 717, 8363, 3355, 8657, 5274, 6532, 1944, 7952, 1308, 4423, 6008, 119, 5119, 4281, 5074, 8580, 3901, 3275, 4474, 8497, 5424, 5385, 1905, 1334, 2535, 3442, 1501, 7128, 7105, 5219, 3631, 3349, 8817, 3711, 1450, 7419, 6283, 162, 687, 2039, 9604, 3097, 1012, 4637, 7133, 6320, 7456, 2988, 6443, 9418, 3996, 3202, 7003, 5324, 1167, 5309, 1830, 7318, 5084, 6774, 1203, 3458, 4574, 7893, 6845, 1339, 4539, 1941, 3883, 275, 2067, 5116, 727, 2386, 5849, 367, 2898, 115, 3594, 2581, 3728, 6227, 6922, 6962, 5843, 3957, 323, 8872, 1708, 2359, 6729, 7202, 4140, 4646, 2506, 9522, 5205, 9254, 7687, 1513, 5774, 58, 5183, 5813, 678, 3327, 1474, 4562, 6125, 6085, 1080, 3253, 3896, 2024, 943, 4476, 4546, 9755, 8956, 5179, 5030, 5128, 5654, 7637, 2271, 2262, 7596, 3508, 4291, 5558, 1433, 2320, 8166, 3461, 8545, 5302, 355, 7182, 1788, 8562, 2948, 2300, 3298, 1612, 3995, 3115, 2316, 4643, 3283, 2524, 9819, 9273, 6913, 7969, 9794, 7314, 3346, 5919, 9969, 1238, 1299, 607, 6856, 4287, 7802, 3035, 924, 1738, 3773, 3715, 1007, 9708, 4565, 2643, 8602, 5628, 4304, 1109, 5006, 2205, 2854, 1886, 2651, 271, 25, 1739, 7054, 617, 4933, 184, 2684, 2782, 2859, 5185, 10, 8219, 8095, 176, 4453, 3216, 8708, 1088, 3186, 5529, 5410, 1398, 4306, 1147, 5330, 8721, 3761, 7734, 4682, 4547, 1767]
[5573, 7568, 7524, 4210, 4823, 6157, 1439, 1527, 1279, 266, 1051, 8861, 9059, 6839, 863, 3942, 7044, 9093, 6719, 9923, 3400, 8231, 9735, 180, 5700, 7242, 5009, 9385, 4963, 4369, 6821, 4477, 5206, 9243, 5582, 7941, 7958, 547, 245, 7415, 3587, 1304, 8189, 7625, 9253, 9911, 474, 4307, 9839, 2629, 7004, 9857, 4051, 7841, 2327, 5162, 4660, 3789, 7959, 3297, 6854, 4798, 5900, 3320, 3321, 1193, 7760, 2363, 8370, 4606, 434, 7580, 6138, 8420, 3031, 9750, 7638, 6746, 9823, 845, 6126, 3840, 4096, 8271, 1035, 5890, 7723, 7617, 8286, 4894, 6344, 9851, 692, 9329, 5837, 2955, 6195, 6029, 8542, 6912, 3218, 6653, 5134, 1636, 195, 279, 2151, 5714, 1840, 8666, 6970, 2066, 6715, 3819, 9103, 866, 232, 7717, 3905, 5871, 6243, 2769, 9809, 7989, 3459, 9465, 1605, 7186, 769, 2236, 734, 226, 1049, 9237, 8046, 3228, 1683, 606, 9563, 8254, 6349, 9497, 8428, 3806, 6035, 3752, 6387, 1479, 8566, 898, 8632, 2923, 357, 1181, 7609, 5056, 1926, 2701, 3075, 1251, 7210, 7246, 9010, 4749, 6190, 7275, 3164, 6299, 2521, 6596, 2120, 4986, 4906, 3107, 8336, 9246, 7262, 7509, 5154, 68, 8145, 3913, 4058, 2940, 8840, 9620, 2716, 8700, 4985, 7744, 5607, 1975, 3416, 797, 5147, 5461, 2193, 2111, 7569, 8399, 563, 2187, 993, 8501, 4097, 5298, 6670, 9704, 8558, 1236, 6500, 598, 3463, 1230, 7398, 9298, 2126, 9933, 941, 3489, 2737, 1620, 697, 4020, 7497, 4820, 52, 3741, 2840, 87, 1094, 9790, 6703, 2017, 7344, 4282, 4765, 1690, 9415, 8972, 5917, 5680, 1813, 5273, 7401, 8514, 3716, 2085, 6958, 4871, 3180, 7360, 86, 1885, 8741, 4720, 7173, 9949, 189, 1715, 3319, 4313, 1693, 4223, 8066, 2950, 3601, 7558, 2181, 5532, 3439, 2957, 430, 4849, 1572, 6942, 1105, 6160, 1043, 1983, 8275, 5578, 7108, 5338, 5703, 717, 8363, 3355, 8657, 5274, 6532, 1944, 7952, 1308, 4423, 6008, 119, 5119, 4281, 5074, 8580, 3901, 3275, 4474, 8497, 5424, 5385, 1905, 1334, 2535, 3442, 1501, 7128, 7105, 5219, 3631, 3349, 8817, 3711, 1450, 7419, 6283, 162, 687, 2039, 9604, 3097, 1012, 4637, 7133, 6320, 7456, 2988, 6443, 9418, 3996, 3202, 7003, 5324, 1167, 5309, 1830, 7318, 5084, 6774, 1203, 3458, 4574, 7893, 6845, 1339, 4539, 1941, 3883, 275, 2067, 5116, 727, 2386, 5849, 367, 2898, 115, 3594, 2581, 3728, 6227, 6922, 6962, 5843, 3957, 323, 8872, 1708, 2359, 6729, 7202, 4140, 4646, 2506, 9522, 5205, 9254, 7687, 1513, 5774, 58, 5183, 5813, 678, 3327, 1474, 4562, 6125, 6085, 1080, 3253, 3896, 2024, 943, 4476, 4546, 9755, 8956, 5179, 5030, 5128, 5654, 7637, 2271, 2262, 7596, 3508, 4291, 5558, 1433, 2320, 8166, 3461, 8545, 5302, 355, 7182, 1788, 8562, 2948, 2300, 3298, 1612, 3995, 3115, 2316, 4643, 3283, 2524, 9819, 9273, 6913, 7969, 9794, 7314, 3346, 5919, 9969, 1238, 1299, 607, 6856, 4287, 7802, 3035, 924, 1738, 3773, 3715, 1007, 9708, 4565, 2643, 8602, 5628, 4304, 1109, 5006, 2205, 2854, 1886, 2651, 271, 25, 1739, 7054, 617, 4933, 184, 2684, 2782, 2859, 5185, 10, 8219, 8095, 176, 4453, 3216, 8708, 1088, 3186, 5529, 5410, 1398, 4306, 1147, 5330, 8721, 3761, 7734, 4682, 4547, 1767]
[5573, 7568, 7524, 4210, 4823, 6157, 1439, 1527, 1279, 266, 1051, 8861, 9059, 6839, 863, 3942, 7044, 9093, 6719, 9923, 3400, 8231, 9735, 180, 5700, 7242, 5009, 9385, 4963, 4369, 6821, 4477, 5206, 9243, 5582, 7941, 7958, 547, 245, 7415, 3587, 1304, 8189, 7625, 9253, 9911, 474, 4307, 9839, 2629, 7004, 9857, 4051, 7841, 2327, 5162, 4660, 3789, 7959, 3297, 6854, 4798, 5900, 3320, 3321, 1193, 7760, 2363, 8370, 4606, 434, 7580, 6138, 8420, 3031, 9750, 7638, 6746, 9823, 845, 6126, 3840, 4096, 8271, 1035, 5890, 7723, 7617, 8286, 4894, 6344, 9851, 692, 9329, 5837, 2955, 6195, 6029, 8542, 6912, 3218, 6653, 5134, 1636, 195, 279, 2151, 5714, 1840, 8666, 6970, 2066, 6715, 3819, 9103, 866, 232, 7717, 3905, 5871, 6243, 2769, 9809, 7989, 3459, 9465, 1605, 7186, 769, 2236, 734, 226, 1049, 9237, 8046, 3228, 1683, 606, 9563, 8254, 6349, 9497, 8428, 3806, 6035, 3752, 6387, 1479, 8566, 898, 8632, 2923, 357, 1181, 7609, 5056, 1926, 2701, 3075, 1251, 7210, 7246, 9010, 4749, 6190, 7275, 3164, 6299, 2521, 6596, 2120, 4986, 4906, 3107, 8336, 9246, 7262, 7509, 5154, 68, 8145, 3913, 4058, 2940, 8840, 9620, 2716, 8700, 4985, 7744, 5607, 1975, 3416, 797, 5147, 5461, 2193, 2111, 7569, 8399, 563, 2187, 993, 8501, 4097, 5298, 6670, 9704, 8558, 1236, 6500, 598, 3463, 1230, 7398, 9298, 2126, 9933, 941, 3489, 2737, 1620, 697, 4020, 7497, 4820, 52, 3741, 2840, 87, 1094, 9790, 6703, 2017, 7344, 4282, 4765, 1690, 9415, 8972, 5917, 5680, 1813, 5273, 7401, 8514, 3716, 2085, 6958, 4871, 3180, 7360, 86, 1885, 8741, 4720, 7173, 9949, 189, 1715, 3319, 4313, 1693, 4223, 8066, 2950, 3601, 7558, 2181, 5532, 3439, 2957, 430, 4849, 1572, 6942, 1105, 6160, 1043, 1983, 8275, 5578, 7108, 5338, 5703, 717, 8363, 3355, 8657, 5274, 6532, 1944, 7952, 1308, 4423, 6008, 119, 5119, 4281, 5074, 8580, 3901, 3275, 4474, 8497, 5424, 5385, 1905, 1334, 2535, 3442, 1501, 7128, 7105, 5219, 3631, 3349, 8817, 3711, 1450, 7419, 6283, 162, 687, 2039, 9604, 3097, 1012, 4637, 7133, 6320, 7456, 2988, 6443, 9418, 3996, 3202, 7003, 5324, 1167, 5309, 1830, 7318, 5084, 6774, 1203, 3458, 4574, 7893, 6845, 1339, 4539, 1941, 3883, 275, 2067, 5116, 727, 2386, 5849, 367, 2898, 115, 3594, 2581, 3728, 6227, 6922, 6962, 5843, 3957, 323, 8872, 1708, 2359, 6729, 7202, 4140, 4646, 2506, 9522, 5205, 9254, 7687, 1513, 5774, 58, 5183, 5813, 678, 3327, 1474, 4562, 6125, 6085, 1080, 3253, 3896, 2024, 943, 4476, 4546, 9755, 8956, 5179, 5030, 5128, 5654, 7637, 2271, 2262, 7596, 3508, 4291, 5558, 1433, 2320, 8166, 3461, 8545, 5302, 355, 7182, 1788, 8562, 2948, 2300, 3298, 1612, 3995, 3115, 2316, 4643, 3283, 2524, 9819, 9273, 6913, 7969, 9794, 7314, 3346, 5919, 9969, 1238, 1299, 607, 6856, 4287, 7802, 3035, 924, 1738, 3773, 3715, 1007, 9708, 4565, 2643, 8602, 5628, 4304, 1109, 5006, 2205, 2854, 1886, 2651, 271, 25, 1739, 7054, 617, 4933, 184, 2684, 2782, 2859, 5185, 10, 8219, 8095, 176, 4453, 3216, 8708, 1088, 3186, 5529, 5410, 1398, 4306, 1147, 5330, 8721, 3761, 7734, 4682, 4547, 1767]
[5573, 7568, 7524, 4210, 4823, 6157, 1439, 1527, 1279, 266, 1051, 8861, 9059, 6839, 863, 3942, 7044, 9093, 6719, 9923, 3400, 8231, 9735, 180, 5700, 7242, 5009, 9385, 4963, 4369, 6821, 4477, 5206, 9243, 5582, 7941, 7958, 547, 245, 7415, 3587, 1304, 8189, 7625, 9253, 9911, 474, 4307, 9839, 2629, 7004, 9857, 4051, 7841, 2327, 5162, 4660, 3789, 7959, 3297, 6854, 4798, 5900, 3320, 3321, 1193, 7760, 2363, 8370, 4606, 434, 7580, 6138, 8420, 3031, 9750, 7638, 6746, 9823, 845, 6126, 3840, 4096, 8271, 1035, 5890, 7723, 7617, 8286, 4894, 6344, 9851, 692, 9329, 5837, 2955, 6195, 6029, 8542, 6912, 3218, 6653, 5134, 1636, 195, 279, 2151, 5714, 1840, 8666, 6970, 2066, 6715, 3819, 9103, 866, 232, 7717, 3905, 5871, 6243, 2769, 9809, 7989, 3459, 9465, 1605, 7186, 769, 2236, 734, 226, 1049, 9237, 8046, 3228, 1683, 606, 9563, 8254, 6349, 9497, 8428, 3806, 6035, 3752, 6387, 1479, 8566, 898, 8632, 2923, 357, 1181, 7609, 5056, 1926, 2701, 3075, 1251, 7210, 7246, 9010, 4749, 6190, 7275, 3164, 6299, 2521, 6596, 2120, 4986, 4906, 3107, 8336, 9246, 7262, 7509, 5154, 68, 8145, 3913, 4058, 2940, 8840, 9620, 2716, 8700, 4985, 7744, 5607, 1975, 3416, 797, 5147, 5461, 2193, 2111, 7569, 8399, 563, 2187, 993, 8501, 4097, 5298, 6670, 9704, 8558, 1236, 6500, 598, 3463, 1230, 7398, 9298, 2126, 9933, 941, 3489, 2737, 1620, 697, 4020, 7497, 4820, 52, 3741, 2840, 87, 1094, 9790, 6703, 2017, 7344, 4282, 4765, 1690, 9415, 8972, 5917, 5680, 1813, 5273, 7401, 8514, 3716, 2085, 6958, 4871, 3180, 7360, 86, 1885, 8741, 4720, 7173, 9949, 189, 1715, 3319, 4313, 1693, 4223, 8066, 2950, 3601, 7558, 2181, 5532, 3439, 2957, 430, 4849, 1572, 6942, 1105, 6160, 1043, 1983, 8275, 5578, 7108, 5338, 5703, 717, 8363, 3355, 8657, 5274, 6532, 1944, 7952, 1308, 4423, 6008, 119, 5119, 4281, 5074, 8580, 3901, 3275, 4474, 8497, 5424, 5385, 1905, 1334, 2535, 3442, 1501, 7128, 7105, 5219, 3631, 3349, 8817, 3711, 1450, 7419, 6283, 162, 687, 2039, 9604, 3097, 1012, 4637, 7133, 6320, 7456, 2988, 6443, 9418, 3996, 3202, 7003, 5324, 1167, 5309, 1830, 7318, 5084, 6774, 1203, 3458, 4574, 7893, 6845, 1339, 4539, 1941, 3883, 275, 2067, 5116, 727, 2386, 5849, 367, 2898, 115, 3594, 2581, 3728, 6227, 6922, 6962, 5843, 3957, 323, 8872, 1708, 2359, 6729, 7202, 4140, 4646, 2506, 9522, 5205, 9254, 7687, 1513, 5774, 58, 5183, 5813, 678, 3327, 1474, 4562, 6125, 6085, 1080, 3253, 3896, 2024, 943, 4476, 4546, 9755, 8956, 5179, 5030, 5128, 5654, 7637, 2271, 2262, 7596, 3508, 4291, 5558, 1433, 2320, 8166, 3461, 8545, 5302, 355, 7182, 1788, 8562, 2948, 2300, 3298, 1612, 3995, 3115, 2316, 4643, 3283, 2524, 9819, 9273, 6913, 7969, 9794, 7314, 3346, 5919, 9969, 1238, 1299, 607, 6856, 4287, 7802, 3035, 924, 1738, 3773, 3715, 1007, 9708, 4565, 2643, 8602, 5628, 4304, 1109, 5006, 2205, 2854, 1886, 2651, 271, 25, 1739, 7054, 617, 4933, 184, 2684, 2782, 2859, 5185, 10, 8219, 8095, 176, 4453, 3216, 8708, 1088, 3186, 5529, 5410, 1398, 4306, 1147, 5330, 8721, 3761, 7734, 4682, 4547, 1767]
