Fault List:
52
52
52
52
52
52
52
52
52
52
52
52
52
52
52
52
52
52
52
52
52
52
52
52
52
52
52
52
52
52
FDR List:
0.52
0.52
0.52
0.52
0.52
0.52
0.52
0.52
0.52
0.52
0.52
0.52
0.52
0.52
0.52
0.52
0.52
0.52
0.52
0.52
0.52
0.52
0.52
0.52
0.52
0.52
0.52
0.52
0.52
0.52
Time List:
0.14856505393981934
0.24499011039733887
0.15857219696044922
0.1348249912261963
0.15238499641418457
0.17371225357055664
0.1866168975830078
0.18506574630737305
0.18953990936279297
0.18502521514892578
0.18900108337402344
0.19498920440673828
0.17733192443847656
0.18796420097351074
0.1775050163269043
0.188676118850708
0.18733596801757812
0.2582399845123291
0.18584609031677246
0.1805860996246338
0.17166805267333984
0.18467998504638672
0.15191125869750977
0.17859101295471191
0.21460413932800293
0.22056794166564941
0.1729297637939453
0.21174001693725586
0.20641398429870605
0.17610907554626465
Subset List:
[948, 2675, 7989, 2912, 275, 2810, 3084, 1100, 6389, 332, 6842, 9750, 8553, 6326, 5330, 6637, 9923, 724, 7952, 974, 3446, 9190, 675, 7443, 7632, 3391, 4775, 6514, 5819, 4565, 483, 433, 8656, 5272, 6825, 6134, 1868, 387, 5309, 4537, 5324, 3436, 2679, 1950, 2855, 5350, 7802, 6859, 4217, 8212, 3107, 7004, 2752, 9742, 9237, 2841, 7518, 1280, 9209, 4843, 9514, 2807, 6133, 1947, 2910, 9794, 7588, 6590, 5815, 8300, 214, 1167, 4581, 7491, 15, 5525, 9755, 3251, 5098, 551, 4632, 8886, 8286, 845, 5600, 6218, 1501, 1112, 3821, 1339, 3808, 9231, 9061, 3928, 7958, 4550, 1463, 6491, 3097, 3297]
[948, 2675, 7989, 2912, 275, 2810, 3084, 1100, 6389, 332, 6842, 9750, 8553, 6326, 5330, 6637, 9923, 724, 7952, 974, 3446, 9190, 675, 7443, 7632, 3391, 4775, 6514, 5819, 4565, 483, 433, 8656, 5272, 6825, 6134, 1868, 387, 5309, 4537, 5324, 3436, 2679, 1950, 2855, 5350, 7802, 6859, 4217, 8212, 3107, 7004, 2752, 9742, 9237, 2841, 7518, 1280, 9209, 4843, 9514, 2807, 6133, 1947, 2910, 9794, 7588, 6590, 5815, 8300, 214, 1167, 4581, 7491, 15, 5525, 9755, 3251, 5098, 551, 4632, 8886, 8286, 845, 5600, 6218, 1501, 1112, 3821, 1339, 3808, 9231, 9061, 3928, 7958, 4550, 1463, 6491, 3097, 3297]
[948, 2675, 7989, 2912, 275, 2810, 3084, 1100, 6389, 332, 6842, 9750, 8553, 6326, 5330, 6637, 9923, 724, 7952, 974, 3446, 9190, 675, 7443, 7632, 3391, 4775, 6514, 5819, 4565, 483, 433, 8656, 5272, 6825, 6134, 1868, 387, 5309, 4537, 5324, 3436, 2679, 1950, 2855, 5350, 7802, 6859, 4217, 8212, 3107, 7004, 2752, 9742, 9237, 2841, 7518, 1280, 9209, 4843, 9514, 2807, 6133, 1947, 2910, 9794, 7588, 6590, 5815, 8300, 214, 1167, 4581, 7491, 15, 5525, 9755, 3251, 5098, 551, 4632, 8886, 8286, 845, 5600, 6218, 1501, 1112, 3821, 1339, 3808, 9231, 9061, 3928, 7958, 4550, 1463, 6491, 3097, 3297]
[948, 2675, 7989, 2912, 275, 2810, 3084, 1100, 6389, 332, 6842, 9750, 8553, 6326, 5330, 6637, 9923, 724, 7952, 974, 3446, 9190, 675, 7443, 7632, 3391, 4775, 6514, 5819, 4565, 483, 433, 8656, 5272, 6825, 6134, 1868, 387, 5309, 4537, 5324, 3436, 2679, 1950, 2855, 5350, 7802, 6859, 4217, 8212, 3107, 7004, 2752, 9742, 9237, 2841, 7518, 1280, 9209, 4843, 9514, 2807, 6133, 1947, 2910, 9794, 7588, 6590, 5815, 8300, 214, 1167, 4581, 7491, 15, 5525, 9755, 3251, 5098, 551, 4632, 8886, 8286, 845, 5600, 6218, 1501, 1112, 3821, 1339, 3808, 9231, 9061, 3928, 7958, 4550, 1463, 6491, 3097, 3297]
[948, 2675, 7989, 2912, 275, 2810, 3084, 1100, 6389, 332, 6842, 9750, 8553, 6326, 5330, 6637, 9923, 724, 7952, 974, 3446, 9190, 675, 7443, 7632, 3391, 4775, 6514, 5819, 4565, 483, 433, 8656, 5272, 6825, 6134, 1868, 387, 5309, 4537, 5324, 3436, 2679, 1950, 2855, 5350, 7802, 6859, 4217, 8212, 3107, 7004, 2752, 9742, 9237, 2841, 7518, 1280, 9209, 4843, 9514, 2807, 6133, 1947, 2910, 9794, 7588, 6590, 5815, 8300, 214, 1167, 4581, 7491, 15, 5525, 9755, 3251, 5098, 551, 4632, 8886, 8286, 845, 5600, 6218, 1501, 1112, 3821, 1339, 3808, 9231, 9061, 3928, 7958, 4550, 1463, 6491, 3097, 3297]
[948, 2675, 7989, 2912, 275, 2810, 3084, 1100, 6389, 332, 6842, 9750, 8553, 6326, 5330, 6637, 9923, 724, 7952, 974, 3446, 9190, 675, 7443, 7632, 3391, 4775, 6514, 5819, 4565, 483, 433, 8656, 5272, 6825, 6134, 1868, 387, 5309, 4537, 5324, 3436, 2679, 1950, 2855, 5350, 7802, 6859, 4217, 8212, 3107, 7004, 2752, 9742, 9237, 2841, 7518, 1280, 9209, 4843, 9514, 2807, 6133, 1947, 2910, 9794, 7588, 6590, 5815, 8300, 214, 1167, 4581, 7491, 15, 5525, 9755, 3251, 5098, 551, 4632, 8886, 8286, 845, 5600, 6218, 1501, 1112, 3821, 1339, 3808, 9231, 9061, 3928, 7958, 4550, 1463, 6491, 3097, 3297]
[948, 2675, 7989, 2912, 275, 2810, 3084, 1100, 6389, 332, 6842, 9750, 8553, 6326, 5330, 6637, 9923, 724, 7952, 974, 3446, 9190, 675, 7443, 7632, 3391, 4775, 6514, 5819, 4565, 483, 433, 8656, 5272, 6825, 6134, 1868, 387, 5309, 4537, 5324, 3436, 2679, 1950, 2855, 5350, 7802, 6859, 4217, 8212, 3107, 7004, 2752, 9742, 9237, 2841, 7518, 1280, 9209, 4843, 9514, 2807, 6133, 1947, 2910, 9794, 7588, 6590, 5815, 8300, 214, 1167, 4581, 7491, 15, 5525, 9755, 3251, 5098, 551, 4632, 8886, 8286, 845, 5600, 6218, 1501, 1112, 3821, 1339, 3808, 9231, 9061, 3928, 7958, 4550, 1463, 6491, 3097, 3297]
[948, 2675, 7989, 2912, 275, 2810, 3084, 1100, 6389, 332, 6842, 9750, 8553, 6326, 5330, 6637, 9923, 724, 7952, 974, 3446, 9190, 675, 7443, 7632, 3391, 4775, 6514, 5819, 4565, 483, 433, 8656, 5272, 6825, 6134, 1868, 387, 5309, 4537, 5324, 3436, 2679, 1950, 2855, 5350, 7802, 6859, 4217, 8212, 3107, 7004, 2752, 9742, 9237, 2841, 7518, 1280, 9209, 4843, 9514, 2807, 6133, 1947, 2910, 9794, 7588, 6590, 5815, 8300, 214, 1167, 4581, 7491, 15, 5525, 9755, 3251, 5098, 551, 4632, 8886, 8286, 845, 5600, 6218, 1501, 1112, 3821, 1339, 3808, 9231, 9061, 3928, 7958, 4550, 1463, 6491, 3097, 3297]
[948, 2675, 7989, 2912, 275, 2810, 3084, 1100, 6389, 332, 6842, 9750, 8553, 6326, 5330, 6637, 9923, 724, 7952, 974, 3446, 9190, 675, 7443, 7632, 3391, 4775, 6514, 5819, 4565, 483, 433, 8656, 5272, 6825, 6134, 1868, 387, 5309, 4537, 5324, 3436, 2679, 1950, 2855, 5350, 7802, 6859, 4217, 8212, 3107, 7004, 2752, 9742, 9237, 2841, 7518, 1280, 9209, 4843, 9514, 2807, 6133, 1947, 2910, 9794, 7588, 6590, 5815, 8300, 214, 1167, 4581, 7491, 15, 5525, 9755, 3251, 5098, 551, 4632, 8886, 8286, 845, 5600, 6218, 1501, 1112, 3821, 1339, 3808, 9231, 9061, 3928, 7958, 4550, 1463, 6491, 3097, 3297]
[948, 2675, 7989, 2912, 275, 2810, 3084, 1100, 6389, 332, 6842, 9750, 8553, 6326, 5330, 6637, 9923, 724, 7952, 974, 3446, 9190, 675, 7443, 7632, 3391, 4775, 6514, 5819, 4565, 483, 433, 8656, 5272, 6825, 6134, 1868, 387, 5309, 4537, 5324, 3436, 2679, 1950, 2855, 5350, 7802, 6859, 4217, 8212, 3107, 7004, 2752, 9742, 9237, 2841, 7518, 1280, 9209, 4843, 9514, 2807, 6133, 1947, 2910, 9794, 7588, 6590, 5815, 8300, 214, 1167, 4581, 7491, 15, 5525, 9755, 3251, 5098, 551, 4632, 8886, 8286, 845, 5600, 6218, 1501, 1112, 3821, 1339, 3808, 9231, 9061, 3928, 7958, 4550, 1463, 6491, 3097, 3297]
[948, 2675, 7989, 2912, 275, 2810, 3084, 1100, 6389, 332, 6842, 9750, 8553, 6326, 5330, 6637, 9923, 724, 7952, 974, 3446, 9190, 675, 7443, 7632, 3391, 4775, 6514, 5819, 4565, 483, 433, 8656, 5272, 6825, 6134, 1868, 387, 5309, 4537, 5324, 3436, 2679, 1950, 2855, 5350, 7802, 6859, 4217, 8212, 3107, 7004, 2752, 9742, 9237, 2841, 7518, 1280, 9209, 4843, 9514, 2807, 6133, 1947, 2910, 9794, 7588, 6590, 5815, 8300, 214, 1167, 4581, 7491, 15, 5525, 9755, 3251, 5098, 551, 4632, 8886, 8286, 845, 5600, 6218, 1501, 1112, 3821, 1339, 3808, 9231, 9061, 3928, 7958, 4550, 1463, 6491, 3097, 3297]
[948, 2675, 7989, 2912, 275, 2810, 3084, 1100, 6389, 332, 6842, 9750, 8553, 6326, 5330, 6637, 9923, 724, 7952, 974, 3446, 9190, 675, 7443, 7632, 3391, 4775, 6514, 5819, 4565, 483, 433, 8656, 5272, 6825, 6134, 1868, 387, 5309, 4537, 5324, 3436, 2679, 1950, 2855, 5350, 7802, 6859, 4217, 8212, 3107, 7004, 2752, 9742, 9237, 2841, 7518, 1280, 9209, 4843, 9514, 2807, 6133, 1947, 2910, 9794, 7588, 6590, 5815, 8300, 214, 1167, 4581, 7491, 15, 5525, 9755, 3251, 5098, 551, 4632, 8886, 8286, 845, 5600, 6218, 1501, 1112, 3821, 1339, 3808, 9231, 9061, 3928, 7958, 4550, 1463, 6491, 3097, 3297]
[948, 2675, 7989, 2912, 275, 2810, 3084, 1100, 6389, 332, 6842, 9750, 8553, 6326, 5330, 6637, 9923, 724, 7952, 974, 3446, 9190, 675, 7443, 7632, 3391, 4775, 6514, 5819, 4565, 483, 433, 8656, 5272, 6825, 6134, 1868, 387, 5309, 4537, 5324, 3436, 2679, 1950, 2855, 5350, 7802, 6859, 4217, 8212, 3107, 7004, 2752, 9742, 9237, 2841, 7518, 1280, 9209, 4843, 9514, 2807, 6133, 1947, 2910, 9794, 7588, 6590, 5815, 8300, 214, 1167, 4581, 7491, 15, 5525, 9755, 3251, 5098, 551, 4632, 8886, 8286, 845, 5600, 6218, 1501, 1112, 3821, 1339, 3808, 9231, 9061, 3928, 7958, 4550, 1463, 6491, 3097, 3297]
[948, 2675, 7989, 2912, 275, 2810, 3084, 1100, 6389, 332, 6842, 9750, 8553, 6326, 5330, 6637, 9923, 724, 7952, 974, 3446, 9190, 675, 7443, 7632, 3391, 4775, 6514, 5819, 4565, 483, 433, 8656, 5272, 6825, 6134, 1868, 387, 5309, 4537, 5324, 3436, 2679, 1950, 2855, 5350, 7802, 6859, 4217, 8212, 3107, 7004, 2752, 9742, 9237, 2841, 7518, 1280, 9209, 4843, 9514, 2807, 6133, 1947, 2910, 9794, 7588, 6590, 5815, 8300, 214, 1167, 4581, 7491, 15, 5525, 9755, 3251, 5098, 551, 4632, 8886, 8286, 845, 5600, 6218, 1501, 1112, 3821, 1339, 3808, 9231, 9061, 3928, 7958, 4550, 1463, 6491, 3097, 3297]
[948, 2675, 7989, 2912, 275, 2810, 3084, 1100, 6389, 332, 6842, 9750, 8553, 6326, 5330, 6637, 9923, 724, 7952, 974, 3446, 9190, 675, 7443, 7632, 3391, 4775, 6514, 5819, 4565, 483, 433, 8656, 5272, 6825, 6134, 1868, 387, 5309, 4537, 5324, 3436, 2679, 1950, 2855, 5350, 7802, 6859, 4217, 8212, 3107, 7004, 2752, 9742, 9237, 2841, 7518, 1280, 9209, 4843, 9514, 2807, 6133, 1947, 2910, 9794, 7588, 6590, 5815, 8300, 214, 1167, 4581, 7491, 15, 5525, 9755, 3251, 5098, 551, 4632, 8886, 8286, 845, 5600, 6218, 1501, 1112, 3821, 1339, 3808, 9231, 9061, 3928, 7958, 4550, 1463, 6491, 3097, 3297]
[948, 2675, 7989, 2912, 275, 2810, 3084, 1100, 6389, 332, 6842, 9750, 8553, 6326, 5330, 6637, 9923, 724, 7952, 974, 3446, 9190, 675, 7443, 7632, 3391, 4775, 6514, 5819, 4565, 483, 433, 8656, 5272, 6825, 6134, 1868, 387, 5309, 4537, 5324, 3436, 2679, 1950, 2855, 5350, 7802, 6859, 4217, 8212, 3107, 7004, 2752, 9742, 9237, 2841, 7518, 1280, 9209, 4843, 9514, 2807, 6133, 1947, 2910, 9794, 7588, 6590, 5815, 8300, 214, 1167, 4581, 7491, 15, 5525, 9755, 3251, 5098, 551, 4632, 8886, 8286, 845, 5600, 6218, 1501, 1112, 3821, 1339, 3808, 9231, 9061, 3928, 7958, 4550, 1463, 6491, 3097, 3297]
[948, 2675, 7989, 2912, 275, 2810, 3084, 1100, 6389, 332, 6842, 9750, 8553, 6326, 5330, 6637, 9923, 724, 7952, 974, 3446, 9190, 675, 7443, 7632, 3391, 4775, 6514, 5819, 4565, 483, 433, 8656, 5272, 6825, 6134, 1868, 387, 5309, 4537, 5324, 3436, 2679, 1950, 2855, 5350, 7802, 6859, 4217, 8212, 3107, 7004, 2752, 9742, 9237, 2841, 7518, 1280, 9209, 4843, 9514, 2807, 6133, 1947, 2910, 9794, 7588, 6590, 5815, 8300, 214, 1167, 4581, 7491, 15, 5525, 9755, 3251, 5098, 551, 4632, 8886, 8286, 845, 5600, 6218, 1501, 1112, 3821, 1339, 3808, 9231, 9061, 3928, 7958, 4550, 1463, 6491, 3097, 3297]
[948, 2675, 7989, 2912, 275, 2810, 3084, 1100, 6389, 332, 6842, 9750, 8553, 6326, 5330, 6637, 9923, 724, 7952, 974, 3446, 9190, 675, 7443, 7632, 3391, 4775, 6514, 5819, 4565, 483, 433, 8656, 5272, 6825, 6134, 1868, 387, 5309, 4537, 5324, 3436, 2679, 1950, 2855, 5350, 7802, 6859, 4217, 8212, 3107, 7004, 2752, 9742, 9237, 2841, 7518, 1280, 9209, 4843, 9514, 2807, 6133, 1947, 2910, 9794, 7588, 6590, 5815, 8300, 214, 1167, 4581, 7491, 15, 5525, 9755, 3251, 5098, 551, 4632, 8886, 8286, 845, 5600, 6218, 1501, 1112, 3821, 1339, 3808, 9231, 9061, 3928, 7958, 4550, 1463, 6491, 3097, 3297]
[948, 2675, 7989, 2912, 275, 2810, 3084, 1100, 6389, 332, 6842, 9750, 8553, 6326, 5330, 6637, 9923, 724, 7952, 974, 3446, 9190, 675, 7443, 7632, 3391, 4775, 6514, 5819, 4565, 483, 433, 8656, 5272, 6825, 6134, 1868, 387, 5309, 4537, 5324, 3436, 2679, 1950, 2855, 5350, 7802, 6859, 4217, 8212, 3107, 7004, 2752, 9742, 9237, 2841, 7518, 1280, 9209, 4843, 9514, 2807, 6133, 1947, 2910, 9794, 7588, 6590, 5815, 8300, 214, 1167, 4581, 7491, 15, 5525, 9755, 3251, 5098, 551, 4632, 8886, 8286, 845, 5600, 6218, 1501, 1112, 3821, 1339, 3808, 9231, 9061, 3928, 7958, 4550, 1463, 6491, 3097, 3297]
[948, 2675, 7989, 2912, 275, 2810, 3084, 1100, 6389, 332, 6842, 9750, 8553, 6326, 5330, 6637, 9923, 724, 7952, 974, 3446, 9190, 675, 7443, 7632, 3391, 4775, 6514, 5819, 4565, 483, 433, 8656, 5272, 6825, 6134, 1868, 387, 5309, 4537, 5324, 3436, 2679, 1950, 2855, 5350, 7802, 6859, 4217, 8212, 3107, 7004, 2752, 9742, 9237, 2841, 7518, 1280, 9209, 4843, 9514, 2807, 6133, 1947, 2910, 9794, 7588, 6590, 5815, 8300, 214, 1167, 4581, 7491, 15, 5525, 9755, 3251, 5098, 551, 4632, 8886, 8286, 845, 5600, 6218, 1501, 1112, 3821, 1339, 3808, 9231, 9061, 3928, 7958, 4550, 1463, 6491, 3097, 3297]
[948, 2675, 7989, 2912, 275, 2810, 3084, 1100, 6389, 332, 6842, 9750, 8553, 6326, 5330, 6637, 9923, 724, 7952, 974, 3446, 9190, 675, 7443, 7632, 3391, 4775, 6514, 5819, 4565, 483, 433, 8656, 5272, 6825, 6134, 1868, 387, 5309, 4537, 5324, 3436, 2679, 1950, 2855, 5350, 7802, 6859, 4217, 8212, 3107, 7004, 2752, 9742, 9237, 2841, 7518, 1280, 9209, 4843, 9514, 2807, 6133, 1947, 2910, 9794, 7588, 6590, 5815, 8300, 214, 1167, 4581, 7491, 15, 5525, 9755, 3251, 5098, 551, 4632, 8886, 8286, 845, 5600, 6218, 1501, 1112, 3821, 1339, 3808, 9231, 9061, 3928, 7958, 4550, 1463, 6491, 3097, 3297]
[948, 2675, 7989, 2912, 275, 2810, 3084, 1100, 6389, 332, 6842, 9750, 8553, 6326, 5330, 6637, 9923, 724, 7952, 974, 3446, 9190, 675, 7443, 7632, 3391, 4775, 6514, 5819, 4565, 483, 433, 8656, 5272, 6825, 6134, 1868, 387, 5309, 4537, 5324, 3436, 2679, 1950, 2855, 5350, 7802, 6859, 4217, 8212, 3107, 7004, 2752, 9742, 9237, 2841, 7518, 1280, 9209, 4843, 9514, 2807, 6133, 1947, 2910, 9794, 7588, 6590, 5815, 8300, 214, 1167, 4581, 7491, 15, 5525, 9755, 3251, 5098, 551, 4632, 8886, 8286, 845, 5600, 6218, 1501, 1112, 3821, 1339, 3808, 9231, 9061, 3928, 7958, 4550, 1463, 6491, 3097, 3297]
[948, 2675, 7989, 2912, 275, 2810, 3084, 1100, 6389, 332, 6842, 9750, 8553, 6326, 5330, 6637, 9923, 724, 7952, 974, 3446, 9190, 675, 7443, 7632, 3391, 4775, 6514, 5819, 4565, 483, 433, 8656, 5272, 6825, 6134, 1868, 387, 5309, 4537, 5324, 3436, 2679, 1950, 2855, 5350, 7802, 6859, 4217, 8212, 3107, 7004, 2752, 9742, 9237, 2841, 7518, 1280, 9209, 4843, 9514, 2807, 6133, 1947, 2910, 9794, 7588, 6590, 5815, 8300, 214, 1167, 4581, 7491, 15, 5525, 9755, 3251, 5098, 551, 4632, 8886, 8286, 845, 5600, 6218, 1501, 1112, 3821, 1339, 3808, 9231, 9061, 3928, 7958, 4550, 1463, 6491, 3097, 3297]
[948, 2675, 7989, 2912, 275, 2810, 3084, 1100, 6389, 332, 6842, 9750, 8553, 6326, 5330, 6637, 9923, 724, 7952, 974, 3446, 9190, 675, 7443, 7632, 3391, 4775, 6514, 5819, 4565, 483, 433, 8656, 5272, 6825, 6134, 1868, 387, 5309, 4537, 5324, 3436, 2679, 1950, 2855, 5350, 7802, 6859, 4217, 8212, 3107, 7004, 2752, 9742, 9237, 2841, 7518, 1280, 9209, 4843, 9514, 2807, 6133, 1947, 2910, 9794, 7588, 6590, 5815, 8300, 214, 1167, 4581, 7491, 15, 5525, 9755, 3251, 5098, 551, 4632, 8886, 8286, 845, 5600, 6218, 1501, 1112, 3821, 1339, 3808, 9231, 9061, 3928, 7958, 4550, 1463, 6491, 3097, 3297]
[948, 2675, 7989, 2912, 275, 2810, 3084, 1100, 6389, 332, 6842, 9750, 8553, 6326, 5330, 6637, 9923, 724, 7952, 974, 3446, 9190, 675, 7443, 7632, 3391, 4775, 6514, 5819, 4565, 483, 433, 8656, 5272, 6825, 6134, 1868, 387, 5309, 4537, 5324, 3436, 2679, 1950, 2855, 5350, 7802, 6859, 4217, 8212, 3107, 7004, 2752, 9742, 9237, 2841, 7518, 1280, 9209, 4843, 9514, 2807, 6133, 1947, 2910, 9794, 7588, 6590, 5815, 8300, 214, 1167, 4581, 7491, 15, 5525, 9755, 3251, 5098, 551, 4632, 8886, 8286, 845, 5600, 6218, 1501, 1112, 3821, 1339, 3808, 9231, 9061, 3928, 7958, 4550, 1463, 6491, 3097, 3297]
[948, 2675, 7989, 2912, 275, 2810, 3084, 1100, 6389, 332, 6842, 9750, 8553, 6326, 5330, 6637, 9923, 724, 7952, 974, 3446, 9190, 675, 7443, 7632, 3391, 4775, 6514, 5819, 4565, 483, 433, 8656, 5272, 6825, 6134, 1868, 387, 5309, 4537, 5324, 3436, 2679, 1950, 2855, 5350, 7802, 6859, 4217, 8212, 3107, 7004, 2752, 9742, 9237, 2841, 7518, 1280, 9209, 4843, 9514, 2807, 6133, 1947, 2910, 9794, 7588, 6590, 5815, 8300, 214, 1167, 4581, 7491, 15, 5525, 9755, 3251, 5098, 551, 4632, 8886, 8286, 845, 5600, 6218, 1501, 1112, 3821, 1339, 3808, 9231, 9061, 3928, 7958, 4550, 1463, 6491, 3097, 3297]
[948, 2675, 7989, 2912, 275, 2810, 3084, 1100, 6389, 332, 6842, 9750, 8553, 6326, 5330, 6637, 9923, 724, 7952, 974, 3446, 9190, 675, 7443, 7632, 3391, 4775, 6514, 5819, 4565, 483, 433, 8656, 5272, 6825, 6134, 1868, 387, 5309, 4537, 5324, 3436, 2679, 1950, 2855, 5350, 7802, 6859, 4217, 8212, 3107, 7004, 2752, 9742, 9237, 2841, 7518, 1280, 9209, 4843, 9514, 2807, 6133, 1947, 2910, 9794, 7588, 6590, 5815, 8300, 214, 1167, 4581, 7491, 15, 5525, 9755, 3251, 5098, 551, 4632, 8886, 8286, 845, 5600, 6218, 1501, 1112, 3821, 1339, 3808, 9231, 9061, 3928, 7958, 4550, 1463, 6491, 3097, 3297]
[948, 2675, 7989, 2912, 275, 2810, 3084, 1100, 6389, 332, 6842, 9750, 8553, 6326, 5330, 6637, 9923, 724, 7952, 974, 3446, 9190, 675, 7443, 7632, 3391, 4775, 6514, 5819, 4565, 483, 433, 8656, 5272, 6825, 6134, 1868, 387, 5309, 4537, 5324, 3436, 2679, 1950, 2855, 5350, 7802, 6859, 4217, 8212, 3107, 7004, 2752, 9742, 9237, 2841, 7518, 1280, 9209, 4843, 9514, 2807, 6133, 1947, 2910, 9794, 7588, 6590, 5815, 8300, 214, 1167, 4581, 7491, 15, 5525, 9755, 3251, 5098, 551, 4632, 8886, 8286, 845, 5600, 6218, 1501, 1112, 3821, 1339, 3808, 9231, 9061, 3928, 7958, 4550, 1463, 6491, 3097, 3297]
[948, 2675, 7989, 2912, 275, 2810, 3084, 1100, 6389, 332, 6842, 9750, 8553, 6326, 5330, 6637, 9923, 724, 7952, 974, 3446, 9190, 675, 7443, 7632, 3391, 4775, 6514, 5819, 4565, 483, 433, 8656, 5272, 6825, 6134, 1868, 387, 5309, 4537, 5324, 3436, 2679, 1950, 2855, 5350, 7802, 6859, 4217, 8212, 3107, 7004, 2752, 9742, 9237, 2841, 7518, 1280, 9209, 4843, 9514, 2807, 6133, 1947, 2910, 9794, 7588, 6590, 5815, 8300, 214, 1167, 4581, 7491, 15, 5525, 9755, 3251, 5098, 551, 4632, 8886, 8286, 845, 5600, 6218, 1501, 1112, 3821, 1339, 3808, 9231, 9061, 3928, 7958, 4550, 1463, 6491, 3097, 3297]
[948, 2675, 7989, 2912, 275, 2810, 3084, 1100, 6389, 332, 6842, 9750, 8553, 6326, 5330, 6637, 9923, 724, 7952, 974, 3446, 9190, 675, 7443, 7632, 3391, 4775, 6514, 5819, 4565, 483, 433, 8656, 5272, 6825, 6134, 1868, 387, 5309, 4537, 5324, 3436, 2679, 1950, 2855, 5350, 7802, 6859, 4217, 8212, 3107, 7004, 2752, 9742, 9237, 2841, 7518, 1280, 9209, 4843, 9514, 2807, 6133, 1947, 2910, 9794, 7588, 6590, 5815, 8300, 214, 1167, 4581, 7491, 15, 5525, 9755, 3251, 5098, 551, 4632, 8886, 8286, 845, 5600, 6218, 1501, 1112, 3821, 1339, 3808, 9231, 9061, 3928, 7958, 4550, 1463, 6491, 3097, 3297]
