Fault List:
88
88
88
88
88
88
88
88
88
88
88
88
88
88
88
88
88
88
88
88
88
88
88
88
88
88
88
88
88
88
FDR List:
0.6197183098591549
0.6197183098591549
0.6197183098591549
0.6197183098591549
0.6197183098591549
0.6197183098591549
0.6197183098591549
0.6197183098591549
0.6197183098591549
0.6197183098591549
0.6197183098591549
0.6197183098591549
0.6197183098591549
0.6197183098591549
0.6197183098591549
0.6197183098591549
0.6197183098591549
0.6197183098591549
0.6197183098591549
0.6197183098591549
0.6197183098591549
0.6197183098591549
0.6197183098591549
0.6197183098591549
0.6197183098591549
0.6197183098591549
0.6197183098591549
0.6197183098591549
0.6197183098591549
0.6197183098591549
Time List:
8.61367392539978
6.533092260360718
8.362152814865112
6.208911895751953
7.001413106918335
6.11815071105957
7.576110124588013
6.841564893722534
6.410022020339966
6.953211784362793
7.389656066894531
7.629475116729736
7.119630813598633
7.446891784667969
6.607952117919922
6.566065073013306
6.224553108215332
6.563495874404907
6.250126838684082
6.265884876251221
6.184381008148193
6.106317043304443
6.175052165985107
6.978097915649414
7.544738054275513
6.697602987289429
7.08596396446228
6.700963020324707
7.944338798522949
6.021214962005615
Subset List:
[1029, 5148, 3451, 8557, 8156, 5482, 6799, 1455, 2367, 9337, 2842, 9350, 5689, 3973, 6067, 2973, 2476, 2189, 5108, 5382, 4142, 2352, 229, 4092, 6129, 930, 4289, 3953, 6715, 7711, 9791, 6452, 1051, 5249, 9152, 4056, 4744, 1622, 8204, 9449, 3608, 5939, 9991, 1450, 890, 8758, 3535, 3282, 6065, 7002, 8640, 4859, 5840, 7983, 9342, 2359, 8801, 4742, 6402, 1852, 3765, 6314, 5762, 1107, 8485, 2979, 3955, 1632, 933, 7411, 3866, 2219, 659, 6008, 9149, 9067, 8406, 5610, 151, 7998, 5088, 4187, 435, 6797, 6248, 4796, 1236, 2595, 1065, 3774, 6788, 8197, 5927, 1954, 4028, 4507, 6164, 7265, 4404, 7584, 1557, 8968, 2343, 5977, 7945, 584, 6006, 7267, 3103, 2820, 1277, 9765, 7509, 6407, 2900, 4826, 9548, 8784, 2701, 2652, 607, 8454, 8591, 7442, 6485, 8903, 9215, 2671, 8593, 6106, 3181, 5710, 8866, 7078, 8196, 6077, 7057, 4251, 1817, 3809, 8748, 4420, 9868, 1483, 5518, 3519, 3484, 4394, 6636, 1586, 5904, 5188, 6023, 5816, 320, 4756, 5820, 9636, 9919, 9087, 8041, 3038, 8070, 4042, 3106, 6809, 6037, 7679, 2284, 8086, 2398, 9957, 5197, 7047, 4569, 9362, 2089, 1098, 2823, 6112, 3045, 3487, 3311, 3198, 6293, 2086, 8683, 2150, 5981, 9276, 7134, 910, 1846, 1825, 6230, 5964, 2841, 6387, 956, 2331, 2106, 6331, 907, 7895, 1822, 7971, 2181, 5023, 8999, 3578, 4789, 9499, 3983, 7587, 4019, 4751, 9375, 6760, 8592, 7761, 6832, 4152, 3332, 6709, 581, 5210, 6168, 976, 7262, 851, 8672, 4746, 6591, 5304, 3609, 9251, 3342, 5186, 4047, 1399, 7959, 6003, 4490, 5090, 4643, 5589, 9005, 3109, 7303, 2503, 5510, 5943, 1388, 1158, 3861, 4782, 8417, 3481, 3669, 1169, 4981, 2382, 6733, 5123, 5012, 7167, 9989, 8287, 4948, 7013, 4138, 9934, 9536, 1606, 6094, 4088, 389, 8649, 2381, 6300, 9673, 4872, 8718, 1074, 5685, 9146, 9809, 1249, 6504, 5966, 6416, 3988, 9237, 2431, 7210, 5672, 4192, 1197, 3067, 2097, 2884, 7130, 2906, 2521, 2015, 2236, 2438, 9238, 2279, 4719, 5310, 8693, 8916, 2589, 2008, 339, 2256, 2817, 8227, 8723, 9227, 909, 4381, 5285, 4148, 8487, 6286, 1642, 2079, 7980, 2953, 8035, 595, 2082, 7863, 3258, 5053, 8939, 7867, 1587, 5566, 6953, 9298, 5734, 5974, 7103, 3356, 2477, 1043, 3087, 6290, 9358, 3284, 4564, 1695, 9795, 547, 4639, 9023, 9582, 8210, 5634, 3301, 5028, 5393, 6368, 7595, 6475, 623, 4250, 5531, 6201, 9614, 3747, 1922, 8436, 3429, 4108, 6488, 531, 5993, 6721, 6801, 3047, 7613, 3215, 1842, 7182, 2713, 4526, 4140, 2540, 7798, 7288, 2020, 9852, 7777, 4511, 5561, 2850, 577, 2280, 5455, 8754, 4810, 2755, 9856, 7591, 188, 6737, 1177, 352, 6531, 3277, 2316, 43, 3568, 8061, 2615, 558, 7024, 6710, 1611, 7332, 2124, 9248, 3807, 3338, 1848, 6163, 2721, 5899, 6868, 1585, 9804, 9705, 2772, 2500, 2828, 7007, 8054, 5488, 406, 1892, 3179, 7520, 3441, 2417, 2123, 3598, 6874, 3081, 9247, 480, 7752, 9177, 4350, 3540, 4416, 8709, 793, 6990, 9865, 2593, 4469, 9876, 7625, 5497, 342, 7906, 7062, 1650, 2838, 4157, 1207, 1504, 5437, 6335, 4271, 4920, 1970, 40, 8728, 9622, 7820, 2144, 9897, 9517, 7589, 4985, 2298, 9351, 4960, 1224, 5786, 7724, 8833, 107, 7561, 9969]
[1029, 5148, 3451, 8557, 8156, 5482, 6799, 1455, 2367, 9337, 2842, 9350, 5689, 3973, 6067, 2973, 2476, 2189, 5108, 5382, 4142, 2352, 229, 4092, 6129, 930, 4289, 3953, 6715, 7711, 9791, 6452, 1051, 5249, 9152, 4056, 4744, 1622, 8204, 9449, 3608, 5939, 9991, 1450, 890, 8758, 3535, 3282, 6065, 7002, 8640, 4859, 5840, 7983, 9342, 2359, 8801, 4742, 6402, 1852, 3765, 6314, 5762, 1107, 8485, 2979, 3955, 1632, 933, 7411, 3866, 2219, 659, 6008, 9149, 9067, 8406, 5610, 151, 7998, 5088, 4187, 435, 6797, 6248, 4796, 1236, 2595, 1065, 3774, 6788, 8197, 5927, 1954, 4028, 4507, 6164, 7265, 4404, 7584, 1557, 8968, 2343, 5977, 7945, 584, 6006, 7267, 3103, 2820, 1277, 9765, 7509, 6407, 2900, 4826, 9548, 8784, 2701, 2652, 607, 8454, 8591, 7442, 6485, 8903, 9215, 2671, 8593, 6106, 3181, 5710, 8866, 7078, 8196, 6077, 7057, 4251, 1817, 3809, 8748, 4420, 9868, 1483, 5518, 3519, 3484, 4394, 6636, 1586, 5904, 5188, 6023, 5816, 320, 4756, 5820, 9636, 9919, 9087, 8041, 3038, 8070, 4042, 3106, 6809, 6037, 7679, 2284, 8086, 2398, 9957, 5197, 7047, 4569, 9362, 2089, 1098, 2823, 6112, 3045, 3487, 3311, 3198, 6293, 2086, 8683, 2150, 5981, 9276, 7134, 910, 1846, 1825, 6230, 5964, 2841, 6387, 956, 2331, 2106, 6331, 907, 7895, 1822, 7971, 2181, 5023, 8999, 3578, 4789, 9499, 3983, 7587, 4019, 4751, 9375, 6760, 8592, 7761, 6832, 4152, 3332, 6709, 581, 5210, 6168, 976, 7262, 851, 8672, 4746, 6591, 5304, 3609, 9251, 3342, 5186, 4047, 1399, 7959, 6003, 4490, 5090, 4643, 5589, 9005, 3109, 7303, 2503, 5510, 5943, 1388, 1158, 3861, 4782, 8417, 3481, 3669, 1169, 4981, 2382, 6733, 5123, 5012, 7167, 9989, 8287, 4948, 7013, 4138, 9934, 9536, 1606, 6094, 4088, 389, 8649, 2381, 6300, 9673, 4872, 8718, 1074, 5685, 9146, 9809, 1249, 6504, 5966, 6416, 3988, 9237, 2431, 7210, 5672, 4192, 1197, 3067, 2097, 2884, 7130, 2906, 2521, 2015, 2236, 2438, 9238, 2279, 4719, 5310, 8693, 8916, 2589, 2008, 339, 2256, 2817, 8227, 8723, 9227, 909, 4381, 5285, 4148, 8487, 6286, 1642, 2079, 7980, 2953, 8035, 595, 2082, 7863, 3258, 5053, 8939, 7867, 1587, 5566, 6953, 9298, 5734, 5974, 7103, 3356, 2477, 1043, 3087, 6290, 9358, 3284, 4564, 1695, 9795, 547, 4639, 9023, 9582, 8210, 5634, 3301, 5028, 5393, 6368, 7595, 6475, 623, 4250, 5531, 6201, 9614, 3747, 1922, 8436, 3429, 4108, 6488, 531, 5993, 6721, 6801, 3047, 7613, 3215, 1842, 7182, 2713, 4526, 4140, 2540, 7798, 7288, 2020, 9852, 7777, 4511, 5561, 2850, 577, 2280, 5455, 8754, 4810, 2755, 9856, 7591, 188, 6737, 1177, 352, 6531, 3277, 2316, 43, 3568, 8061, 2615, 558, 7024, 6710, 1611, 7332, 2124, 9248, 3807, 3338, 1848, 6163, 2721, 5899, 6868, 1585, 9804, 9705, 2772, 2500, 2828, 7007, 8054, 5488, 406, 1892, 3179, 7520, 3441, 2417, 2123, 3598, 6874, 3081, 9247, 480, 7752, 9177, 4350, 3540, 4416, 8709, 793, 6990, 9865, 2593, 4469, 9876, 7625, 5497, 342, 7906, 7062, 1650, 2838, 4157, 1207, 1504, 5437, 6335, 4271, 4920, 1970, 40, 8728, 9622, 7820, 2144, 9897, 9517, 7589, 4985, 2298, 9351, 4960, 1224, 5786, 7724, 8833, 107, 7561, 9969]
[1029, 5148, 3451, 8557, 8156, 5482, 6799, 1455, 2367, 9337, 2842, 9350, 5689, 3973, 6067, 2973, 2476, 2189, 5108, 5382, 4142, 2352, 229, 4092, 6129, 930, 4289, 3953, 6715, 7711, 9791, 6452, 1051, 5249, 9152, 4056, 4744, 1622, 8204, 9449, 3608, 5939, 9991, 1450, 890, 8758, 3535, 3282, 6065, 7002, 8640, 4859, 5840, 7983, 9342, 2359, 8801, 4742, 6402, 1852, 3765, 6314, 5762, 1107, 8485, 2979, 3955, 1632, 933, 7411, 3866, 2219, 659, 6008, 9149, 9067, 8406, 5610, 151, 7998, 5088, 4187, 435, 6797, 6248, 4796, 1236, 2595, 1065, 3774, 6788, 8197, 5927, 1954, 4028, 4507, 6164, 7265, 4404, 7584, 1557, 8968, 2343, 5977, 7945, 584, 6006, 7267, 3103, 2820, 1277, 9765, 7509, 6407, 2900, 4826, 9548, 8784, 2701, 2652, 607, 8454, 8591, 7442, 6485, 8903, 9215, 2671, 8593, 6106, 3181, 5710, 8866, 7078, 8196, 6077, 7057, 4251, 1817, 3809, 8748, 4420, 9868, 1483, 5518, 3519, 3484, 4394, 6636, 1586, 5904, 5188, 6023, 5816, 320, 4756, 5820, 9636, 9919, 9087, 8041, 3038, 8070, 4042, 3106, 6809, 6037, 7679, 2284, 8086, 2398, 9957, 5197, 7047, 4569, 9362, 2089, 1098, 2823, 6112, 3045, 3487, 3311, 3198, 6293, 2086, 8683, 2150, 5981, 9276, 7134, 910, 1846, 1825, 6230, 5964, 2841, 6387, 956, 2331, 2106, 6331, 907, 7895, 1822, 7971, 2181, 5023, 8999, 3578, 4789, 9499, 3983, 7587, 4019, 4751, 9375, 6760, 8592, 7761, 6832, 4152, 3332, 6709, 581, 5210, 6168, 976, 7262, 851, 8672, 4746, 6591, 5304, 3609, 9251, 3342, 5186, 4047, 1399, 7959, 6003, 4490, 5090, 4643, 5589, 9005, 3109, 7303, 2503, 5510, 5943, 1388, 1158, 3861, 4782, 8417, 3481, 3669, 1169, 4981, 2382, 6733, 5123, 5012, 7167, 9989, 8287, 4948, 7013, 4138, 9934, 9536, 1606, 6094, 4088, 389, 8649, 2381, 6300, 9673, 4872, 8718, 1074, 5685, 9146, 9809, 1249, 6504, 5966, 6416, 3988, 9237, 2431, 7210, 5672, 4192, 1197, 3067, 2097, 2884, 7130, 2906, 2521, 2015, 2236, 2438, 9238, 2279, 4719, 5310, 8693, 8916, 2589, 2008, 339, 2256, 2817, 8227, 8723, 9227, 909, 4381, 5285, 4148, 8487, 6286, 1642, 2079, 7980, 2953, 8035, 595, 2082, 7863, 3258, 5053, 8939, 7867, 1587, 5566, 6953, 9298, 5734, 5974, 7103, 3356, 2477, 1043, 3087, 6290, 9358, 3284, 4564, 1695, 9795, 547, 4639, 9023, 9582, 8210, 5634, 3301, 5028, 5393, 6368, 7595, 6475, 623, 4250, 5531, 6201, 9614, 3747, 1922, 8436, 3429, 4108, 6488, 531, 5993, 6721, 6801, 3047, 7613, 3215, 1842, 7182, 2713, 4526, 4140, 2540, 7798, 7288, 2020, 9852, 7777, 4511, 5561, 2850, 577, 2280, 5455, 8754, 4810, 2755, 9856, 7591, 188, 6737, 1177, 352, 6531, 3277, 2316, 43, 3568, 8061, 2615, 558, 7024, 6710, 1611, 7332, 2124, 9248, 3807, 3338, 1848, 6163, 2721, 5899, 6868, 1585, 9804, 9705, 2772, 2500, 2828, 7007, 8054, 5488, 406, 1892, 3179, 7520, 3441, 2417, 2123, 3598, 6874, 3081, 9247, 480, 7752, 9177, 4350, 3540, 4416, 8709, 793, 6990, 9865, 2593, 4469, 9876, 7625, 5497, 342, 7906, 7062, 1650, 2838, 4157, 1207, 1504, 5437, 6335, 4271, 4920, 1970, 40, 8728, 9622, 7820, 2144, 9897, 9517, 7589, 4985, 2298, 9351, 4960, 1224, 5786, 7724, 8833, 107, 7561, 9969]
[1029, 5148, 3451, 8557, 8156, 5482, 6799, 1455, 2367, 9337, 2842, 9350, 5689, 3973, 6067, 2973, 2476, 2189, 5108, 5382, 4142, 2352, 229, 4092, 6129, 930, 4289, 3953, 6715, 7711, 9791, 6452, 1051, 5249, 9152, 4056, 4744, 1622, 8204, 9449, 3608, 5939, 9991, 1450, 890, 8758, 3535, 3282, 6065, 7002, 8640, 4859, 5840, 7983, 9342, 2359, 8801, 4742, 6402, 1852, 3765, 6314, 5762, 1107, 8485, 2979, 3955, 1632, 933, 7411, 3866, 2219, 659, 6008, 9149, 9067, 8406, 5610, 151, 7998, 5088, 4187, 435, 6797, 6248, 4796, 1236, 2595, 1065, 3774, 6788, 8197, 5927, 1954, 4028, 4507, 6164, 7265, 4404, 7584, 1557, 8968, 2343, 5977, 7945, 584, 6006, 7267, 3103, 2820, 1277, 9765, 7509, 6407, 2900, 4826, 9548, 8784, 2701, 2652, 607, 8454, 8591, 7442, 6485, 8903, 9215, 2671, 8593, 6106, 3181, 5710, 8866, 7078, 8196, 6077, 7057, 4251, 1817, 3809, 8748, 4420, 9868, 1483, 5518, 3519, 3484, 4394, 6636, 1586, 5904, 5188, 6023, 5816, 320, 4756, 5820, 9636, 9919, 9087, 8041, 3038, 8070, 4042, 3106, 6809, 6037, 7679, 2284, 8086, 2398, 9957, 5197, 7047, 4569, 9362, 2089, 1098, 2823, 6112, 3045, 3487, 3311, 3198, 6293, 2086, 8683, 2150, 5981, 9276, 7134, 910, 1846, 1825, 6230, 5964, 2841, 6387, 956, 2331, 2106, 6331, 907, 7895, 1822, 7971, 2181, 5023, 8999, 3578, 4789, 9499, 3983, 7587, 4019, 4751, 9375, 6760, 8592, 7761, 6832, 4152, 3332, 6709, 581, 5210, 6168, 976, 7262, 851, 8672, 4746, 6591, 5304, 3609, 9251, 3342, 5186, 4047, 1399, 7959, 6003, 4490, 5090, 4643, 5589, 9005, 3109, 7303, 2503, 5510, 5943, 1388, 1158, 3861, 4782, 8417, 3481, 3669, 1169, 4981, 2382, 6733, 5123, 5012, 7167, 9989, 8287, 4948, 7013, 4138, 9934, 9536, 1606, 6094, 4088, 389, 8649, 2381, 6300, 9673, 4872, 8718, 1074, 5685, 9146, 9809, 1249, 6504, 5966, 6416, 3988, 9237, 2431, 7210, 5672, 4192, 1197, 3067, 2097, 2884, 7130, 2906, 2521, 2015, 2236, 2438, 9238, 2279, 4719, 5310, 8693, 8916, 2589, 2008, 339, 2256, 2817, 8227, 8723, 9227, 909, 4381, 5285, 4148, 8487, 6286, 1642, 2079, 7980, 2953, 8035, 595, 2082, 7863, 3258, 5053, 8939, 7867, 1587, 5566, 6953, 9298, 5734, 5974, 7103, 3356, 2477, 1043, 3087, 6290, 9358, 3284, 4564, 1695, 9795, 547, 4639, 9023, 9582, 8210, 5634, 3301, 5028, 5393, 6368, 7595, 6475, 623, 4250, 5531, 6201, 9614, 3747, 1922, 8436, 3429, 4108, 6488, 531, 5993, 6721, 6801, 3047, 7613, 3215, 1842, 7182, 2713, 4526, 4140, 2540, 7798, 7288, 2020, 9852, 7777, 4511, 5561, 2850, 577, 2280, 5455, 8754, 4810, 2755, 9856, 7591, 188, 6737, 1177, 352, 6531, 3277, 2316, 43, 3568, 8061, 2615, 558, 7024, 6710, 1611, 7332, 2124, 9248, 3807, 3338, 1848, 6163, 2721, 5899, 6868, 1585, 9804, 9705, 2772, 2500, 2828, 7007, 8054, 5488, 406, 1892, 3179, 7520, 3441, 2417, 2123, 3598, 6874, 3081, 9247, 480, 7752, 9177, 4350, 3540, 4416, 8709, 793, 6990, 9865, 2593, 4469, 9876, 7625, 5497, 342, 7906, 7062, 1650, 2838, 4157, 1207, 1504, 5437, 6335, 4271, 4920, 1970, 40, 8728, 9622, 7820, 2144, 9897, 9517, 7589, 4985, 2298, 9351, 4960, 1224, 5786, 7724, 8833, 107, 7561, 9969]
[1029, 5148, 3451, 8557, 8156, 5482, 6799, 1455, 2367, 9337, 2842, 9350, 5689, 3973, 6067, 2973, 2476, 2189, 5108, 5382, 4142, 2352, 229, 4092, 6129, 930, 4289, 3953, 6715, 7711, 9791, 6452, 1051, 5249, 9152, 4056, 4744, 1622, 8204, 9449, 3608, 5939, 9991, 1450, 890, 8758, 3535, 3282, 6065, 7002, 8640, 4859, 5840, 7983, 9342, 2359, 8801, 4742, 6402, 1852, 3765, 6314, 5762, 1107, 8485, 2979, 3955, 1632, 933, 7411, 3866, 2219, 659, 6008, 9149, 9067, 8406, 5610, 151, 7998, 5088, 4187, 435, 6797, 6248, 4796, 1236, 2595, 1065, 3774, 6788, 8197, 5927, 1954, 4028, 4507, 6164, 7265, 4404, 7584, 1557, 8968, 2343, 5977, 7945, 584, 6006, 7267, 3103, 2820, 1277, 9765, 7509, 6407, 2900, 4826, 9548, 8784, 2701, 2652, 607, 8454, 8591, 7442, 6485, 8903, 9215, 2671, 8593, 6106, 3181, 5710, 8866, 7078, 8196, 6077, 7057, 4251, 1817, 3809, 8748, 4420, 9868, 1483, 5518, 3519, 3484, 4394, 6636, 1586, 5904, 5188, 6023, 5816, 320, 4756, 5820, 9636, 9919, 9087, 8041, 3038, 8070, 4042, 3106, 6809, 6037, 7679, 2284, 8086, 2398, 9957, 5197, 7047, 4569, 9362, 2089, 1098, 2823, 6112, 3045, 3487, 3311, 3198, 6293, 2086, 8683, 2150, 5981, 9276, 7134, 910, 1846, 1825, 6230, 5964, 2841, 6387, 956, 2331, 2106, 6331, 907, 7895, 1822, 7971, 2181, 5023, 8999, 3578, 4789, 9499, 3983, 7587, 4019, 4751, 9375, 6760, 8592, 7761, 6832, 4152, 3332, 6709, 581, 5210, 6168, 976, 7262, 851, 8672, 4746, 6591, 5304, 3609, 9251, 3342, 5186, 4047, 1399, 7959, 6003, 4490, 5090, 4643, 5589, 9005, 3109, 7303, 2503, 5510, 5943, 1388, 1158, 3861, 4782, 8417, 3481, 3669, 1169, 4981, 2382, 6733, 5123, 5012, 7167, 9989, 8287, 4948, 7013, 4138, 9934, 9536, 1606, 6094, 4088, 389, 8649, 2381, 6300, 9673, 4872, 8718, 1074, 5685, 9146, 9809, 1249, 6504, 5966, 6416, 3988, 9237, 2431, 7210, 5672, 4192, 1197, 3067, 2097, 2884, 7130, 2906, 2521, 2015, 2236, 2438, 9238, 2279, 4719, 5310, 8693, 8916, 2589, 2008, 339, 2256, 2817, 8227, 8723, 9227, 909, 4381, 5285, 4148, 8487, 6286, 1642, 2079, 7980, 2953, 8035, 595, 2082, 7863, 3258, 5053, 8939, 7867, 1587, 5566, 6953, 9298, 5734, 5974, 7103, 3356, 2477, 1043, 3087, 6290, 9358, 3284, 4564, 1695, 9795, 547, 4639, 9023, 9582, 8210, 5634, 3301, 5028, 5393, 6368, 7595, 6475, 623, 4250, 5531, 6201, 9614, 3747, 1922, 8436, 3429, 4108, 6488, 531, 5993, 6721, 6801, 3047, 7613, 3215, 1842, 7182, 2713, 4526, 4140, 2540, 7798, 7288, 2020, 9852, 7777, 4511, 5561, 2850, 577, 2280, 5455, 8754, 4810, 2755, 9856, 7591, 188, 6737, 1177, 352, 6531, 3277, 2316, 43, 3568, 8061, 2615, 558, 7024, 6710, 1611, 7332, 2124, 9248, 3807, 3338, 1848, 6163, 2721, 5899, 6868, 1585, 9804, 9705, 2772, 2500, 2828, 7007, 8054, 5488, 406, 1892, 3179, 7520, 3441, 2417, 2123, 3598, 6874, 3081, 9247, 480, 7752, 9177, 4350, 3540, 4416, 8709, 793, 6990, 9865, 2593, 4469, 9876, 7625, 5497, 342, 7906, 7062, 1650, 2838, 4157, 1207, 1504, 5437, 6335, 4271, 4920, 1970, 40, 8728, 9622, 7820, 2144, 9897, 9517, 7589, 4985, 2298, 9351, 4960, 1224, 5786, 7724, 8833, 107, 7561, 9969]
[1029, 5148, 3451, 8557, 8156, 5482, 6799, 1455, 2367, 9337, 2842, 9350, 5689, 3973, 6067, 2973, 2476, 2189, 5108, 5382, 4142, 2352, 229, 4092, 6129, 930, 4289, 3953, 6715, 7711, 9791, 6452, 1051, 5249, 9152, 4056, 4744, 1622, 8204, 9449, 3608, 5939, 9991, 1450, 890, 8758, 3535, 3282, 6065, 7002, 8640, 4859, 5840, 7983, 9342, 2359, 8801, 4742, 6402, 1852, 3765, 6314, 5762, 1107, 8485, 2979, 3955, 1632, 933, 7411, 3866, 2219, 659, 6008, 9149, 9067, 8406, 5610, 151, 7998, 5088, 4187, 435, 6797, 6248, 4796, 1236, 2595, 1065, 3774, 6788, 8197, 5927, 1954, 4028, 4507, 6164, 7265, 4404, 7584, 1557, 8968, 2343, 5977, 7945, 584, 6006, 7267, 3103, 2820, 1277, 9765, 7509, 6407, 2900, 4826, 9548, 8784, 2701, 2652, 607, 8454, 8591, 7442, 6485, 8903, 9215, 2671, 8593, 6106, 3181, 5710, 8866, 7078, 8196, 6077, 7057, 4251, 1817, 3809, 8748, 4420, 9868, 1483, 5518, 3519, 3484, 4394, 6636, 1586, 5904, 5188, 6023, 5816, 320, 4756, 5820, 9636, 9919, 9087, 8041, 3038, 8070, 4042, 3106, 6809, 6037, 7679, 2284, 8086, 2398, 9957, 5197, 7047, 4569, 9362, 2089, 1098, 2823, 6112, 3045, 3487, 3311, 3198, 6293, 2086, 8683, 2150, 5981, 9276, 7134, 910, 1846, 1825, 6230, 5964, 2841, 6387, 956, 2331, 2106, 6331, 907, 7895, 1822, 7971, 2181, 5023, 8999, 3578, 4789, 9499, 3983, 7587, 4019, 4751, 9375, 6760, 8592, 7761, 6832, 4152, 3332, 6709, 581, 5210, 6168, 976, 7262, 851, 8672, 4746, 6591, 5304, 3609, 9251, 3342, 5186, 4047, 1399, 7959, 6003, 4490, 5090, 4643, 5589, 9005, 3109, 7303, 2503, 5510, 5943, 1388, 1158, 3861, 4782, 8417, 3481, 3669, 1169, 4981, 2382, 6733, 5123, 5012, 7167, 9989, 8287, 4948, 7013, 4138, 9934, 9536, 1606, 6094, 4088, 389, 8649, 2381, 6300, 9673, 4872, 8718, 1074, 5685, 9146, 9809, 1249, 6504, 5966, 6416, 3988, 9237, 2431, 7210, 5672, 4192, 1197, 3067, 2097, 2884, 7130, 2906, 2521, 2015, 2236, 2438, 9238, 2279, 4719, 5310, 8693, 8916, 2589, 2008, 339, 2256, 2817, 8227, 8723, 9227, 909, 4381, 5285, 4148, 8487, 6286, 1642, 2079, 7980, 2953, 8035, 595, 2082, 7863, 3258, 5053, 8939, 7867, 1587, 5566, 6953, 9298, 5734, 5974, 7103, 3356, 2477, 1043, 3087, 6290, 9358, 3284, 4564, 1695, 9795, 547, 4639, 9023, 9582, 8210, 5634, 3301, 5028, 5393, 6368, 7595, 6475, 623, 4250, 5531, 6201, 9614, 3747, 1922, 8436, 3429, 4108, 6488, 531, 5993, 6721, 6801, 3047, 7613, 3215, 1842, 7182, 2713, 4526, 4140, 2540, 7798, 7288, 2020, 9852, 7777, 4511, 5561, 2850, 577, 2280, 5455, 8754, 4810, 2755, 9856, 7591, 188, 6737, 1177, 352, 6531, 3277, 2316, 43, 3568, 8061, 2615, 558, 7024, 6710, 1611, 7332, 2124, 9248, 3807, 3338, 1848, 6163, 2721, 5899, 6868, 1585, 9804, 9705, 2772, 2500, 2828, 7007, 8054, 5488, 406, 1892, 3179, 7520, 3441, 2417, 2123, 3598, 6874, 3081, 9247, 480, 7752, 9177, 4350, 3540, 4416, 8709, 793, 6990, 9865, 2593, 4469, 9876, 7625, 5497, 342, 7906, 7062, 1650, 2838, 4157, 1207, 1504, 5437, 6335, 4271, 4920, 1970, 40, 8728, 9622, 7820, 2144, 9897, 9517, 7589, 4985, 2298, 9351, 4960, 1224, 5786, 7724, 8833, 107, 7561, 9969]
[1029, 5148, 3451, 8557, 8156, 5482, 6799, 1455, 2367, 9337, 2842, 9350, 5689, 3973, 6067, 2973, 2476, 2189, 5108, 5382, 4142, 2352, 229, 4092, 6129, 930, 4289, 3953, 6715, 7711, 9791, 6452, 1051, 5249, 9152, 4056, 4744, 1622, 8204, 9449, 3608, 5939, 9991, 1450, 890, 8758, 3535, 3282, 6065, 7002, 8640, 4859, 5840, 7983, 9342, 2359, 8801, 4742, 6402, 1852, 3765, 6314, 5762, 1107, 8485, 2979, 3955, 1632, 933, 7411, 3866, 2219, 659, 6008, 9149, 9067, 8406, 5610, 151, 7998, 5088, 4187, 435, 6797, 6248, 4796, 1236, 2595, 1065, 3774, 6788, 8197, 5927, 1954, 4028, 4507, 6164, 7265, 4404, 7584, 1557, 8968, 2343, 5977, 7945, 584, 6006, 7267, 3103, 2820, 1277, 9765, 7509, 6407, 2900, 4826, 9548, 8784, 2701, 2652, 607, 8454, 8591, 7442, 6485, 8903, 9215, 2671, 8593, 6106, 3181, 5710, 8866, 7078, 8196, 6077, 7057, 4251, 1817, 3809, 8748, 4420, 9868, 1483, 5518, 3519, 3484, 4394, 6636, 1586, 5904, 5188, 6023, 5816, 320, 4756, 5820, 9636, 9919, 9087, 8041, 3038, 8070, 4042, 3106, 6809, 6037, 7679, 2284, 8086, 2398, 9957, 5197, 7047, 4569, 9362, 2089, 1098, 2823, 6112, 3045, 3487, 3311, 3198, 6293, 2086, 8683, 2150, 5981, 9276, 7134, 910, 1846, 1825, 6230, 5964, 2841, 6387, 956, 2331, 2106, 6331, 907, 7895, 1822, 7971, 2181, 5023, 8999, 3578, 4789, 9499, 3983, 7587, 4019, 4751, 9375, 6760, 8592, 7761, 6832, 4152, 3332, 6709, 581, 5210, 6168, 976, 7262, 851, 8672, 4746, 6591, 5304, 3609, 9251, 3342, 5186, 4047, 1399, 7959, 6003, 4490, 5090, 4643, 5589, 9005, 3109, 7303, 2503, 5510, 5943, 1388, 1158, 3861, 4782, 8417, 3481, 3669, 1169, 4981, 2382, 6733, 5123, 5012, 7167, 9989, 8287, 4948, 7013, 4138, 9934, 9536, 1606, 6094, 4088, 389, 8649, 2381, 6300, 9673, 4872, 8718, 1074, 5685, 9146, 9809, 1249, 6504, 5966, 6416, 3988, 9237, 2431, 7210, 5672, 4192, 1197, 3067, 2097, 2884, 7130, 2906, 2521, 2015, 2236, 2438, 9238, 2279, 4719, 5310, 8693, 8916, 2589, 2008, 339, 2256, 2817, 8227, 8723, 9227, 909, 4381, 5285, 4148, 8487, 6286, 1642, 2079, 7980, 2953, 8035, 595, 2082, 7863, 3258, 5053, 8939, 7867, 1587, 5566, 6953, 9298, 5734, 5974, 7103, 3356, 2477, 1043, 3087, 6290, 9358, 3284, 4564, 1695, 9795, 547, 4639, 9023, 9582, 8210, 5634, 3301, 5028, 5393, 6368, 7595, 6475, 623, 4250, 5531, 6201, 9614, 3747, 1922, 8436, 3429, 4108, 6488, 531, 5993, 6721, 6801, 3047, 7613, 3215, 1842, 7182, 2713, 4526, 4140, 2540, 7798, 7288, 2020, 9852, 7777, 4511, 5561, 2850, 577, 2280, 5455, 8754, 4810, 2755, 9856, 7591, 188, 6737, 1177, 352, 6531, 3277, 2316, 43, 3568, 8061, 2615, 558, 7024, 6710, 1611, 7332, 2124, 9248, 3807, 3338, 1848, 6163, 2721, 5899, 6868, 1585, 9804, 9705, 2772, 2500, 2828, 7007, 8054, 5488, 406, 1892, 3179, 7520, 3441, 2417, 2123, 3598, 6874, 3081, 9247, 480, 7752, 9177, 4350, 3540, 4416, 8709, 793, 6990, 9865, 2593, 4469, 9876, 7625, 5497, 342, 7906, 7062, 1650, 2838, 4157, 1207, 1504, 5437, 6335, 4271, 4920, 1970, 40, 8728, 9622, 7820, 2144, 9897, 9517, 7589, 4985, 2298, 9351, 4960, 1224, 5786, 7724, 8833, 107, 7561, 9969]
[1029, 5148, 3451, 8557, 8156, 5482, 6799, 1455, 2367, 9337, 2842, 9350, 5689, 3973, 6067, 2973, 2476, 2189, 5108, 5382, 4142, 2352, 229, 4092, 6129, 930, 4289, 3953, 6715, 7711, 9791, 6452, 1051, 5249, 9152, 4056, 4744, 1622, 8204, 9449, 3608, 5939, 9991, 1450, 890, 8758, 3535, 3282, 6065, 7002, 8640, 4859, 5840, 7983, 9342, 2359, 8801, 4742, 6402, 1852, 3765, 6314, 5762, 1107, 8485, 2979, 3955, 1632, 933, 7411, 3866, 2219, 659, 6008, 9149, 9067, 8406, 5610, 151, 7998, 5088, 4187, 435, 6797, 6248, 4796, 1236, 2595, 1065, 3774, 6788, 8197, 5927, 1954, 4028, 4507, 6164, 7265, 4404, 7584, 1557, 8968, 2343, 5977, 7945, 584, 6006, 7267, 3103, 2820, 1277, 9765, 7509, 6407, 2900, 4826, 9548, 8784, 2701, 2652, 607, 8454, 8591, 7442, 6485, 8903, 9215, 2671, 8593, 6106, 3181, 5710, 8866, 7078, 8196, 6077, 7057, 4251, 1817, 3809, 8748, 4420, 9868, 1483, 5518, 3519, 3484, 4394, 6636, 1586, 5904, 5188, 6023, 5816, 320, 4756, 5820, 9636, 9919, 9087, 8041, 3038, 8070, 4042, 3106, 6809, 6037, 7679, 2284, 8086, 2398, 9957, 5197, 7047, 4569, 9362, 2089, 1098, 2823, 6112, 3045, 3487, 3311, 3198, 6293, 2086, 8683, 2150, 5981, 9276, 7134, 910, 1846, 1825, 6230, 5964, 2841, 6387, 956, 2331, 2106, 6331, 907, 7895, 1822, 7971, 2181, 5023, 8999, 3578, 4789, 9499, 3983, 7587, 4019, 4751, 9375, 6760, 8592, 7761, 6832, 4152, 3332, 6709, 581, 5210, 6168, 976, 7262, 851, 8672, 4746, 6591, 5304, 3609, 9251, 3342, 5186, 4047, 1399, 7959, 6003, 4490, 5090, 4643, 5589, 9005, 3109, 7303, 2503, 5510, 5943, 1388, 1158, 3861, 4782, 8417, 3481, 3669, 1169, 4981, 2382, 6733, 5123, 5012, 7167, 9989, 8287, 4948, 7013, 4138, 9934, 9536, 1606, 6094, 4088, 389, 8649, 2381, 6300, 9673, 4872, 8718, 1074, 5685, 9146, 9809, 1249, 6504, 5966, 6416, 3988, 9237, 2431, 7210, 5672, 4192, 1197, 3067, 2097, 2884, 7130, 2906, 2521, 2015, 2236, 2438, 9238, 2279, 4719, 5310, 8693, 8916, 2589, 2008, 339, 2256, 2817, 8227, 8723, 9227, 909, 4381, 5285, 4148, 8487, 6286, 1642, 2079, 7980, 2953, 8035, 595, 2082, 7863, 3258, 5053, 8939, 7867, 1587, 5566, 6953, 9298, 5734, 5974, 7103, 3356, 2477, 1043, 3087, 6290, 9358, 3284, 4564, 1695, 9795, 547, 4639, 9023, 9582, 8210, 5634, 3301, 5028, 5393, 6368, 7595, 6475, 623, 4250, 5531, 6201, 9614, 3747, 1922, 8436, 3429, 4108, 6488, 531, 5993, 6721, 6801, 3047, 7613, 3215, 1842, 7182, 2713, 4526, 4140, 2540, 7798, 7288, 2020, 9852, 7777, 4511, 5561, 2850, 577, 2280, 5455, 8754, 4810, 2755, 9856, 7591, 188, 6737, 1177, 352, 6531, 3277, 2316, 43, 3568, 8061, 2615, 558, 7024, 6710, 1611, 7332, 2124, 9248, 3807, 3338, 1848, 6163, 2721, 5899, 6868, 1585, 9804, 9705, 2772, 2500, 2828, 7007, 8054, 5488, 406, 1892, 3179, 7520, 3441, 2417, 2123, 3598, 6874, 3081, 9247, 480, 7752, 9177, 4350, 3540, 4416, 8709, 793, 6990, 9865, 2593, 4469, 9876, 7625, 5497, 342, 7906, 7062, 1650, 2838, 4157, 1207, 1504, 5437, 6335, 4271, 4920, 1970, 40, 8728, 9622, 7820, 2144, 9897, 9517, 7589, 4985, 2298, 9351, 4960, 1224, 5786, 7724, 8833, 107, 7561, 9969]
[1029, 5148, 3451, 8557, 8156, 5482, 6799, 1455, 2367, 9337, 2842, 9350, 5689, 3973, 6067, 2973, 2476, 2189, 5108, 5382, 4142, 2352, 229, 4092, 6129, 930, 4289, 3953, 6715, 7711, 9791, 6452, 1051, 5249, 9152, 4056, 4744, 1622, 8204, 9449, 3608, 5939, 9991, 1450, 890, 8758, 3535, 3282, 6065, 7002, 8640, 4859, 5840, 7983, 9342, 2359, 8801, 4742, 6402, 1852, 3765, 6314, 5762, 1107, 8485, 2979, 3955, 1632, 933, 7411, 3866, 2219, 659, 6008, 9149, 9067, 8406, 5610, 151, 7998, 5088, 4187, 435, 6797, 6248, 4796, 1236, 2595, 1065, 3774, 6788, 8197, 5927, 1954, 4028, 4507, 6164, 7265, 4404, 7584, 1557, 8968, 2343, 5977, 7945, 584, 6006, 7267, 3103, 2820, 1277, 9765, 7509, 6407, 2900, 4826, 9548, 8784, 2701, 2652, 607, 8454, 8591, 7442, 6485, 8903, 9215, 2671, 8593, 6106, 3181, 5710, 8866, 7078, 8196, 6077, 7057, 4251, 1817, 3809, 8748, 4420, 9868, 1483, 5518, 3519, 3484, 4394, 6636, 1586, 5904, 5188, 6023, 5816, 320, 4756, 5820, 9636, 9919, 9087, 8041, 3038, 8070, 4042, 3106, 6809, 6037, 7679, 2284, 8086, 2398, 9957, 5197, 7047, 4569, 9362, 2089, 1098, 2823, 6112, 3045, 3487, 3311, 3198, 6293, 2086, 8683, 2150, 5981, 9276, 7134, 910, 1846, 1825, 6230, 5964, 2841, 6387, 956, 2331, 2106, 6331, 907, 7895, 1822, 7971, 2181, 5023, 8999, 3578, 4789, 9499, 3983, 7587, 4019, 4751, 9375, 6760, 8592, 7761, 6832, 4152, 3332, 6709, 581, 5210, 6168, 976, 7262, 851, 8672, 4746, 6591, 5304, 3609, 9251, 3342, 5186, 4047, 1399, 7959, 6003, 4490, 5090, 4643, 5589, 9005, 3109, 7303, 2503, 5510, 5943, 1388, 1158, 3861, 4782, 8417, 3481, 3669, 1169, 4981, 2382, 6733, 5123, 5012, 7167, 9989, 8287, 4948, 7013, 4138, 9934, 9536, 1606, 6094, 4088, 389, 8649, 2381, 6300, 9673, 4872, 8718, 1074, 5685, 9146, 9809, 1249, 6504, 5966, 6416, 3988, 9237, 2431, 7210, 5672, 4192, 1197, 3067, 2097, 2884, 7130, 2906, 2521, 2015, 2236, 2438, 9238, 2279, 4719, 5310, 8693, 8916, 2589, 2008, 339, 2256, 2817, 8227, 8723, 9227, 909, 4381, 5285, 4148, 8487, 6286, 1642, 2079, 7980, 2953, 8035, 595, 2082, 7863, 3258, 5053, 8939, 7867, 1587, 5566, 6953, 9298, 5734, 5974, 7103, 3356, 2477, 1043, 3087, 6290, 9358, 3284, 4564, 1695, 9795, 547, 4639, 9023, 9582, 8210, 5634, 3301, 5028, 5393, 6368, 7595, 6475, 623, 4250, 5531, 6201, 9614, 3747, 1922, 8436, 3429, 4108, 6488, 531, 5993, 6721, 6801, 3047, 7613, 3215, 1842, 7182, 2713, 4526, 4140, 2540, 7798, 7288, 2020, 9852, 7777, 4511, 5561, 2850, 577, 2280, 5455, 8754, 4810, 2755, 9856, 7591, 188, 6737, 1177, 352, 6531, 3277, 2316, 43, 3568, 8061, 2615, 558, 7024, 6710, 1611, 7332, 2124, 9248, 3807, 3338, 1848, 6163, 2721, 5899, 6868, 1585, 9804, 9705, 2772, 2500, 2828, 7007, 8054, 5488, 406, 1892, 3179, 7520, 3441, 2417, 2123, 3598, 6874, 3081, 9247, 480, 7752, 9177, 4350, 3540, 4416, 8709, 793, 6990, 9865, 2593, 4469, 9876, 7625, 5497, 342, 7906, 7062, 1650, 2838, 4157, 1207, 1504, 5437, 6335, 4271, 4920, 1970, 40, 8728, 9622, 7820, 2144, 9897, 9517, 7589, 4985, 2298, 9351, 4960, 1224, 5786, 7724, 8833, 107, 7561, 9969]
[1029, 5148, 3451, 8557, 8156, 5482, 6799, 1455, 2367, 9337, 2842, 9350, 5689, 3973, 6067, 2973, 2476, 2189, 5108, 5382, 4142, 2352, 229, 4092, 6129, 930, 4289, 3953, 6715, 7711, 9791, 6452, 1051, 5249, 9152, 4056, 4744, 1622, 8204, 9449, 3608, 5939, 9991, 1450, 890, 8758, 3535, 3282, 6065, 7002, 8640, 4859, 5840, 7983, 9342, 2359, 8801, 4742, 6402, 1852, 3765, 6314, 5762, 1107, 8485, 2979, 3955, 1632, 933, 7411, 3866, 2219, 659, 6008, 9149, 9067, 8406, 5610, 151, 7998, 5088, 4187, 435, 6797, 6248, 4796, 1236, 2595, 1065, 3774, 6788, 8197, 5927, 1954, 4028, 4507, 6164, 7265, 4404, 7584, 1557, 8968, 2343, 5977, 7945, 584, 6006, 7267, 3103, 2820, 1277, 9765, 7509, 6407, 2900, 4826, 9548, 8784, 2701, 2652, 607, 8454, 8591, 7442, 6485, 8903, 9215, 2671, 8593, 6106, 3181, 5710, 8866, 7078, 8196, 6077, 7057, 4251, 1817, 3809, 8748, 4420, 9868, 1483, 5518, 3519, 3484, 4394, 6636, 1586, 5904, 5188, 6023, 5816, 320, 4756, 5820, 9636, 9919, 9087, 8041, 3038, 8070, 4042, 3106, 6809, 6037, 7679, 2284, 8086, 2398, 9957, 5197, 7047, 4569, 9362, 2089, 1098, 2823, 6112, 3045, 3487, 3311, 3198, 6293, 2086, 8683, 2150, 5981, 9276, 7134, 910, 1846, 1825, 6230, 5964, 2841, 6387, 956, 2331, 2106, 6331, 907, 7895, 1822, 7971, 2181, 5023, 8999, 3578, 4789, 9499, 3983, 7587, 4019, 4751, 9375, 6760, 8592, 7761, 6832, 4152, 3332, 6709, 581, 5210, 6168, 976, 7262, 851, 8672, 4746, 6591, 5304, 3609, 9251, 3342, 5186, 4047, 1399, 7959, 6003, 4490, 5090, 4643, 5589, 9005, 3109, 7303, 2503, 5510, 5943, 1388, 1158, 3861, 4782, 8417, 3481, 3669, 1169, 4981, 2382, 6733, 5123, 5012, 7167, 9989, 8287, 4948, 7013, 4138, 9934, 9536, 1606, 6094, 4088, 389, 8649, 2381, 6300, 9673, 4872, 8718, 1074, 5685, 9146, 9809, 1249, 6504, 5966, 6416, 3988, 9237, 2431, 7210, 5672, 4192, 1197, 3067, 2097, 2884, 7130, 2906, 2521, 2015, 2236, 2438, 9238, 2279, 4719, 5310, 8693, 8916, 2589, 2008, 339, 2256, 2817, 8227, 8723, 9227, 909, 4381, 5285, 4148, 8487, 6286, 1642, 2079, 7980, 2953, 8035, 595, 2082, 7863, 3258, 5053, 8939, 7867, 1587, 5566, 6953, 9298, 5734, 5974, 7103, 3356, 2477, 1043, 3087, 6290, 9358, 3284, 4564, 1695, 9795, 547, 4639, 9023, 9582, 8210, 5634, 3301, 5028, 5393, 6368, 7595, 6475, 623, 4250, 5531, 6201, 9614, 3747, 1922, 8436, 3429, 4108, 6488, 531, 5993, 6721, 6801, 3047, 7613, 3215, 1842, 7182, 2713, 4526, 4140, 2540, 7798, 7288, 2020, 9852, 7777, 4511, 5561, 2850, 577, 2280, 5455, 8754, 4810, 2755, 9856, 7591, 188, 6737, 1177, 352, 6531, 3277, 2316, 43, 3568, 8061, 2615, 558, 7024, 6710, 1611, 7332, 2124, 9248, 3807, 3338, 1848, 6163, 2721, 5899, 6868, 1585, 9804, 9705, 2772, 2500, 2828, 7007, 8054, 5488, 406, 1892, 3179, 7520, 3441, 2417, 2123, 3598, 6874, 3081, 9247, 480, 7752, 9177, 4350, 3540, 4416, 8709, 793, 6990, 9865, 2593, 4469, 9876, 7625, 5497, 342, 7906, 7062, 1650, 2838, 4157, 1207, 1504, 5437, 6335, 4271, 4920, 1970, 40, 8728, 9622, 7820, 2144, 9897, 9517, 7589, 4985, 2298, 9351, 4960, 1224, 5786, 7724, 8833, 107, 7561, 9969]
[1029, 5148, 3451, 8557, 8156, 5482, 6799, 1455, 2367, 9337, 2842, 9350, 5689, 3973, 6067, 2973, 2476, 2189, 5108, 5382, 4142, 2352, 229, 4092, 6129, 930, 4289, 3953, 6715, 7711, 9791, 6452, 1051, 5249, 9152, 4056, 4744, 1622, 8204, 9449, 3608, 5939, 9991, 1450, 890, 8758, 3535, 3282, 6065, 7002, 8640, 4859, 5840, 7983, 9342, 2359, 8801, 4742, 6402, 1852, 3765, 6314, 5762, 1107, 8485, 2979, 3955, 1632, 933, 7411, 3866, 2219, 659, 6008, 9149, 9067, 8406, 5610, 151, 7998, 5088, 4187, 435, 6797, 6248, 4796, 1236, 2595, 1065, 3774, 6788, 8197, 5927, 1954, 4028, 4507, 6164, 7265, 4404, 7584, 1557, 8968, 2343, 5977, 7945, 584, 6006, 7267, 3103, 2820, 1277, 9765, 7509, 6407, 2900, 4826, 9548, 8784, 2701, 2652, 607, 8454, 8591, 7442, 6485, 8903, 9215, 2671, 8593, 6106, 3181, 5710, 8866, 7078, 8196, 6077, 7057, 4251, 1817, 3809, 8748, 4420, 9868, 1483, 5518, 3519, 3484, 4394, 6636, 1586, 5904, 5188, 6023, 5816, 320, 4756, 5820, 9636, 9919, 9087, 8041, 3038, 8070, 4042, 3106, 6809, 6037, 7679, 2284, 8086, 2398, 9957, 5197, 7047, 4569, 9362, 2089, 1098, 2823, 6112, 3045, 3487, 3311, 3198, 6293, 2086, 8683, 2150, 5981, 9276, 7134, 910, 1846, 1825, 6230, 5964, 2841, 6387, 956, 2331, 2106, 6331, 907, 7895, 1822, 7971, 2181, 5023, 8999, 3578, 4789, 9499, 3983, 7587, 4019, 4751, 9375, 6760, 8592, 7761, 6832, 4152, 3332, 6709, 581, 5210, 6168, 976, 7262, 851, 8672, 4746, 6591, 5304, 3609, 9251, 3342, 5186, 4047, 1399, 7959, 6003, 4490, 5090, 4643, 5589, 9005, 3109, 7303, 2503, 5510, 5943, 1388, 1158, 3861, 4782, 8417, 3481, 3669, 1169, 4981, 2382, 6733, 5123, 5012, 7167, 9989, 8287, 4948, 7013, 4138, 9934, 9536, 1606, 6094, 4088, 389, 8649, 2381, 6300, 9673, 4872, 8718, 1074, 5685, 9146, 9809, 1249, 6504, 5966, 6416, 3988, 9237, 2431, 7210, 5672, 4192, 1197, 3067, 2097, 2884, 7130, 2906, 2521, 2015, 2236, 2438, 9238, 2279, 4719, 5310, 8693, 8916, 2589, 2008, 339, 2256, 2817, 8227, 8723, 9227, 909, 4381, 5285, 4148, 8487, 6286, 1642, 2079, 7980, 2953, 8035, 595, 2082, 7863, 3258, 5053, 8939, 7867, 1587, 5566, 6953, 9298, 5734, 5974, 7103, 3356, 2477, 1043, 3087, 6290, 9358, 3284, 4564, 1695, 9795, 547, 4639, 9023, 9582, 8210, 5634, 3301, 5028, 5393, 6368, 7595, 6475, 623, 4250, 5531, 6201, 9614, 3747, 1922, 8436, 3429, 4108, 6488, 531, 5993, 6721, 6801, 3047, 7613, 3215, 1842, 7182, 2713, 4526, 4140, 2540, 7798, 7288, 2020, 9852, 7777, 4511, 5561, 2850, 577, 2280, 5455, 8754, 4810, 2755, 9856, 7591, 188, 6737, 1177, 352, 6531, 3277, 2316, 43, 3568, 8061, 2615, 558, 7024, 6710, 1611, 7332, 2124, 9248, 3807, 3338, 1848, 6163, 2721, 5899, 6868, 1585, 9804, 9705, 2772, 2500, 2828, 7007, 8054, 5488, 406, 1892, 3179, 7520, 3441, 2417, 2123, 3598, 6874, 3081, 9247, 480, 7752, 9177, 4350, 3540, 4416, 8709, 793, 6990, 9865, 2593, 4469, 9876, 7625, 5497, 342, 7906, 7062, 1650, 2838, 4157, 1207, 1504, 5437, 6335, 4271, 4920, 1970, 40, 8728, 9622, 7820, 2144, 9897, 9517, 7589, 4985, 2298, 9351, 4960, 1224, 5786, 7724, 8833, 107, 7561, 9969]
[1029, 5148, 3451, 8557, 8156, 5482, 6799, 1455, 2367, 9337, 2842, 9350, 5689, 3973, 6067, 2973, 2476, 2189, 5108, 5382, 4142, 2352, 229, 4092, 6129, 930, 4289, 3953, 6715, 7711, 9791, 6452, 1051, 5249, 9152, 4056, 4744, 1622, 8204, 9449, 3608, 5939, 9991, 1450, 890, 8758, 3535, 3282, 6065, 7002, 8640, 4859, 5840, 7983, 9342, 2359, 8801, 4742, 6402, 1852, 3765, 6314, 5762, 1107, 8485, 2979, 3955, 1632, 933, 7411, 3866, 2219, 659, 6008, 9149, 9067, 8406, 5610, 151, 7998, 5088, 4187, 435, 6797, 6248, 4796, 1236, 2595, 1065, 3774, 6788, 8197, 5927, 1954, 4028, 4507, 6164, 7265, 4404, 7584, 1557, 8968, 2343, 5977, 7945, 584, 6006, 7267, 3103, 2820, 1277, 9765, 7509, 6407, 2900, 4826, 9548, 8784, 2701, 2652, 607, 8454, 8591, 7442, 6485, 8903, 9215, 2671, 8593, 6106, 3181, 5710, 8866, 7078, 8196, 6077, 7057, 4251, 1817, 3809, 8748, 4420, 9868, 1483, 5518, 3519, 3484, 4394, 6636, 1586, 5904, 5188, 6023, 5816, 320, 4756, 5820, 9636, 9919, 9087, 8041, 3038, 8070, 4042, 3106, 6809, 6037, 7679, 2284, 8086, 2398, 9957, 5197, 7047, 4569, 9362, 2089, 1098, 2823, 6112, 3045, 3487, 3311, 3198, 6293, 2086, 8683, 2150, 5981, 9276, 7134, 910, 1846, 1825, 6230, 5964, 2841, 6387, 956, 2331, 2106, 6331, 907, 7895, 1822, 7971, 2181, 5023, 8999, 3578, 4789, 9499, 3983, 7587, 4019, 4751, 9375, 6760, 8592, 7761, 6832, 4152, 3332, 6709, 581, 5210, 6168, 976, 7262, 851, 8672, 4746, 6591, 5304, 3609, 9251, 3342, 5186, 4047, 1399, 7959, 6003, 4490, 5090, 4643, 5589, 9005, 3109, 7303, 2503, 5510, 5943, 1388, 1158, 3861, 4782, 8417, 3481, 3669, 1169, 4981, 2382, 6733, 5123, 5012, 7167, 9989, 8287, 4948, 7013, 4138, 9934, 9536, 1606, 6094, 4088, 389, 8649, 2381, 6300, 9673, 4872, 8718, 1074, 5685, 9146, 9809, 1249, 6504, 5966, 6416, 3988, 9237, 2431, 7210, 5672, 4192, 1197, 3067, 2097, 2884, 7130, 2906, 2521, 2015, 2236, 2438, 9238, 2279, 4719, 5310, 8693, 8916, 2589, 2008, 339, 2256, 2817, 8227, 8723, 9227, 909, 4381, 5285, 4148, 8487, 6286, 1642, 2079, 7980, 2953, 8035, 595, 2082, 7863, 3258, 5053, 8939, 7867, 1587, 5566, 6953, 9298, 5734, 5974, 7103, 3356, 2477, 1043, 3087, 6290, 9358, 3284, 4564, 1695, 9795, 547, 4639, 9023, 9582, 8210, 5634, 3301, 5028, 5393, 6368, 7595, 6475, 623, 4250, 5531, 6201, 9614, 3747, 1922, 8436, 3429, 4108, 6488, 531, 5993, 6721, 6801, 3047, 7613, 3215, 1842, 7182, 2713, 4526, 4140, 2540, 7798, 7288, 2020, 9852, 7777, 4511, 5561, 2850, 577, 2280, 5455, 8754, 4810, 2755, 9856, 7591, 188, 6737, 1177, 352, 6531, 3277, 2316, 43, 3568, 8061, 2615, 558, 7024, 6710, 1611, 7332, 2124, 9248, 3807, 3338, 1848, 6163, 2721, 5899, 6868, 1585, 9804, 9705, 2772, 2500, 2828, 7007, 8054, 5488, 406, 1892, 3179, 7520, 3441, 2417, 2123, 3598, 6874, 3081, 9247, 480, 7752, 9177, 4350, 3540, 4416, 8709, 793, 6990, 9865, 2593, 4469, 9876, 7625, 5497, 342, 7906, 7062, 1650, 2838, 4157, 1207, 1504, 5437, 6335, 4271, 4920, 1970, 40, 8728, 9622, 7820, 2144, 9897, 9517, 7589, 4985, 2298, 9351, 4960, 1224, 5786, 7724, 8833, 107, 7561, 9969]
[1029, 5148, 3451, 8557, 8156, 5482, 6799, 1455, 2367, 9337, 2842, 9350, 5689, 3973, 6067, 2973, 2476, 2189, 5108, 5382, 4142, 2352, 229, 4092, 6129, 930, 4289, 3953, 6715, 7711, 9791, 6452, 1051, 5249, 9152, 4056, 4744, 1622, 8204, 9449, 3608, 5939, 9991, 1450, 890, 8758, 3535, 3282, 6065, 7002, 8640, 4859, 5840, 7983, 9342, 2359, 8801, 4742, 6402, 1852, 3765, 6314, 5762, 1107, 8485, 2979, 3955, 1632, 933, 7411, 3866, 2219, 659, 6008, 9149, 9067, 8406, 5610, 151, 7998, 5088, 4187, 435, 6797, 6248, 4796, 1236, 2595, 1065, 3774, 6788, 8197, 5927, 1954, 4028, 4507, 6164, 7265, 4404, 7584, 1557, 8968, 2343, 5977, 7945, 584, 6006, 7267, 3103, 2820, 1277, 9765, 7509, 6407, 2900, 4826, 9548, 8784, 2701, 2652, 607, 8454, 8591, 7442, 6485, 8903, 9215, 2671, 8593, 6106, 3181, 5710, 8866, 7078, 8196, 6077, 7057, 4251, 1817, 3809, 8748, 4420, 9868, 1483, 5518, 3519, 3484, 4394, 6636, 1586, 5904, 5188, 6023, 5816, 320, 4756, 5820, 9636, 9919, 9087, 8041, 3038, 8070, 4042, 3106, 6809, 6037, 7679, 2284, 8086, 2398, 9957, 5197, 7047, 4569, 9362, 2089, 1098, 2823, 6112, 3045, 3487, 3311, 3198, 6293, 2086, 8683, 2150, 5981, 9276, 7134, 910, 1846, 1825, 6230, 5964, 2841, 6387, 956, 2331, 2106, 6331, 907, 7895, 1822, 7971, 2181, 5023, 8999, 3578, 4789, 9499, 3983, 7587, 4019, 4751, 9375, 6760, 8592, 7761, 6832, 4152, 3332, 6709, 581, 5210, 6168, 976, 7262, 851, 8672, 4746, 6591, 5304, 3609, 9251, 3342, 5186, 4047, 1399, 7959, 6003, 4490, 5090, 4643, 5589, 9005, 3109, 7303, 2503, 5510, 5943, 1388, 1158, 3861, 4782, 8417, 3481, 3669, 1169, 4981, 2382, 6733, 5123, 5012, 7167, 9989, 8287, 4948, 7013, 4138, 9934, 9536, 1606, 6094, 4088, 389, 8649, 2381, 6300, 9673, 4872, 8718, 1074, 5685, 9146, 9809, 1249, 6504, 5966, 6416, 3988, 9237, 2431, 7210, 5672, 4192, 1197, 3067, 2097, 2884, 7130, 2906, 2521, 2015, 2236, 2438, 9238, 2279, 4719, 5310, 8693, 8916, 2589, 2008, 339, 2256, 2817, 8227, 8723, 9227, 909, 4381, 5285, 4148, 8487, 6286, 1642, 2079, 7980, 2953, 8035, 595, 2082, 7863, 3258, 5053, 8939, 7867, 1587, 5566, 6953, 9298, 5734, 5974, 7103, 3356, 2477, 1043, 3087, 6290, 9358, 3284, 4564, 1695, 9795, 547, 4639, 9023, 9582, 8210, 5634, 3301, 5028, 5393, 6368, 7595, 6475, 623, 4250, 5531, 6201, 9614, 3747, 1922, 8436, 3429, 4108, 6488, 531, 5993, 6721, 6801, 3047, 7613, 3215, 1842, 7182, 2713, 4526, 4140, 2540, 7798, 7288, 2020, 9852, 7777, 4511, 5561, 2850, 577, 2280, 5455, 8754, 4810, 2755, 9856, 7591, 188, 6737, 1177, 352, 6531, 3277, 2316, 43, 3568, 8061, 2615, 558, 7024, 6710, 1611, 7332, 2124, 9248, 3807, 3338, 1848, 6163, 2721, 5899, 6868, 1585, 9804, 9705, 2772, 2500, 2828, 7007, 8054, 5488, 406, 1892, 3179, 7520, 3441, 2417, 2123, 3598, 6874, 3081, 9247, 480, 7752, 9177, 4350, 3540, 4416, 8709, 793, 6990, 9865, 2593, 4469, 9876, 7625, 5497, 342, 7906, 7062, 1650, 2838, 4157, 1207, 1504, 5437, 6335, 4271, 4920, 1970, 40, 8728, 9622, 7820, 2144, 9897, 9517, 7589, 4985, 2298, 9351, 4960, 1224, 5786, 7724, 8833, 107, 7561, 9969]
[1029, 5148, 3451, 8557, 8156, 5482, 6799, 1455, 2367, 9337, 2842, 9350, 5689, 3973, 6067, 2973, 2476, 2189, 5108, 5382, 4142, 2352, 229, 4092, 6129, 930, 4289, 3953, 6715, 7711, 9791, 6452, 1051, 5249, 9152, 4056, 4744, 1622, 8204, 9449, 3608, 5939, 9991, 1450, 890, 8758, 3535, 3282, 6065, 7002, 8640, 4859, 5840, 7983, 9342, 2359, 8801, 4742, 6402, 1852, 3765, 6314, 5762, 1107, 8485, 2979, 3955, 1632, 933, 7411, 3866, 2219, 659, 6008, 9149, 9067, 8406, 5610, 151, 7998, 5088, 4187, 435, 6797, 6248, 4796, 1236, 2595, 1065, 3774, 6788, 8197, 5927, 1954, 4028, 4507, 6164, 7265, 4404, 7584, 1557, 8968, 2343, 5977, 7945, 584, 6006, 7267, 3103, 2820, 1277, 9765, 7509, 6407, 2900, 4826, 9548, 8784, 2701, 2652, 607, 8454, 8591, 7442, 6485, 8903, 9215, 2671, 8593, 6106, 3181, 5710, 8866, 7078, 8196, 6077, 7057, 4251, 1817, 3809, 8748, 4420, 9868, 1483, 5518, 3519, 3484, 4394, 6636, 1586, 5904, 5188, 6023, 5816, 320, 4756, 5820, 9636, 9919, 9087, 8041, 3038, 8070, 4042, 3106, 6809, 6037, 7679, 2284, 8086, 2398, 9957, 5197, 7047, 4569, 9362, 2089, 1098, 2823, 6112, 3045, 3487, 3311, 3198, 6293, 2086, 8683, 2150, 5981, 9276, 7134, 910, 1846, 1825, 6230, 5964, 2841, 6387, 956, 2331, 2106, 6331, 907, 7895, 1822, 7971, 2181, 5023, 8999, 3578, 4789, 9499, 3983, 7587, 4019, 4751, 9375, 6760, 8592, 7761, 6832, 4152, 3332, 6709, 581, 5210, 6168, 976, 7262, 851, 8672, 4746, 6591, 5304, 3609, 9251, 3342, 5186, 4047, 1399, 7959, 6003, 4490, 5090, 4643, 5589, 9005, 3109, 7303, 2503, 5510, 5943, 1388, 1158, 3861, 4782, 8417, 3481, 3669, 1169, 4981, 2382, 6733, 5123, 5012, 7167, 9989, 8287, 4948, 7013, 4138, 9934, 9536, 1606, 6094, 4088, 389, 8649, 2381, 6300, 9673, 4872, 8718, 1074, 5685, 9146, 9809, 1249, 6504, 5966, 6416, 3988, 9237, 2431, 7210, 5672, 4192, 1197, 3067, 2097, 2884, 7130, 2906, 2521, 2015, 2236, 2438, 9238, 2279, 4719, 5310, 8693, 8916, 2589, 2008, 339, 2256, 2817, 8227, 8723, 9227, 909, 4381, 5285, 4148, 8487, 6286, 1642, 2079, 7980, 2953, 8035, 595, 2082, 7863, 3258, 5053, 8939, 7867, 1587, 5566, 6953, 9298, 5734, 5974, 7103, 3356, 2477, 1043, 3087, 6290, 9358, 3284, 4564, 1695, 9795, 547, 4639, 9023, 9582, 8210, 5634, 3301, 5028, 5393, 6368, 7595, 6475, 623, 4250, 5531, 6201, 9614, 3747, 1922, 8436, 3429, 4108, 6488, 531, 5993, 6721, 6801, 3047, 7613, 3215, 1842, 7182, 2713, 4526, 4140, 2540, 7798, 7288, 2020, 9852, 7777, 4511, 5561, 2850, 577, 2280, 5455, 8754, 4810, 2755, 9856, 7591, 188, 6737, 1177, 352, 6531, 3277, 2316, 43, 3568, 8061, 2615, 558, 7024, 6710, 1611, 7332, 2124, 9248, 3807, 3338, 1848, 6163, 2721, 5899, 6868, 1585, 9804, 9705, 2772, 2500, 2828, 7007, 8054, 5488, 406, 1892, 3179, 7520, 3441, 2417, 2123, 3598, 6874, 3081, 9247, 480, 7752, 9177, 4350, 3540, 4416, 8709, 793, 6990, 9865, 2593, 4469, 9876, 7625, 5497, 342, 7906, 7062, 1650, 2838, 4157, 1207, 1504, 5437, 6335, 4271, 4920, 1970, 40, 8728, 9622, 7820, 2144, 9897, 9517, 7589, 4985, 2298, 9351, 4960, 1224, 5786, 7724, 8833, 107, 7561, 9969]
[1029, 5148, 3451, 8557, 8156, 5482, 6799, 1455, 2367, 9337, 2842, 9350, 5689, 3973, 6067, 2973, 2476, 2189, 5108, 5382, 4142, 2352, 229, 4092, 6129, 930, 4289, 3953, 6715, 7711, 9791, 6452, 1051, 5249, 9152, 4056, 4744, 1622, 8204, 9449, 3608, 5939, 9991, 1450, 890, 8758, 3535, 3282, 6065, 7002, 8640, 4859, 5840, 7983, 9342, 2359, 8801, 4742, 6402, 1852, 3765, 6314, 5762, 1107, 8485, 2979, 3955, 1632, 933, 7411, 3866, 2219, 659, 6008, 9149, 9067, 8406, 5610, 151, 7998, 5088, 4187, 435, 6797, 6248, 4796, 1236, 2595, 1065, 3774, 6788, 8197, 5927, 1954, 4028, 4507, 6164, 7265, 4404, 7584, 1557, 8968, 2343, 5977, 7945, 584, 6006, 7267, 3103, 2820, 1277, 9765, 7509, 6407, 2900, 4826, 9548, 8784, 2701, 2652, 607, 8454, 8591, 7442, 6485, 8903, 9215, 2671, 8593, 6106, 3181, 5710, 8866, 7078, 8196, 6077, 7057, 4251, 1817, 3809, 8748, 4420, 9868, 1483, 5518, 3519, 3484, 4394, 6636, 1586, 5904, 5188, 6023, 5816, 320, 4756, 5820, 9636, 9919, 9087, 8041, 3038, 8070, 4042, 3106, 6809, 6037, 7679, 2284, 8086, 2398, 9957, 5197, 7047, 4569, 9362, 2089, 1098, 2823, 6112, 3045, 3487, 3311, 3198, 6293, 2086, 8683, 2150, 5981, 9276, 7134, 910, 1846, 1825, 6230, 5964, 2841, 6387, 956, 2331, 2106, 6331, 907, 7895, 1822, 7971, 2181, 5023, 8999, 3578, 4789, 9499, 3983, 7587, 4019, 4751, 9375, 6760, 8592, 7761, 6832, 4152, 3332, 6709, 581, 5210, 6168, 976, 7262, 851, 8672, 4746, 6591, 5304, 3609, 9251, 3342, 5186, 4047, 1399, 7959, 6003, 4490, 5090, 4643, 5589, 9005, 3109, 7303, 2503, 5510, 5943, 1388, 1158, 3861, 4782, 8417, 3481, 3669, 1169, 4981, 2382, 6733, 5123, 5012, 7167, 9989, 8287, 4948, 7013, 4138, 9934, 9536, 1606, 6094, 4088, 389, 8649, 2381, 6300, 9673, 4872, 8718, 1074, 5685, 9146, 9809, 1249, 6504, 5966, 6416, 3988, 9237, 2431, 7210, 5672, 4192, 1197, 3067, 2097, 2884, 7130, 2906, 2521, 2015, 2236, 2438, 9238, 2279, 4719, 5310, 8693, 8916, 2589, 2008, 339, 2256, 2817, 8227, 8723, 9227, 909, 4381, 5285, 4148, 8487, 6286, 1642, 2079, 7980, 2953, 8035, 595, 2082, 7863, 3258, 5053, 8939, 7867, 1587, 5566, 6953, 9298, 5734, 5974, 7103, 3356, 2477, 1043, 3087, 6290, 9358, 3284, 4564, 1695, 9795, 547, 4639, 9023, 9582, 8210, 5634, 3301, 5028, 5393, 6368, 7595, 6475, 623, 4250, 5531, 6201, 9614, 3747, 1922, 8436, 3429, 4108, 6488, 531, 5993, 6721, 6801, 3047, 7613, 3215, 1842, 7182, 2713, 4526, 4140, 2540, 7798, 7288, 2020, 9852, 7777, 4511, 5561, 2850, 577, 2280, 5455, 8754, 4810, 2755, 9856, 7591, 188, 6737, 1177, 352, 6531, 3277, 2316, 43, 3568, 8061, 2615, 558, 7024, 6710, 1611, 7332, 2124, 9248, 3807, 3338, 1848, 6163, 2721, 5899, 6868, 1585, 9804, 9705, 2772, 2500, 2828, 7007, 8054, 5488, 406, 1892, 3179, 7520, 3441, 2417, 2123, 3598, 6874, 3081, 9247, 480, 7752, 9177, 4350, 3540, 4416, 8709, 793, 6990, 9865, 2593, 4469, 9876, 7625, 5497, 342, 7906, 7062, 1650, 2838, 4157, 1207, 1504, 5437, 6335, 4271, 4920, 1970, 40, 8728, 9622, 7820, 2144, 9897, 9517, 7589, 4985, 2298, 9351, 4960, 1224, 5786, 7724, 8833, 107, 7561, 9969]
[1029, 5148, 3451, 8557, 8156, 5482, 6799, 1455, 2367, 9337, 2842, 9350, 5689, 3973, 6067, 2973, 2476, 2189, 5108, 5382, 4142, 2352, 229, 4092, 6129, 930, 4289, 3953, 6715, 7711, 9791, 6452, 1051, 5249, 9152, 4056, 4744, 1622, 8204, 9449, 3608, 5939, 9991, 1450, 890, 8758, 3535, 3282, 6065, 7002, 8640, 4859, 5840, 7983, 9342, 2359, 8801, 4742, 6402, 1852, 3765, 6314, 5762, 1107, 8485, 2979, 3955, 1632, 933, 7411, 3866, 2219, 659, 6008, 9149, 9067, 8406, 5610, 151, 7998, 5088, 4187, 435, 6797, 6248, 4796, 1236, 2595, 1065, 3774, 6788, 8197, 5927, 1954, 4028, 4507, 6164, 7265, 4404, 7584, 1557, 8968, 2343, 5977, 7945, 584, 6006, 7267, 3103, 2820, 1277, 9765, 7509, 6407, 2900, 4826, 9548, 8784, 2701, 2652, 607, 8454, 8591, 7442, 6485, 8903, 9215, 2671, 8593, 6106, 3181, 5710, 8866, 7078, 8196, 6077, 7057, 4251, 1817, 3809, 8748, 4420, 9868, 1483, 5518, 3519, 3484, 4394, 6636, 1586, 5904, 5188, 6023, 5816, 320, 4756, 5820, 9636, 9919, 9087, 8041, 3038, 8070, 4042, 3106, 6809, 6037, 7679, 2284, 8086, 2398, 9957, 5197, 7047, 4569, 9362, 2089, 1098, 2823, 6112, 3045, 3487, 3311, 3198, 6293, 2086, 8683, 2150, 5981, 9276, 7134, 910, 1846, 1825, 6230, 5964, 2841, 6387, 956, 2331, 2106, 6331, 907, 7895, 1822, 7971, 2181, 5023, 8999, 3578, 4789, 9499, 3983, 7587, 4019, 4751, 9375, 6760, 8592, 7761, 6832, 4152, 3332, 6709, 581, 5210, 6168, 976, 7262, 851, 8672, 4746, 6591, 5304, 3609, 9251, 3342, 5186, 4047, 1399, 7959, 6003, 4490, 5090, 4643, 5589, 9005, 3109, 7303, 2503, 5510, 5943, 1388, 1158, 3861, 4782, 8417, 3481, 3669, 1169, 4981, 2382, 6733, 5123, 5012, 7167, 9989, 8287, 4948, 7013, 4138, 9934, 9536, 1606, 6094, 4088, 389, 8649, 2381, 6300, 9673, 4872, 8718, 1074, 5685, 9146, 9809, 1249, 6504, 5966, 6416, 3988, 9237, 2431, 7210, 5672, 4192, 1197, 3067, 2097, 2884, 7130, 2906, 2521, 2015, 2236, 2438, 9238, 2279, 4719, 5310, 8693, 8916, 2589, 2008, 339, 2256, 2817, 8227, 8723, 9227, 909, 4381, 5285, 4148, 8487, 6286, 1642, 2079, 7980, 2953, 8035, 595, 2082, 7863, 3258, 5053, 8939, 7867, 1587, 5566, 6953, 9298, 5734, 5974, 7103, 3356, 2477, 1043, 3087, 6290, 9358, 3284, 4564, 1695, 9795, 547, 4639, 9023, 9582, 8210, 5634, 3301, 5028, 5393, 6368, 7595, 6475, 623, 4250, 5531, 6201, 9614, 3747, 1922, 8436, 3429, 4108, 6488, 531, 5993, 6721, 6801, 3047, 7613, 3215, 1842, 7182, 2713, 4526, 4140, 2540, 7798, 7288, 2020, 9852, 7777, 4511, 5561, 2850, 577, 2280, 5455, 8754, 4810, 2755, 9856, 7591, 188, 6737, 1177, 352, 6531, 3277, 2316, 43, 3568, 8061, 2615, 558, 7024, 6710, 1611, 7332, 2124, 9248, 3807, 3338, 1848, 6163, 2721, 5899, 6868, 1585, 9804, 9705, 2772, 2500, 2828, 7007, 8054, 5488, 406, 1892, 3179, 7520, 3441, 2417, 2123, 3598, 6874, 3081, 9247, 480, 7752, 9177, 4350, 3540, 4416, 8709, 793, 6990, 9865, 2593, 4469, 9876, 7625, 5497, 342, 7906, 7062, 1650, 2838, 4157, 1207, 1504, 5437, 6335, 4271, 4920, 1970, 40, 8728, 9622, 7820, 2144, 9897, 9517, 7589, 4985, 2298, 9351, 4960, 1224, 5786, 7724, 8833, 107, 7561, 9969]
[1029, 5148, 3451, 8557, 8156, 5482, 6799, 1455, 2367, 9337, 2842, 9350, 5689, 3973, 6067, 2973, 2476, 2189, 5108, 5382, 4142, 2352, 229, 4092, 6129, 930, 4289, 3953, 6715, 7711, 9791, 6452, 1051, 5249, 9152, 4056, 4744, 1622, 8204, 9449, 3608, 5939, 9991, 1450, 890, 8758, 3535, 3282, 6065, 7002, 8640, 4859, 5840, 7983, 9342, 2359, 8801, 4742, 6402, 1852, 3765, 6314, 5762, 1107, 8485, 2979, 3955, 1632, 933, 7411, 3866, 2219, 659, 6008, 9149, 9067, 8406, 5610, 151, 7998, 5088, 4187, 435, 6797, 6248, 4796, 1236, 2595, 1065, 3774, 6788, 8197, 5927, 1954, 4028, 4507, 6164, 7265, 4404, 7584, 1557, 8968, 2343, 5977, 7945, 584, 6006, 7267, 3103, 2820, 1277, 9765, 7509, 6407, 2900, 4826, 9548, 8784, 2701, 2652, 607, 8454, 8591, 7442, 6485, 8903, 9215, 2671, 8593, 6106, 3181, 5710, 8866, 7078, 8196, 6077, 7057, 4251, 1817, 3809, 8748, 4420, 9868, 1483, 5518, 3519, 3484, 4394, 6636, 1586, 5904, 5188, 6023, 5816, 320, 4756, 5820, 9636, 9919, 9087, 8041, 3038, 8070, 4042, 3106, 6809, 6037, 7679, 2284, 8086, 2398, 9957, 5197, 7047, 4569, 9362, 2089, 1098, 2823, 6112, 3045, 3487, 3311, 3198, 6293, 2086, 8683, 2150, 5981, 9276, 7134, 910, 1846, 1825, 6230, 5964, 2841, 6387, 956, 2331, 2106, 6331, 907, 7895, 1822, 7971, 2181, 5023, 8999, 3578, 4789, 9499, 3983, 7587, 4019, 4751, 9375, 6760, 8592, 7761, 6832, 4152, 3332, 6709, 581, 5210, 6168, 976, 7262, 851, 8672, 4746, 6591, 5304, 3609, 9251, 3342, 5186, 4047, 1399, 7959, 6003, 4490, 5090, 4643, 5589, 9005, 3109, 7303, 2503, 5510, 5943, 1388, 1158, 3861, 4782, 8417, 3481, 3669, 1169, 4981, 2382, 6733, 5123, 5012, 7167, 9989, 8287, 4948, 7013, 4138, 9934, 9536, 1606, 6094, 4088, 389, 8649, 2381, 6300, 9673, 4872, 8718, 1074, 5685, 9146, 9809, 1249, 6504, 5966, 6416, 3988, 9237, 2431, 7210, 5672, 4192, 1197, 3067, 2097, 2884, 7130, 2906, 2521, 2015, 2236, 2438, 9238, 2279, 4719, 5310, 8693, 8916, 2589, 2008, 339, 2256, 2817, 8227, 8723, 9227, 909, 4381, 5285, 4148, 8487, 6286, 1642, 2079, 7980, 2953, 8035, 595, 2082, 7863, 3258, 5053, 8939, 7867, 1587, 5566, 6953, 9298, 5734, 5974, 7103, 3356, 2477, 1043, 3087, 6290, 9358, 3284, 4564, 1695, 9795, 547, 4639, 9023, 9582, 8210, 5634, 3301, 5028, 5393, 6368, 7595, 6475, 623, 4250, 5531, 6201, 9614, 3747, 1922, 8436, 3429, 4108, 6488, 531, 5993, 6721, 6801, 3047, 7613, 3215, 1842, 7182, 2713, 4526, 4140, 2540, 7798, 7288, 2020, 9852, 7777, 4511, 5561, 2850, 577, 2280, 5455, 8754, 4810, 2755, 9856, 7591, 188, 6737, 1177, 352, 6531, 3277, 2316, 43, 3568, 8061, 2615, 558, 7024, 6710, 1611, 7332, 2124, 9248, 3807, 3338, 1848, 6163, 2721, 5899, 6868, 1585, 9804, 9705, 2772, 2500, 2828, 7007, 8054, 5488, 406, 1892, 3179, 7520, 3441, 2417, 2123, 3598, 6874, 3081, 9247, 480, 7752, 9177, 4350, 3540, 4416, 8709, 793, 6990, 9865, 2593, 4469, 9876, 7625, 5497, 342, 7906, 7062, 1650, 2838, 4157, 1207, 1504, 5437, 6335, 4271, 4920, 1970, 40, 8728, 9622, 7820, 2144, 9897, 9517, 7589, 4985, 2298, 9351, 4960, 1224, 5786, 7724, 8833, 107, 7561, 9969]
[1029, 5148, 3451, 8557, 8156, 5482, 6799, 1455, 2367, 9337, 2842, 9350, 5689, 3973, 6067, 2973, 2476, 2189, 5108, 5382, 4142, 2352, 229, 4092, 6129, 930, 4289, 3953, 6715, 7711, 9791, 6452, 1051, 5249, 9152, 4056, 4744, 1622, 8204, 9449, 3608, 5939, 9991, 1450, 890, 8758, 3535, 3282, 6065, 7002, 8640, 4859, 5840, 7983, 9342, 2359, 8801, 4742, 6402, 1852, 3765, 6314, 5762, 1107, 8485, 2979, 3955, 1632, 933, 7411, 3866, 2219, 659, 6008, 9149, 9067, 8406, 5610, 151, 7998, 5088, 4187, 435, 6797, 6248, 4796, 1236, 2595, 1065, 3774, 6788, 8197, 5927, 1954, 4028, 4507, 6164, 7265, 4404, 7584, 1557, 8968, 2343, 5977, 7945, 584, 6006, 7267, 3103, 2820, 1277, 9765, 7509, 6407, 2900, 4826, 9548, 8784, 2701, 2652, 607, 8454, 8591, 7442, 6485, 8903, 9215, 2671, 8593, 6106, 3181, 5710, 8866, 7078, 8196, 6077, 7057, 4251, 1817, 3809, 8748, 4420, 9868, 1483, 5518, 3519, 3484, 4394, 6636, 1586, 5904, 5188, 6023, 5816, 320, 4756, 5820, 9636, 9919, 9087, 8041, 3038, 8070, 4042, 3106, 6809, 6037, 7679, 2284, 8086, 2398, 9957, 5197, 7047, 4569, 9362, 2089, 1098, 2823, 6112, 3045, 3487, 3311, 3198, 6293, 2086, 8683, 2150, 5981, 9276, 7134, 910, 1846, 1825, 6230, 5964, 2841, 6387, 956, 2331, 2106, 6331, 907, 7895, 1822, 7971, 2181, 5023, 8999, 3578, 4789, 9499, 3983, 7587, 4019, 4751, 9375, 6760, 8592, 7761, 6832, 4152, 3332, 6709, 581, 5210, 6168, 976, 7262, 851, 8672, 4746, 6591, 5304, 3609, 9251, 3342, 5186, 4047, 1399, 7959, 6003, 4490, 5090, 4643, 5589, 9005, 3109, 7303, 2503, 5510, 5943, 1388, 1158, 3861, 4782, 8417, 3481, 3669, 1169, 4981, 2382, 6733, 5123, 5012, 7167, 9989, 8287, 4948, 7013, 4138, 9934, 9536, 1606, 6094, 4088, 389, 8649, 2381, 6300, 9673, 4872, 8718, 1074, 5685, 9146, 9809, 1249, 6504, 5966, 6416, 3988, 9237, 2431, 7210, 5672, 4192, 1197, 3067, 2097, 2884, 7130, 2906, 2521, 2015, 2236, 2438, 9238, 2279, 4719, 5310, 8693, 8916, 2589, 2008, 339, 2256, 2817, 8227, 8723, 9227, 909, 4381, 5285, 4148, 8487, 6286, 1642, 2079, 7980, 2953, 8035, 595, 2082, 7863, 3258, 5053, 8939, 7867, 1587, 5566, 6953, 9298, 5734, 5974, 7103, 3356, 2477, 1043, 3087, 6290, 9358, 3284, 4564, 1695, 9795, 547, 4639, 9023, 9582, 8210, 5634, 3301, 5028, 5393, 6368, 7595, 6475, 623, 4250, 5531, 6201, 9614, 3747, 1922, 8436, 3429, 4108, 6488, 531, 5993, 6721, 6801, 3047, 7613, 3215, 1842, 7182, 2713, 4526, 4140, 2540, 7798, 7288, 2020, 9852, 7777, 4511, 5561, 2850, 577, 2280, 5455, 8754, 4810, 2755, 9856, 7591, 188, 6737, 1177, 352, 6531, 3277, 2316, 43, 3568, 8061, 2615, 558, 7024, 6710, 1611, 7332, 2124, 9248, 3807, 3338, 1848, 6163, 2721, 5899, 6868, 1585, 9804, 9705, 2772, 2500, 2828, 7007, 8054, 5488, 406, 1892, 3179, 7520, 3441, 2417, 2123, 3598, 6874, 3081, 9247, 480, 7752, 9177, 4350, 3540, 4416, 8709, 793, 6990, 9865, 2593, 4469, 9876, 7625, 5497, 342, 7906, 7062, 1650, 2838, 4157, 1207, 1504, 5437, 6335, 4271, 4920, 1970, 40, 8728, 9622, 7820, 2144, 9897, 9517, 7589, 4985, 2298, 9351, 4960, 1224, 5786, 7724, 8833, 107, 7561, 9969]
[1029, 5148, 3451, 8557, 8156, 5482, 6799, 1455, 2367, 9337, 2842, 9350, 5689, 3973, 6067, 2973, 2476, 2189, 5108, 5382, 4142, 2352, 229, 4092, 6129, 930, 4289, 3953, 6715, 7711, 9791, 6452, 1051, 5249, 9152, 4056, 4744, 1622, 8204, 9449, 3608, 5939, 9991, 1450, 890, 8758, 3535, 3282, 6065, 7002, 8640, 4859, 5840, 7983, 9342, 2359, 8801, 4742, 6402, 1852, 3765, 6314, 5762, 1107, 8485, 2979, 3955, 1632, 933, 7411, 3866, 2219, 659, 6008, 9149, 9067, 8406, 5610, 151, 7998, 5088, 4187, 435, 6797, 6248, 4796, 1236, 2595, 1065, 3774, 6788, 8197, 5927, 1954, 4028, 4507, 6164, 7265, 4404, 7584, 1557, 8968, 2343, 5977, 7945, 584, 6006, 7267, 3103, 2820, 1277, 9765, 7509, 6407, 2900, 4826, 9548, 8784, 2701, 2652, 607, 8454, 8591, 7442, 6485, 8903, 9215, 2671, 8593, 6106, 3181, 5710, 8866, 7078, 8196, 6077, 7057, 4251, 1817, 3809, 8748, 4420, 9868, 1483, 5518, 3519, 3484, 4394, 6636, 1586, 5904, 5188, 6023, 5816, 320, 4756, 5820, 9636, 9919, 9087, 8041, 3038, 8070, 4042, 3106, 6809, 6037, 7679, 2284, 8086, 2398, 9957, 5197, 7047, 4569, 9362, 2089, 1098, 2823, 6112, 3045, 3487, 3311, 3198, 6293, 2086, 8683, 2150, 5981, 9276, 7134, 910, 1846, 1825, 6230, 5964, 2841, 6387, 956, 2331, 2106, 6331, 907, 7895, 1822, 7971, 2181, 5023, 8999, 3578, 4789, 9499, 3983, 7587, 4019, 4751, 9375, 6760, 8592, 7761, 6832, 4152, 3332, 6709, 581, 5210, 6168, 976, 7262, 851, 8672, 4746, 6591, 5304, 3609, 9251, 3342, 5186, 4047, 1399, 7959, 6003, 4490, 5090, 4643, 5589, 9005, 3109, 7303, 2503, 5510, 5943, 1388, 1158, 3861, 4782, 8417, 3481, 3669, 1169, 4981, 2382, 6733, 5123, 5012, 7167, 9989, 8287, 4948, 7013, 4138, 9934, 9536, 1606, 6094, 4088, 389, 8649, 2381, 6300, 9673, 4872, 8718, 1074, 5685, 9146, 9809, 1249, 6504, 5966, 6416, 3988, 9237, 2431, 7210, 5672, 4192, 1197, 3067, 2097, 2884, 7130, 2906, 2521, 2015, 2236, 2438, 9238, 2279, 4719, 5310, 8693, 8916, 2589, 2008, 339, 2256, 2817, 8227, 8723, 9227, 909, 4381, 5285, 4148, 8487, 6286, 1642, 2079, 7980, 2953, 8035, 595, 2082, 7863, 3258, 5053, 8939, 7867, 1587, 5566, 6953, 9298, 5734, 5974, 7103, 3356, 2477, 1043, 3087, 6290, 9358, 3284, 4564, 1695, 9795, 547, 4639, 9023, 9582, 8210, 5634, 3301, 5028, 5393, 6368, 7595, 6475, 623, 4250, 5531, 6201, 9614, 3747, 1922, 8436, 3429, 4108, 6488, 531, 5993, 6721, 6801, 3047, 7613, 3215, 1842, 7182, 2713, 4526, 4140, 2540, 7798, 7288, 2020, 9852, 7777, 4511, 5561, 2850, 577, 2280, 5455, 8754, 4810, 2755, 9856, 7591, 188, 6737, 1177, 352, 6531, 3277, 2316, 43, 3568, 8061, 2615, 558, 7024, 6710, 1611, 7332, 2124, 9248, 3807, 3338, 1848, 6163, 2721, 5899, 6868, 1585, 9804, 9705, 2772, 2500, 2828, 7007, 8054, 5488, 406, 1892, 3179, 7520, 3441, 2417, 2123, 3598, 6874, 3081, 9247, 480, 7752, 9177, 4350, 3540, 4416, 8709, 793, 6990, 9865, 2593, 4469, 9876, 7625, 5497, 342, 7906, 7062, 1650, 2838, 4157, 1207, 1504, 5437, 6335, 4271, 4920, 1970, 40, 8728, 9622, 7820, 2144, 9897, 9517, 7589, 4985, 2298, 9351, 4960, 1224, 5786, 7724, 8833, 107, 7561, 9969]
[1029, 5148, 3451, 8557, 8156, 5482, 6799, 1455, 2367, 9337, 2842, 9350, 5689, 3973, 6067, 2973, 2476, 2189, 5108, 5382, 4142, 2352, 229, 4092, 6129, 930, 4289, 3953, 6715, 7711, 9791, 6452, 1051, 5249, 9152, 4056, 4744, 1622, 8204, 9449, 3608, 5939, 9991, 1450, 890, 8758, 3535, 3282, 6065, 7002, 8640, 4859, 5840, 7983, 9342, 2359, 8801, 4742, 6402, 1852, 3765, 6314, 5762, 1107, 8485, 2979, 3955, 1632, 933, 7411, 3866, 2219, 659, 6008, 9149, 9067, 8406, 5610, 151, 7998, 5088, 4187, 435, 6797, 6248, 4796, 1236, 2595, 1065, 3774, 6788, 8197, 5927, 1954, 4028, 4507, 6164, 7265, 4404, 7584, 1557, 8968, 2343, 5977, 7945, 584, 6006, 7267, 3103, 2820, 1277, 9765, 7509, 6407, 2900, 4826, 9548, 8784, 2701, 2652, 607, 8454, 8591, 7442, 6485, 8903, 9215, 2671, 8593, 6106, 3181, 5710, 8866, 7078, 8196, 6077, 7057, 4251, 1817, 3809, 8748, 4420, 9868, 1483, 5518, 3519, 3484, 4394, 6636, 1586, 5904, 5188, 6023, 5816, 320, 4756, 5820, 9636, 9919, 9087, 8041, 3038, 8070, 4042, 3106, 6809, 6037, 7679, 2284, 8086, 2398, 9957, 5197, 7047, 4569, 9362, 2089, 1098, 2823, 6112, 3045, 3487, 3311, 3198, 6293, 2086, 8683, 2150, 5981, 9276, 7134, 910, 1846, 1825, 6230, 5964, 2841, 6387, 956, 2331, 2106, 6331, 907, 7895, 1822, 7971, 2181, 5023, 8999, 3578, 4789, 9499, 3983, 7587, 4019, 4751, 9375, 6760, 8592, 7761, 6832, 4152, 3332, 6709, 581, 5210, 6168, 976, 7262, 851, 8672, 4746, 6591, 5304, 3609, 9251, 3342, 5186, 4047, 1399, 7959, 6003, 4490, 5090, 4643, 5589, 9005, 3109, 7303, 2503, 5510, 5943, 1388, 1158, 3861, 4782, 8417, 3481, 3669, 1169, 4981, 2382, 6733, 5123, 5012, 7167, 9989, 8287, 4948, 7013, 4138, 9934, 9536, 1606, 6094, 4088, 389, 8649, 2381, 6300, 9673, 4872, 8718, 1074, 5685, 9146, 9809, 1249, 6504, 5966, 6416, 3988, 9237, 2431, 7210, 5672, 4192, 1197, 3067, 2097, 2884, 7130, 2906, 2521, 2015, 2236, 2438, 9238, 2279, 4719, 5310, 8693, 8916, 2589, 2008, 339, 2256, 2817, 8227, 8723, 9227, 909, 4381, 5285, 4148, 8487, 6286, 1642, 2079, 7980, 2953, 8035, 595, 2082, 7863, 3258, 5053, 8939, 7867, 1587, 5566, 6953, 9298, 5734, 5974, 7103, 3356, 2477, 1043, 3087, 6290, 9358, 3284, 4564, 1695, 9795, 547, 4639, 9023, 9582, 8210, 5634, 3301, 5028, 5393, 6368, 7595, 6475, 623, 4250, 5531, 6201, 9614, 3747, 1922, 8436, 3429, 4108, 6488, 531, 5993, 6721, 6801, 3047, 7613, 3215, 1842, 7182, 2713, 4526, 4140, 2540, 7798, 7288, 2020, 9852, 7777, 4511, 5561, 2850, 577, 2280, 5455, 8754, 4810, 2755, 9856, 7591, 188, 6737, 1177, 352, 6531, 3277, 2316, 43, 3568, 8061, 2615, 558, 7024, 6710, 1611, 7332, 2124, 9248, 3807, 3338, 1848, 6163, 2721, 5899, 6868, 1585, 9804, 9705, 2772, 2500, 2828, 7007, 8054, 5488, 406, 1892, 3179, 7520, 3441, 2417, 2123, 3598, 6874, 3081, 9247, 480, 7752, 9177, 4350, 3540, 4416, 8709, 793, 6990, 9865, 2593, 4469, 9876, 7625, 5497, 342, 7906, 7062, 1650, 2838, 4157, 1207, 1504, 5437, 6335, 4271, 4920, 1970, 40, 8728, 9622, 7820, 2144, 9897, 9517, 7589, 4985, 2298, 9351, 4960, 1224, 5786, 7724, 8833, 107, 7561, 9969]
[1029, 5148, 3451, 8557, 8156, 5482, 6799, 1455, 2367, 9337, 2842, 9350, 5689, 3973, 6067, 2973, 2476, 2189, 5108, 5382, 4142, 2352, 229, 4092, 6129, 930, 4289, 3953, 6715, 7711, 9791, 6452, 1051, 5249, 9152, 4056, 4744, 1622, 8204, 9449, 3608, 5939, 9991, 1450, 890, 8758, 3535, 3282, 6065, 7002, 8640, 4859, 5840, 7983, 9342, 2359, 8801, 4742, 6402, 1852, 3765, 6314, 5762, 1107, 8485, 2979, 3955, 1632, 933, 7411, 3866, 2219, 659, 6008, 9149, 9067, 8406, 5610, 151, 7998, 5088, 4187, 435, 6797, 6248, 4796, 1236, 2595, 1065, 3774, 6788, 8197, 5927, 1954, 4028, 4507, 6164, 7265, 4404, 7584, 1557, 8968, 2343, 5977, 7945, 584, 6006, 7267, 3103, 2820, 1277, 9765, 7509, 6407, 2900, 4826, 9548, 8784, 2701, 2652, 607, 8454, 8591, 7442, 6485, 8903, 9215, 2671, 8593, 6106, 3181, 5710, 8866, 7078, 8196, 6077, 7057, 4251, 1817, 3809, 8748, 4420, 9868, 1483, 5518, 3519, 3484, 4394, 6636, 1586, 5904, 5188, 6023, 5816, 320, 4756, 5820, 9636, 9919, 9087, 8041, 3038, 8070, 4042, 3106, 6809, 6037, 7679, 2284, 8086, 2398, 9957, 5197, 7047, 4569, 9362, 2089, 1098, 2823, 6112, 3045, 3487, 3311, 3198, 6293, 2086, 8683, 2150, 5981, 9276, 7134, 910, 1846, 1825, 6230, 5964, 2841, 6387, 956, 2331, 2106, 6331, 907, 7895, 1822, 7971, 2181, 5023, 8999, 3578, 4789, 9499, 3983, 7587, 4019, 4751, 9375, 6760, 8592, 7761, 6832, 4152, 3332, 6709, 581, 5210, 6168, 976, 7262, 851, 8672, 4746, 6591, 5304, 3609, 9251, 3342, 5186, 4047, 1399, 7959, 6003, 4490, 5090, 4643, 5589, 9005, 3109, 7303, 2503, 5510, 5943, 1388, 1158, 3861, 4782, 8417, 3481, 3669, 1169, 4981, 2382, 6733, 5123, 5012, 7167, 9989, 8287, 4948, 7013, 4138, 9934, 9536, 1606, 6094, 4088, 389, 8649, 2381, 6300, 9673, 4872, 8718, 1074, 5685, 9146, 9809, 1249, 6504, 5966, 6416, 3988, 9237, 2431, 7210, 5672, 4192, 1197, 3067, 2097, 2884, 7130, 2906, 2521, 2015, 2236, 2438, 9238, 2279, 4719, 5310, 8693, 8916, 2589, 2008, 339, 2256, 2817, 8227, 8723, 9227, 909, 4381, 5285, 4148, 8487, 6286, 1642, 2079, 7980, 2953, 8035, 595, 2082, 7863, 3258, 5053, 8939, 7867, 1587, 5566, 6953, 9298, 5734, 5974, 7103, 3356, 2477, 1043, 3087, 6290, 9358, 3284, 4564, 1695, 9795, 547, 4639, 9023, 9582, 8210, 5634, 3301, 5028, 5393, 6368, 7595, 6475, 623, 4250, 5531, 6201, 9614, 3747, 1922, 8436, 3429, 4108, 6488, 531, 5993, 6721, 6801, 3047, 7613, 3215, 1842, 7182, 2713, 4526, 4140, 2540, 7798, 7288, 2020, 9852, 7777, 4511, 5561, 2850, 577, 2280, 5455, 8754, 4810, 2755, 9856, 7591, 188, 6737, 1177, 352, 6531, 3277, 2316, 43, 3568, 8061, 2615, 558, 7024, 6710, 1611, 7332, 2124, 9248, 3807, 3338, 1848, 6163, 2721, 5899, 6868, 1585, 9804, 9705, 2772, 2500, 2828, 7007, 8054, 5488, 406, 1892, 3179, 7520, 3441, 2417, 2123, 3598, 6874, 3081, 9247, 480, 7752, 9177, 4350, 3540, 4416, 8709, 793, 6990, 9865, 2593, 4469, 9876, 7625, 5497, 342, 7906, 7062, 1650, 2838, 4157, 1207, 1504, 5437, 6335, 4271, 4920, 1970, 40, 8728, 9622, 7820, 2144, 9897, 9517, 7589, 4985, 2298, 9351, 4960, 1224, 5786, 7724, 8833, 107, 7561, 9969]
[1029, 5148, 3451, 8557, 8156, 5482, 6799, 1455, 2367, 9337, 2842, 9350, 5689, 3973, 6067, 2973, 2476, 2189, 5108, 5382, 4142, 2352, 229, 4092, 6129, 930, 4289, 3953, 6715, 7711, 9791, 6452, 1051, 5249, 9152, 4056, 4744, 1622, 8204, 9449, 3608, 5939, 9991, 1450, 890, 8758, 3535, 3282, 6065, 7002, 8640, 4859, 5840, 7983, 9342, 2359, 8801, 4742, 6402, 1852, 3765, 6314, 5762, 1107, 8485, 2979, 3955, 1632, 933, 7411, 3866, 2219, 659, 6008, 9149, 9067, 8406, 5610, 151, 7998, 5088, 4187, 435, 6797, 6248, 4796, 1236, 2595, 1065, 3774, 6788, 8197, 5927, 1954, 4028, 4507, 6164, 7265, 4404, 7584, 1557, 8968, 2343, 5977, 7945, 584, 6006, 7267, 3103, 2820, 1277, 9765, 7509, 6407, 2900, 4826, 9548, 8784, 2701, 2652, 607, 8454, 8591, 7442, 6485, 8903, 9215, 2671, 8593, 6106, 3181, 5710, 8866, 7078, 8196, 6077, 7057, 4251, 1817, 3809, 8748, 4420, 9868, 1483, 5518, 3519, 3484, 4394, 6636, 1586, 5904, 5188, 6023, 5816, 320, 4756, 5820, 9636, 9919, 9087, 8041, 3038, 8070, 4042, 3106, 6809, 6037, 7679, 2284, 8086, 2398, 9957, 5197, 7047, 4569, 9362, 2089, 1098, 2823, 6112, 3045, 3487, 3311, 3198, 6293, 2086, 8683, 2150, 5981, 9276, 7134, 910, 1846, 1825, 6230, 5964, 2841, 6387, 956, 2331, 2106, 6331, 907, 7895, 1822, 7971, 2181, 5023, 8999, 3578, 4789, 9499, 3983, 7587, 4019, 4751, 9375, 6760, 8592, 7761, 6832, 4152, 3332, 6709, 581, 5210, 6168, 976, 7262, 851, 8672, 4746, 6591, 5304, 3609, 9251, 3342, 5186, 4047, 1399, 7959, 6003, 4490, 5090, 4643, 5589, 9005, 3109, 7303, 2503, 5510, 5943, 1388, 1158, 3861, 4782, 8417, 3481, 3669, 1169, 4981, 2382, 6733, 5123, 5012, 7167, 9989, 8287, 4948, 7013, 4138, 9934, 9536, 1606, 6094, 4088, 389, 8649, 2381, 6300, 9673, 4872, 8718, 1074, 5685, 9146, 9809, 1249, 6504, 5966, 6416, 3988, 9237, 2431, 7210, 5672, 4192, 1197, 3067, 2097, 2884, 7130, 2906, 2521, 2015, 2236, 2438, 9238, 2279, 4719, 5310, 8693, 8916, 2589, 2008, 339, 2256, 2817, 8227, 8723, 9227, 909, 4381, 5285, 4148, 8487, 6286, 1642, 2079, 7980, 2953, 8035, 595, 2082, 7863, 3258, 5053, 8939, 7867, 1587, 5566, 6953, 9298, 5734, 5974, 7103, 3356, 2477, 1043, 3087, 6290, 9358, 3284, 4564, 1695, 9795, 547, 4639, 9023, 9582, 8210, 5634, 3301, 5028, 5393, 6368, 7595, 6475, 623, 4250, 5531, 6201, 9614, 3747, 1922, 8436, 3429, 4108, 6488, 531, 5993, 6721, 6801, 3047, 7613, 3215, 1842, 7182, 2713, 4526, 4140, 2540, 7798, 7288, 2020, 9852, 7777, 4511, 5561, 2850, 577, 2280, 5455, 8754, 4810, 2755, 9856, 7591, 188, 6737, 1177, 352, 6531, 3277, 2316, 43, 3568, 8061, 2615, 558, 7024, 6710, 1611, 7332, 2124, 9248, 3807, 3338, 1848, 6163, 2721, 5899, 6868, 1585, 9804, 9705, 2772, 2500, 2828, 7007, 8054, 5488, 406, 1892, 3179, 7520, 3441, 2417, 2123, 3598, 6874, 3081, 9247, 480, 7752, 9177, 4350, 3540, 4416, 8709, 793, 6990, 9865, 2593, 4469, 9876, 7625, 5497, 342, 7906, 7062, 1650, 2838, 4157, 1207, 1504, 5437, 6335, 4271, 4920, 1970, 40, 8728, 9622, 7820, 2144, 9897, 9517, 7589, 4985, 2298, 9351, 4960, 1224, 5786, 7724, 8833, 107, 7561, 9969]
[1029, 5148, 3451, 8557, 8156, 5482, 6799, 1455, 2367, 9337, 2842, 9350, 5689, 3973, 6067, 2973, 2476, 2189, 5108, 5382, 4142, 2352, 229, 4092, 6129, 930, 4289, 3953, 6715, 7711, 9791, 6452, 1051, 5249, 9152, 4056, 4744, 1622, 8204, 9449, 3608, 5939, 9991, 1450, 890, 8758, 3535, 3282, 6065, 7002, 8640, 4859, 5840, 7983, 9342, 2359, 8801, 4742, 6402, 1852, 3765, 6314, 5762, 1107, 8485, 2979, 3955, 1632, 933, 7411, 3866, 2219, 659, 6008, 9149, 9067, 8406, 5610, 151, 7998, 5088, 4187, 435, 6797, 6248, 4796, 1236, 2595, 1065, 3774, 6788, 8197, 5927, 1954, 4028, 4507, 6164, 7265, 4404, 7584, 1557, 8968, 2343, 5977, 7945, 584, 6006, 7267, 3103, 2820, 1277, 9765, 7509, 6407, 2900, 4826, 9548, 8784, 2701, 2652, 607, 8454, 8591, 7442, 6485, 8903, 9215, 2671, 8593, 6106, 3181, 5710, 8866, 7078, 8196, 6077, 7057, 4251, 1817, 3809, 8748, 4420, 9868, 1483, 5518, 3519, 3484, 4394, 6636, 1586, 5904, 5188, 6023, 5816, 320, 4756, 5820, 9636, 9919, 9087, 8041, 3038, 8070, 4042, 3106, 6809, 6037, 7679, 2284, 8086, 2398, 9957, 5197, 7047, 4569, 9362, 2089, 1098, 2823, 6112, 3045, 3487, 3311, 3198, 6293, 2086, 8683, 2150, 5981, 9276, 7134, 910, 1846, 1825, 6230, 5964, 2841, 6387, 956, 2331, 2106, 6331, 907, 7895, 1822, 7971, 2181, 5023, 8999, 3578, 4789, 9499, 3983, 7587, 4019, 4751, 9375, 6760, 8592, 7761, 6832, 4152, 3332, 6709, 581, 5210, 6168, 976, 7262, 851, 8672, 4746, 6591, 5304, 3609, 9251, 3342, 5186, 4047, 1399, 7959, 6003, 4490, 5090, 4643, 5589, 9005, 3109, 7303, 2503, 5510, 5943, 1388, 1158, 3861, 4782, 8417, 3481, 3669, 1169, 4981, 2382, 6733, 5123, 5012, 7167, 9989, 8287, 4948, 7013, 4138, 9934, 9536, 1606, 6094, 4088, 389, 8649, 2381, 6300, 9673, 4872, 8718, 1074, 5685, 9146, 9809, 1249, 6504, 5966, 6416, 3988, 9237, 2431, 7210, 5672, 4192, 1197, 3067, 2097, 2884, 7130, 2906, 2521, 2015, 2236, 2438, 9238, 2279, 4719, 5310, 8693, 8916, 2589, 2008, 339, 2256, 2817, 8227, 8723, 9227, 909, 4381, 5285, 4148, 8487, 6286, 1642, 2079, 7980, 2953, 8035, 595, 2082, 7863, 3258, 5053, 8939, 7867, 1587, 5566, 6953, 9298, 5734, 5974, 7103, 3356, 2477, 1043, 3087, 6290, 9358, 3284, 4564, 1695, 9795, 547, 4639, 9023, 9582, 8210, 5634, 3301, 5028, 5393, 6368, 7595, 6475, 623, 4250, 5531, 6201, 9614, 3747, 1922, 8436, 3429, 4108, 6488, 531, 5993, 6721, 6801, 3047, 7613, 3215, 1842, 7182, 2713, 4526, 4140, 2540, 7798, 7288, 2020, 9852, 7777, 4511, 5561, 2850, 577, 2280, 5455, 8754, 4810, 2755, 9856, 7591, 188, 6737, 1177, 352, 6531, 3277, 2316, 43, 3568, 8061, 2615, 558, 7024, 6710, 1611, 7332, 2124, 9248, 3807, 3338, 1848, 6163, 2721, 5899, 6868, 1585, 9804, 9705, 2772, 2500, 2828, 7007, 8054, 5488, 406, 1892, 3179, 7520, 3441, 2417, 2123, 3598, 6874, 3081, 9247, 480, 7752, 9177, 4350, 3540, 4416, 8709, 793, 6990, 9865, 2593, 4469, 9876, 7625, 5497, 342, 7906, 7062, 1650, 2838, 4157, 1207, 1504, 5437, 6335, 4271, 4920, 1970, 40, 8728, 9622, 7820, 2144, 9897, 9517, 7589, 4985, 2298, 9351, 4960, 1224, 5786, 7724, 8833, 107, 7561, 9969]
[1029, 5148, 3451, 8557, 8156, 5482, 6799, 1455, 2367, 9337, 2842, 9350, 5689, 3973, 6067, 2973, 2476, 2189, 5108, 5382, 4142, 2352, 229, 4092, 6129, 930, 4289, 3953, 6715, 7711, 9791, 6452, 1051, 5249, 9152, 4056, 4744, 1622, 8204, 9449, 3608, 5939, 9991, 1450, 890, 8758, 3535, 3282, 6065, 7002, 8640, 4859, 5840, 7983, 9342, 2359, 8801, 4742, 6402, 1852, 3765, 6314, 5762, 1107, 8485, 2979, 3955, 1632, 933, 7411, 3866, 2219, 659, 6008, 9149, 9067, 8406, 5610, 151, 7998, 5088, 4187, 435, 6797, 6248, 4796, 1236, 2595, 1065, 3774, 6788, 8197, 5927, 1954, 4028, 4507, 6164, 7265, 4404, 7584, 1557, 8968, 2343, 5977, 7945, 584, 6006, 7267, 3103, 2820, 1277, 9765, 7509, 6407, 2900, 4826, 9548, 8784, 2701, 2652, 607, 8454, 8591, 7442, 6485, 8903, 9215, 2671, 8593, 6106, 3181, 5710, 8866, 7078, 8196, 6077, 7057, 4251, 1817, 3809, 8748, 4420, 9868, 1483, 5518, 3519, 3484, 4394, 6636, 1586, 5904, 5188, 6023, 5816, 320, 4756, 5820, 9636, 9919, 9087, 8041, 3038, 8070, 4042, 3106, 6809, 6037, 7679, 2284, 8086, 2398, 9957, 5197, 7047, 4569, 9362, 2089, 1098, 2823, 6112, 3045, 3487, 3311, 3198, 6293, 2086, 8683, 2150, 5981, 9276, 7134, 910, 1846, 1825, 6230, 5964, 2841, 6387, 956, 2331, 2106, 6331, 907, 7895, 1822, 7971, 2181, 5023, 8999, 3578, 4789, 9499, 3983, 7587, 4019, 4751, 9375, 6760, 8592, 7761, 6832, 4152, 3332, 6709, 581, 5210, 6168, 976, 7262, 851, 8672, 4746, 6591, 5304, 3609, 9251, 3342, 5186, 4047, 1399, 7959, 6003, 4490, 5090, 4643, 5589, 9005, 3109, 7303, 2503, 5510, 5943, 1388, 1158, 3861, 4782, 8417, 3481, 3669, 1169, 4981, 2382, 6733, 5123, 5012, 7167, 9989, 8287, 4948, 7013, 4138, 9934, 9536, 1606, 6094, 4088, 389, 8649, 2381, 6300, 9673, 4872, 8718, 1074, 5685, 9146, 9809, 1249, 6504, 5966, 6416, 3988, 9237, 2431, 7210, 5672, 4192, 1197, 3067, 2097, 2884, 7130, 2906, 2521, 2015, 2236, 2438, 9238, 2279, 4719, 5310, 8693, 8916, 2589, 2008, 339, 2256, 2817, 8227, 8723, 9227, 909, 4381, 5285, 4148, 8487, 6286, 1642, 2079, 7980, 2953, 8035, 595, 2082, 7863, 3258, 5053, 8939, 7867, 1587, 5566, 6953, 9298, 5734, 5974, 7103, 3356, 2477, 1043, 3087, 6290, 9358, 3284, 4564, 1695, 9795, 547, 4639, 9023, 9582, 8210, 5634, 3301, 5028, 5393, 6368, 7595, 6475, 623, 4250, 5531, 6201, 9614, 3747, 1922, 8436, 3429, 4108, 6488, 531, 5993, 6721, 6801, 3047, 7613, 3215, 1842, 7182, 2713, 4526, 4140, 2540, 7798, 7288, 2020, 9852, 7777, 4511, 5561, 2850, 577, 2280, 5455, 8754, 4810, 2755, 9856, 7591, 188, 6737, 1177, 352, 6531, 3277, 2316, 43, 3568, 8061, 2615, 558, 7024, 6710, 1611, 7332, 2124, 9248, 3807, 3338, 1848, 6163, 2721, 5899, 6868, 1585, 9804, 9705, 2772, 2500, 2828, 7007, 8054, 5488, 406, 1892, 3179, 7520, 3441, 2417, 2123, 3598, 6874, 3081, 9247, 480, 7752, 9177, 4350, 3540, 4416, 8709, 793, 6990, 9865, 2593, 4469, 9876, 7625, 5497, 342, 7906, 7062, 1650, 2838, 4157, 1207, 1504, 5437, 6335, 4271, 4920, 1970, 40, 8728, 9622, 7820, 2144, 9897, 9517, 7589, 4985, 2298, 9351, 4960, 1224, 5786, 7724, 8833, 107, 7561, 9969]
[1029, 5148, 3451, 8557, 8156, 5482, 6799, 1455, 2367, 9337, 2842, 9350, 5689, 3973, 6067, 2973, 2476, 2189, 5108, 5382, 4142, 2352, 229, 4092, 6129, 930, 4289, 3953, 6715, 7711, 9791, 6452, 1051, 5249, 9152, 4056, 4744, 1622, 8204, 9449, 3608, 5939, 9991, 1450, 890, 8758, 3535, 3282, 6065, 7002, 8640, 4859, 5840, 7983, 9342, 2359, 8801, 4742, 6402, 1852, 3765, 6314, 5762, 1107, 8485, 2979, 3955, 1632, 933, 7411, 3866, 2219, 659, 6008, 9149, 9067, 8406, 5610, 151, 7998, 5088, 4187, 435, 6797, 6248, 4796, 1236, 2595, 1065, 3774, 6788, 8197, 5927, 1954, 4028, 4507, 6164, 7265, 4404, 7584, 1557, 8968, 2343, 5977, 7945, 584, 6006, 7267, 3103, 2820, 1277, 9765, 7509, 6407, 2900, 4826, 9548, 8784, 2701, 2652, 607, 8454, 8591, 7442, 6485, 8903, 9215, 2671, 8593, 6106, 3181, 5710, 8866, 7078, 8196, 6077, 7057, 4251, 1817, 3809, 8748, 4420, 9868, 1483, 5518, 3519, 3484, 4394, 6636, 1586, 5904, 5188, 6023, 5816, 320, 4756, 5820, 9636, 9919, 9087, 8041, 3038, 8070, 4042, 3106, 6809, 6037, 7679, 2284, 8086, 2398, 9957, 5197, 7047, 4569, 9362, 2089, 1098, 2823, 6112, 3045, 3487, 3311, 3198, 6293, 2086, 8683, 2150, 5981, 9276, 7134, 910, 1846, 1825, 6230, 5964, 2841, 6387, 956, 2331, 2106, 6331, 907, 7895, 1822, 7971, 2181, 5023, 8999, 3578, 4789, 9499, 3983, 7587, 4019, 4751, 9375, 6760, 8592, 7761, 6832, 4152, 3332, 6709, 581, 5210, 6168, 976, 7262, 851, 8672, 4746, 6591, 5304, 3609, 9251, 3342, 5186, 4047, 1399, 7959, 6003, 4490, 5090, 4643, 5589, 9005, 3109, 7303, 2503, 5510, 5943, 1388, 1158, 3861, 4782, 8417, 3481, 3669, 1169, 4981, 2382, 6733, 5123, 5012, 7167, 9989, 8287, 4948, 7013, 4138, 9934, 9536, 1606, 6094, 4088, 389, 8649, 2381, 6300, 9673, 4872, 8718, 1074, 5685, 9146, 9809, 1249, 6504, 5966, 6416, 3988, 9237, 2431, 7210, 5672, 4192, 1197, 3067, 2097, 2884, 7130, 2906, 2521, 2015, 2236, 2438, 9238, 2279, 4719, 5310, 8693, 8916, 2589, 2008, 339, 2256, 2817, 8227, 8723, 9227, 909, 4381, 5285, 4148, 8487, 6286, 1642, 2079, 7980, 2953, 8035, 595, 2082, 7863, 3258, 5053, 8939, 7867, 1587, 5566, 6953, 9298, 5734, 5974, 7103, 3356, 2477, 1043, 3087, 6290, 9358, 3284, 4564, 1695, 9795, 547, 4639, 9023, 9582, 8210, 5634, 3301, 5028, 5393, 6368, 7595, 6475, 623, 4250, 5531, 6201, 9614, 3747, 1922, 8436, 3429, 4108, 6488, 531, 5993, 6721, 6801, 3047, 7613, 3215, 1842, 7182, 2713, 4526, 4140, 2540, 7798, 7288, 2020, 9852, 7777, 4511, 5561, 2850, 577, 2280, 5455, 8754, 4810, 2755, 9856, 7591, 188, 6737, 1177, 352, 6531, 3277, 2316, 43, 3568, 8061, 2615, 558, 7024, 6710, 1611, 7332, 2124, 9248, 3807, 3338, 1848, 6163, 2721, 5899, 6868, 1585, 9804, 9705, 2772, 2500, 2828, 7007, 8054, 5488, 406, 1892, 3179, 7520, 3441, 2417, 2123, 3598, 6874, 3081, 9247, 480, 7752, 9177, 4350, 3540, 4416, 8709, 793, 6990, 9865, 2593, 4469, 9876, 7625, 5497, 342, 7906, 7062, 1650, 2838, 4157, 1207, 1504, 5437, 6335, 4271, 4920, 1970, 40, 8728, 9622, 7820, 2144, 9897, 9517, 7589, 4985, 2298, 9351, 4960, 1224, 5786, 7724, 8833, 107, 7561, 9969]
[1029, 5148, 3451, 8557, 8156, 5482, 6799, 1455, 2367, 9337, 2842, 9350, 5689, 3973, 6067, 2973, 2476, 2189, 5108, 5382, 4142, 2352, 229, 4092, 6129, 930, 4289, 3953, 6715, 7711, 9791, 6452, 1051, 5249, 9152, 4056, 4744, 1622, 8204, 9449, 3608, 5939, 9991, 1450, 890, 8758, 3535, 3282, 6065, 7002, 8640, 4859, 5840, 7983, 9342, 2359, 8801, 4742, 6402, 1852, 3765, 6314, 5762, 1107, 8485, 2979, 3955, 1632, 933, 7411, 3866, 2219, 659, 6008, 9149, 9067, 8406, 5610, 151, 7998, 5088, 4187, 435, 6797, 6248, 4796, 1236, 2595, 1065, 3774, 6788, 8197, 5927, 1954, 4028, 4507, 6164, 7265, 4404, 7584, 1557, 8968, 2343, 5977, 7945, 584, 6006, 7267, 3103, 2820, 1277, 9765, 7509, 6407, 2900, 4826, 9548, 8784, 2701, 2652, 607, 8454, 8591, 7442, 6485, 8903, 9215, 2671, 8593, 6106, 3181, 5710, 8866, 7078, 8196, 6077, 7057, 4251, 1817, 3809, 8748, 4420, 9868, 1483, 5518, 3519, 3484, 4394, 6636, 1586, 5904, 5188, 6023, 5816, 320, 4756, 5820, 9636, 9919, 9087, 8041, 3038, 8070, 4042, 3106, 6809, 6037, 7679, 2284, 8086, 2398, 9957, 5197, 7047, 4569, 9362, 2089, 1098, 2823, 6112, 3045, 3487, 3311, 3198, 6293, 2086, 8683, 2150, 5981, 9276, 7134, 910, 1846, 1825, 6230, 5964, 2841, 6387, 956, 2331, 2106, 6331, 907, 7895, 1822, 7971, 2181, 5023, 8999, 3578, 4789, 9499, 3983, 7587, 4019, 4751, 9375, 6760, 8592, 7761, 6832, 4152, 3332, 6709, 581, 5210, 6168, 976, 7262, 851, 8672, 4746, 6591, 5304, 3609, 9251, 3342, 5186, 4047, 1399, 7959, 6003, 4490, 5090, 4643, 5589, 9005, 3109, 7303, 2503, 5510, 5943, 1388, 1158, 3861, 4782, 8417, 3481, 3669, 1169, 4981, 2382, 6733, 5123, 5012, 7167, 9989, 8287, 4948, 7013, 4138, 9934, 9536, 1606, 6094, 4088, 389, 8649, 2381, 6300, 9673, 4872, 8718, 1074, 5685, 9146, 9809, 1249, 6504, 5966, 6416, 3988, 9237, 2431, 7210, 5672, 4192, 1197, 3067, 2097, 2884, 7130, 2906, 2521, 2015, 2236, 2438, 9238, 2279, 4719, 5310, 8693, 8916, 2589, 2008, 339, 2256, 2817, 8227, 8723, 9227, 909, 4381, 5285, 4148, 8487, 6286, 1642, 2079, 7980, 2953, 8035, 595, 2082, 7863, 3258, 5053, 8939, 7867, 1587, 5566, 6953, 9298, 5734, 5974, 7103, 3356, 2477, 1043, 3087, 6290, 9358, 3284, 4564, 1695, 9795, 547, 4639, 9023, 9582, 8210, 5634, 3301, 5028, 5393, 6368, 7595, 6475, 623, 4250, 5531, 6201, 9614, 3747, 1922, 8436, 3429, 4108, 6488, 531, 5993, 6721, 6801, 3047, 7613, 3215, 1842, 7182, 2713, 4526, 4140, 2540, 7798, 7288, 2020, 9852, 7777, 4511, 5561, 2850, 577, 2280, 5455, 8754, 4810, 2755, 9856, 7591, 188, 6737, 1177, 352, 6531, 3277, 2316, 43, 3568, 8061, 2615, 558, 7024, 6710, 1611, 7332, 2124, 9248, 3807, 3338, 1848, 6163, 2721, 5899, 6868, 1585, 9804, 9705, 2772, 2500, 2828, 7007, 8054, 5488, 406, 1892, 3179, 7520, 3441, 2417, 2123, 3598, 6874, 3081, 9247, 480, 7752, 9177, 4350, 3540, 4416, 8709, 793, 6990, 9865, 2593, 4469, 9876, 7625, 5497, 342, 7906, 7062, 1650, 2838, 4157, 1207, 1504, 5437, 6335, 4271, 4920, 1970, 40, 8728, 9622, 7820, 2144, 9897, 9517, 7589, 4985, 2298, 9351, 4960, 1224, 5786, 7724, 8833, 107, 7561, 9969]
[1029, 5148, 3451, 8557, 8156, 5482, 6799, 1455, 2367, 9337, 2842, 9350, 5689, 3973, 6067, 2973, 2476, 2189, 5108, 5382, 4142, 2352, 229, 4092, 6129, 930, 4289, 3953, 6715, 7711, 9791, 6452, 1051, 5249, 9152, 4056, 4744, 1622, 8204, 9449, 3608, 5939, 9991, 1450, 890, 8758, 3535, 3282, 6065, 7002, 8640, 4859, 5840, 7983, 9342, 2359, 8801, 4742, 6402, 1852, 3765, 6314, 5762, 1107, 8485, 2979, 3955, 1632, 933, 7411, 3866, 2219, 659, 6008, 9149, 9067, 8406, 5610, 151, 7998, 5088, 4187, 435, 6797, 6248, 4796, 1236, 2595, 1065, 3774, 6788, 8197, 5927, 1954, 4028, 4507, 6164, 7265, 4404, 7584, 1557, 8968, 2343, 5977, 7945, 584, 6006, 7267, 3103, 2820, 1277, 9765, 7509, 6407, 2900, 4826, 9548, 8784, 2701, 2652, 607, 8454, 8591, 7442, 6485, 8903, 9215, 2671, 8593, 6106, 3181, 5710, 8866, 7078, 8196, 6077, 7057, 4251, 1817, 3809, 8748, 4420, 9868, 1483, 5518, 3519, 3484, 4394, 6636, 1586, 5904, 5188, 6023, 5816, 320, 4756, 5820, 9636, 9919, 9087, 8041, 3038, 8070, 4042, 3106, 6809, 6037, 7679, 2284, 8086, 2398, 9957, 5197, 7047, 4569, 9362, 2089, 1098, 2823, 6112, 3045, 3487, 3311, 3198, 6293, 2086, 8683, 2150, 5981, 9276, 7134, 910, 1846, 1825, 6230, 5964, 2841, 6387, 956, 2331, 2106, 6331, 907, 7895, 1822, 7971, 2181, 5023, 8999, 3578, 4789, 9499, 3983, 7587, 4019, 4751, 9375, 6760, 8592, 7761, 6832, 4152, 3332, 6709, 581, 5210, 6168, 976, 7262, 851, 8672, 4746, 6591, 5304, 3609, 9251, 3342, 5186, 4047, 1399, 7959, 6003, 4490, 5090, 4643, 5589, 9005, 3109, 7303, 2503, 5510, 5943, 1388, 1158, 3861, 4782, 8417, 3481, 3669, 1169, 4981, 2382, 6733, 5123, 5012, 7167, 9989, 8287, 4948, 7013, 4138, 9934, 9536, 1606, 6094, 4088, 389, 8649, 2381, 6300, 9673, 4872, 8718, 1074, 5685, 9146, 9809, 1249, 6504, 5966, 6416, 3988, 9237, 2431, 7210, 5672, 4192, 1197, 3067, 2097, 2884, 7130, 2906, 2521, 2015, 2236, 2438, 9238, 2279, 4719, 5310, 8693, 8916, 2589, 2008, 339, 2256, 2817, 8227, 8723, 9227, 909, 4381, 5285, 4148, 8487, 6286, 1642, 2079, 7980, 2953, 8035, 595, 2082, 7863, 3258, 5053, 8939, 7867, 1587, 5566, 6953, 9298, 5734, 5974, 7103, 3356, 2477, 1043, 3087, 6290, 9358, 3284, 4564, 1695, 9795, 547, 4639, 9023, 9582, 8210, 5634, 3301, 5028, 5393, 6368, 7595, 6475, 623, 4250, 5531, 6201, 9614, 3747, 1922, 8436, 3429, 4108, 6488, 531, 5993, 6721, 6801, 3047, 7613, 3215, 1842, 7182, 2713, 4526, 4140, 2540, 7798, 7288, 2020, 9852, 7777, 4511, 5561, 2850, 577, 2280, 5455, 8754, 4810, 2755, 9856, 7591, 188, 6737, 1177, 352, 6531, 3277, 2316, 43, 3568, 8061, 2615, 558, 7024, 6710, 1611, 7332, 2124, 9248, 3807, 3338, 1848, 6163, 2721, 5899, 6868, 1585, 9804, 9705, 2772, 2500, 2828, 7007, 8054, 5488, 406, 1892, 3179, 7520, 3441, 2417, 2123, 3598, 6874, 3081, 9247, 480, 7752, 9177, 4350, 3540, 4416, 8709, 793, 6990, 9865, 2593, 4469, 9876, 7625, 5497, 342, 7906, 7062, 1650, 2838, 4157, 1207, 1504, 5437, 6335, 4271, 4920, 1970, 40, 8728, 9622, 7820, 2144, 9897, 9517, 7589, 4985, 2298, 9351, 4960, 1224, 5786, 7724, 8833, 107, 7561, 9969]
[1029, 5148, 3451, 8557, 8156, 5482, 6799, 1455, 2367, 9337, 2842, 9350, 5689, 3973, 6067, 2973, 2476, 2189, 5108, 5382, 4142, 2352, 229, 4092, 6129, 930, 4289, 3953, 6715, 7711, 9791, 6452, 1051, 5249, 9152, 4056, 4744, 1622, 8204, 9449, 3608, 5939, 9991, 1450, 890, 8758, 3535, 3282, 6065, 7002, 8640, 4859, 5840, 7983, 9342, 2359, 8801, 4742, 6402, 1852, 3765, 6314, 5762, 1107, 8485, 2979, 3955, 1632, 933, 7411, 3866, 2219, 659, 6008, 9149, 9067, 8406, 5610, 151, 7998, 5088, 4187, 435, 6797, 6248, 4796, 1236, 2595, 1065, 3774, 6788, 8197, 5927, 1954, 4028, 4507, 6164, 7265, 4404, 7584, 1557, 8968, 2343, 5977, 7945, 584, 6006, 7267, 3103, 2820, 1277, 9765, 7509, 6407, 2900, 4826, 9548, 8784, 2701, 2652, 607, 8454, 8591, 7442, 6485, 8903, 9215, 2671, 8593, 6106, 3181, 5710, 8866, 7078, 8196, 6077, 7057, 4251, 1817, 3809, 8748, 4420, 9868, 1483, 5518, 3519, 3484, 4394, 6636, 1586, 5904, 5188, 6023, 5816, 320, 4756, 5820, 9636, 9919, 9087, 8041, 3038, 8070, 4042, 3106, 6809, 6037, 7679, 2284, 8086, 2398, 9957, 5197, 7047, 4569, 9362, 2089, 1098, 2823, 6112, 3045, 3487, 3311, 3198, 6293, 2086, 8683, 2150, 5981, 9276, 7134, 910, 1846, 1825, 6230, 5964, 2841, 6387, 956, 2331, 2106, 6331, 907, 7895, 1822, 7971, 2181, 5023, 8999, 3578, 4789, 9499, 3983, 7587, 4019, 4751, 9375, 6760, 8592, 7761, 6832, 4152, 3332, 6709, 581, 5210, 6168, 976, 7262, 851, 8672, 4746, 6591, 5304, 3609, 9251, 3342, 5186, 4047, 1399, 7959, 6003, 4490, 5090, 4643, 5589, 9005, 3109, 7303, 2503, 5510, 5943, 1388, 1158, 3861, 4782, 8417, 3481, 3669, 1169, 4981, 2382, 6733, 5123, 5012, 7167, 9989, 8287, 4948, 7013, 4138, 9934, 9536, 1606, 6094, 4088, 389, 8649, 2381, 6300, 9673, 4872, 8718, 1074, 5685, 9146, 9809, 1249, 6504, 5966, 6416, 3988, 9237, 2431, 7210, 5672, 4192, 1197, 3067, 2097, 2884, 7130, 2906, 2521, 2015, 2236, 2438, 9238, 2279, 4719, 5310, 8693, 8916, 2589, 2008, 339, 2256, 2817, 8227, 8723, 9227, 909, 4381, 5285, 4148, 8487, 6286, 1642, 2079, 7980, 2953, 8035, 595, 2082, 7863, 3258, 5053, 8939, 7867, 1587, 5566, 6953, 9298, 5734, 5974, 7103, 3356, 2477, 1043, 3087, 6290, 9358, 3284, 4564, 1695, 9795, 547, 4639, 9023, 9582, 8210, 5634, 3301, 5028, 5393, 6368, 7595, 6475, 623, 4250, 5531, 6201, 9614, 3747, 1922, 8436, 3429, 4108, 6488, 531, 5993, 6721, 6801, 3047, 7613, 3215, 1842, 7182, 2713, 4526, 4140, 2540, 7798, 7288, 2020, 9852, 7777, 4511, 5561, 2850, 577, 2280, 5455, 8754, 4810, 2755, 9856, 7591, 188, 6737, 1177, 352, 6531, 3277, 2316, 43, 3568, 8061, 2615, 558, 7024, 6710, 1611, 7332, 2124, 9248, 3807, 3338, 1848, 6163, 2721, 5899, 6868, 1585, 9804, 9705, 2772, 2500, 2828, 7007, 8054, 5488, 406, 1892, 3179, 7520, 3441, 2417, 2123, 3598, 6874, 3081, 9247, 480, 7752, 9177, 4350, 3540, 4416, 8709, 793, 6990, 9865, 2593, 4469, 9876, 7625, 5497, 342, 7906, 7062, 1650, 2838, 4157, 1207, 1504, 5437, 6335, 4271, 4920, 1970, 40, 8728, 9622, 7820, 2144, 9897, 9517, 7589, 4985, 2298, 9351, 4960, 1224, 5786, 7724, 8833, 107, 7561, 9969]
[1029, 5148, 3451, 8557, 8156, 5482, 6799, 1455, 2367, 9337, 2842, 9350, 5689, 3973, 6067, 2973, 2476, 2189, 5108, 5382, 4142, 2352, 229, 4092, 6129, 930, 4289, 3953, 6715, 7711, 9791, 6452, 1051, 5249, 9152, 4056, 4744, 1622, 8204, 9449, 3608, 5939, 9991, 1450, 890, 8758, 3535, 3282, 6065, 7002, 8640, 4859, 5840, 7983, 9342, 2359, 8801, 4742, 6402, 1852, 3765, 6314, 5762, 1107, 8485, 2979, 3955, 1632, 933, 7411, 3866, 2219, 659, 6008, 9149, 9067, 8406, 5610, 151, 7998, 5088, 4187, 435, 6797, 6248, 4796, 1236, 2595, 1065, 3774, 6788, 8197, 5927, 1954, 4028, 4507, 6164, 7265, 4404, 7584, 1557, 8968, 2343, 5977, 7945, 584, 6006, 7267, 3103, 2820, 1277, 9765, 7509, 6407, 2900, 4826, 9548, 8784, 2701, 2652, 607, 8454, 8591, 7442, 6485, 8903, 9215, 2671, 8593, 6106, 3181, 5710, 8866, 7078, 8196, 6077, 7057, 4251, 1817, 3809, 8748, 4420, 9868, 1483, 5518, 3519, 3484, 4394, 6636, 1586, 5904, 5188, 6023, 5816, 320, 4756, 5820, 9636, 9919, 9087, 8041, 3038, 8070, 4042, 3106, 6809, 6037, 7679, 2284, 8086, 2398, 9957, 5197, 7047, 4569, 9362, 2089, 1098, 2823, 6112, 3045, 3487, 3311, 3198, 6293, 2086, 8683, 2150, 5981, 9276, 7134, 910, 1846, 1825, 6230, 5964, 2841, 6387, 956, 2331, 2106, 6331, 907, 7895, 1822, 7971, 2181, 5023, 8999, 3578, 4789, 9499, 3983, 7587, 4019, 4751, 9375, 6760, 8592, 7761, 6832, 4152, 3332, 6709, 581, 5210, 6168, 976, 7262, 851, 8672, 4746, 6591, 5304, 3609, 9251, 3342, 5186, 4047, 1399, 7959, 6003, 4490, 5090, 4643, 5589, 9005, 3109, 7303, 2503, 5510, 5943, 1388, 1158, 3861, 4782, 8417, 3481, 3669, 1169, 4981, 2382, 6733, 5123, 5012, 7167, 9989, 8287, 4948, 7013, 4138, 9934, 9536, 1606, 6094, 4088, 389, 8649, 2381, 6300, 9673, 4872, 8718, 1074, 5685, 9146, 9809, 1249, 6504, 5966, 6416, 3988, 9237, 2431, 7210, 5672, 4192, 1197, 3067, 2097, 2884, 7130, 2906, 2521, 2015, 2236, 2438, 9238, 2279, 4719, 5310, 8693, 8916, 2589, 2008, 339, 2256, 2817, 8227, 8723, 9227, 909, 4381, 5285, 4148, 8487, 6286, 1642, 2079, 7980, 2953, 8035, 595, 2082, 7863, 3258, 5053, 8939, 7867, 1587, 5566, 6953, 9298, 5734, 5974, 7103, 3356, 2477, 1043, 3087, 6290, 9358, 3284, 4564, 1695, 9795, 547, 4639, 9023, 9582, 8210, 5634, 3301, 5028, 5393, 6368, 7595, 6475, 623, 4250, 5531, 6201, 9614, 3747, 1922, 8436, 3429, 4108, 6488, 531, 5993, 6721, 6801, 3047, 7613, 3215, 1842, 7182, 2713, 4526, 4140, 2540, 7798, 7288, 2020, 9852, 7777, 4511, 5561, 2850, 577, 2280, 5455, 8754, 4810, 2755, 9856, 7591, 188, 6737, 1177, 352, 6531, 3277, 2316, 43, 3568, 8061, 2615, 558, 7024, 6710, 1611, 7332, 2124, 9248, 3807, 3338, 1848, 6163, 2721, 5899, 6868, 1585, 9804, 9705, 2772, 2500, 2828, 7007, 8054, 5488, 406, 1892, 3179, 7520, 3441, 2417, 2123, 3598, 6874, 3081, 9247, 480, 7752, 9177, 4350, 3540, 4416, 8709, 793, 6990, 9865, 2593, 4469, 9876, 7625, 5497, 342, 7906, 7062, 1650, 2838, 4157, 1207, 1504, 5437, 6335, 4271, 4920, 1970, 40, 8728, 9622, 7820, 2144, 9897, 9517, 7589, 4985, 2298, 9351, 4960, 1224, 5786, 7724, 8833, 107, 7561, 9969]
[1029, 5148, 3451, 8557, 8156, 5482, 6799, 1455, 2367, 9337, 2842, 9350, 5689, 3973, 6067, 2973, 2476, 2189, 5108, 5382, 4142, 2352, 229, 4092, 6129, 930, 4289, 3953, 6715, 7711, 9791, 6452, 1051, 5249, 9152, 4056, 4744, 1622, 8204, 9449, 3608, 5939, 9991, 1450, 890, 8758, 3535, 3282, 6065, 7002, 8640, 4859, 5840, 7983, 9342, 2359, 8801, 4742, 6402, 1852, 3765, 6314, 5762, 1107, 8485, 2979, 3955, 1632, 933, 7411, 3866, 2219, 659, 6008, 9149, 9067, 8406, 5610, 151, 7998, 5088, 4187, 435, 6797, 6248, 4796, 1236, 2595, 1065, 3774, 6788, 8197, 5927, 1954, 4028, 4507, 6164, 7265, 4404, 7584, 1557, 8968, 2343, 5977, 7945, 584, 6006, 7267, 3103, 2820, 1277, 9765, 7509, 6407, 2900, 4826, 9548, 8784, 2701, 2652, 607, 8454, 8591, 7442, 6485, 8903, 9215, 2671, 8593, 6106, 3181, 5710, 8866, 7078, 8196, 6077, 7057, 4251, 1817, 3809, 8748, 4420, 9868, 1483, 5518, 3519, 3484, 4394, 6636, 1586, 5904, 5188, 6023, 5816, 320, 4756, 5820, 9636, 9919, 9087, 8041, 3038, 8070, 4042, 3106, 6809, 6037, 7679, 2284, 8086, 2398, 9957, 5197, 7047, 4569, 9362, 2089, 1098, 2823, 6112, 3045, 3487, 3311, 3198, 6293, 2086, 8683, 2150, 5981, 9276, 7134, 910, 1846, 1825, 6230, 5964, 2841, 6387, 956, 2331, 2106, 6331, 907, 7895, 1822, 7971, 2181, 5023, 8999, 3578, 4789, 9499, 3983, 7587, 4019, 4751, 9375, 6760, 8592, 7761, 6832, 4152, 3332, 6709, 581, 5210, 6168, 976, 7262, 851, 8672, 4746, 6591, 5304, 3609, 9251, 3342, 5186, 4047, 1399, 7959, 6003, 4490, 5090, 4643, 5589, 9005, 3109, 7303, 2503, 5510, 5943, 1388, 1158, 3861, 4782, 8417, 3481, 3669, 1169, 4981, 2382, 6733, 5123, 5012, 7167, 9989, 8287, 4948, 7013, 4138, 9934, 9536, 1606, 6094, 4088, 389, 8649, 2381, 6300, 9673, 4872, 8718, 1074, 5685, 9146, 9809, 1249, 6504, 5966, 6416, 3988, 9237, 2431, 7210, 5672, 4192, 1197, 3067, 2097, 2884, 7130, 2906, 2521, 2015, 2236, 2438, 9238, 2279, 4719, 5310, 8693, 8916, 2589, 2008, 339, 2256, 2817, 8227, 8723, 9227, 909, 4381, 5285, 4148, 8487, 6286, 1642, 2079, 7980, 2953, 8035, 595, 2082, 7863, 3258, 5053, 8939, 7867, 1587, 5566, 6953, 9298, 5734, 5974, 7103, 3356, 2477, 1043, 3087, 6290, 9358, 3284, 4564, 1695, 9795, 547, 4639, 9023, 9582, 8210, 5634, 3301, 5028, 5393, 6368, 7595, 6475, 623, 4250, 5531, 6201, 9614, 3747, 1922, 8436, 3429, 4108, 6488, 531, 5993, 6721, 6801, 3047, 7613, 3215, 1842, 7182, 2713, 4526, 4140, 2540, 7798, 7288, 2020, 9852, 7777, 4511, 5561, 2850, 577, 2280, 5455, 8754, 4810, 2755, 9856, 7591, 188, 6737, 1177, 352, 6531, 3277, 2316, 43, 3568, 8061, 2615, 558, 7024, 6710, 1611, 7332, 2124, 9248, 3807, 3338, 1848, 6163, 2721, 5899, 6868, 1585, 9804, 9705, 2772, 2500, 2828, 7007, 8054, 5488, 406, 1892, 3179, 7520, 3441, 2417, 2123, 3598, 6874, 3081, 9247, 480, 7752, 9177, 4350, 3540, 4416, 8709, 793, 6990, 9865, 2593, 4469, 9876, 7625, 5497, 342, 7906, 7062, 1650, 2838, 4157, 1207, 1504, 5437, 6335, 4271, 4920, 1970, 40, 8728, 9622, 7820, 2144, 9897, 9517, 7589, 4985, 2298, 9351, 4960, 1224, 5786, 7724, 8833, 107, 7561, 9969]
