Fault List:
76
76
76
76
76
76
76
76
76
76
76
76
76
76
76
76
76
76
76
76
76
76
76
76
76
76
76
76
76
76
FDR List:
0.5352112676056338
0.5352112676056338
0.5352112676056338
0.5352112676056338
0.5352112676056338
0.5352112676056338
0.5352112676056338
0.5352112676056338
0.5352112676056338
0.5352112676056338
0.5352112676056338
0.5352112676056338
0.5352112676056338
0.5352112676056338
0.5352112676056338
0.5352112676056338
0.5352112676056338
0.5352112676056338
0.5352112676056338
0.5352112676056338
0.5352112676056338
0.5352112676056338
0.5352112676056338
0.5352112676056338
0.5352112676056338
0.5352112676056338
0.5352112676056338
0.5352112676056338
0.5352112676056338
0.5352112676056338
Time List:
3.4345548152923584
2.7479522228240967
2.3517870903015137
2.4742751121520996
2.1002707481384277
2.3053040504455566
2.253469944000244
3.1696889400482178
2.4425768852233887
3.4912030696868896
3.125786781311035
2.958479166030884
2.516017198562622
2.218026876449585
2.1081669330596924
2.0800130367279053
2.155109167098999
3.7463691234588623
2.6990699768066406
2.4380269050598145
2.3929548263549805
2.1179909706115723
2.5368728637695312
3.047963857650757
2.603245735168457
2.4810709953308105
2.8616528511047363
2.2285830974578857
2.3535077571868896
2.5797479152679443
Subset List:
[2884, 5148, 3451, 5977, 8156, 2236, 66, 9238, 2279, 7555, 2842, 8693, 7509, 3456, 2008, 4336, 2476, 2189, 569, 5382, 9227, 909, 1312, 5285, 4148, 141, 7943, 1642, 2079, 6106, 9791, 8035, 1051, 5249, 3829, 4056, 7057, 2006, 8204, 9449, 3608, 5349, 9991, 5734, 5518, 7103, 3356, 3282, 1043, 7002, 9075, 1280, 5840, 4564, 1695, 9795, 547, 4639, 548, 9087, 3765, 6314, 5762, 987, 5393, 2979, 3955, 6475, 6928, 8086, 5531, 1810, 7526, 3747, 4569, 4462, 8009, 5610, 2823, 5839, 8141, 3487, 3311, 6797, 7112, 268, 4500, 2150, 1124, 4526, 4140, 910, 3116, 7288, 4028, 9852, 2872, 1596, 5561, 150, 1557, 6331, 860, 3187, 7945, 6593, 9856, 7267, 6, 2820, 4789, 9499, 6531, 3277, 2900, 6971, 3568, 8048, 1957, 7761, 6832, 6710, 8591, 7442, 3940, 9248, 4956, 4711, 7262, 6163, 635, 4746, 6868, 9928, 3609, 6379, 2772, 4251, 4047, 3809, 8054, 6003, 406, 5090, 4643, 3519, 9180, 4394, 2123, 5189, 2997, 5943, 7225, 7976, 320, 9177, 2467, 9636, 1527, 1026, 793, 3038, 8070, 2593, 4469, 6809, 7625, 4922, 342, 8814, 3532, 1650, 9536, 560, 7660, 948, 893, 9443, 2381, 6300, 9673, 9662, 8728, 7177, 5685, 2086, 2814, 1249, 6504, 1861, 2347, 3988, 1846, 6404, 5786, 5270, 2841, 3074, 3067, 9969, 2106, 2939, 2906, 7895, 1822, 7971, 2181, 3706, 6654, 2991, 1493, 9350, 3983, 2589, 6067, 2973, 2498, 6760, 4705, 2198, 4486, 4152, 4381, 4092, 665, 9348, 6168, 3953, 6294, 7980, 8039, 8259, 7845, 5173, 9152, 9251, 3342, 1622, 7867, 1587, 4965, 5939, 4917, 1450, 6511, 5589, 8476, 9537, 9904, 2503, 8640, 9358, 1388, 7445, 1763, 2359, 2191, 4742, 3669, 9582, 4018, 7398, 4916, 7510, 1152, 5284, 3209, 8384, 623, 7013, 7441, 6201, 9614, 6008, 9149, 9067, 389, 155, 6488, 8558, 5993, 5266, 8718, 5125, 9512, 7382, 1842, 2595, 9303, 5966, 6384, 6752, 9237, 1954, 3453, 9292, 3789, 4511, 2903, 7584]
[2884, 5148, 3451, 5977, 8156, 2236, 66, 9238, 2279, 7555, 2842, 8693, 7509, 3456, 2008, 4336, 2476, 2189, 569, 5382, 9227, 909, 1312, 5285, 4148, 141, 7943, 1642, 2079, 6106, 9791, 8035, 1051, 5249, 3829, 4056, 7057, 2006, 8204, 9449, 3608, 5349, 9991, 5734, 5518, 7103, 3356, 3282, 1043, 7002, 9075, 1280, 5840, 4564, 1695, 9795, 547, 4639, 548, 9087, 3765, 6314, 5762, 987, 5393, 2979, 3955, 6475, 6928, 8086, 5531, 1810, 7526, 3747, 4569, 4462, 8009, 5610, 2823, 5839, 8141, 3487, 3311, 6797, 7112, 268, 4500, 2150, 1124, 4526, 4140, 910, 3116, 7288, 4028, 9852, 2872, 1596, 5561, 150, 1557, 6331, 860, 3187, 7945, 6593, 9856, 7267, 6, 2820, 4789, 9499, 6531, 3277, 2900, 6971, 3568, 8048, 1957, 7761, 6832, 6710, 8591, 7442, 3940, 9248, 4956, 4711, 7262, 6163, 635, 4746, 6868, 9928, 3609, 6379, 2772, 4251, 4047, 3809, 8054, 6003, 406, 5090, 4643, 3519, 9180, 4394, 2123, 5189, 2997, 5943, 7225, 7976, 320, 9177, 2467, 9636, 1527, 1026, 793, 3038, 8070, 2593, 4469, 6809, 7625, 4922, 342, 8814, 3532, 1650, 9536, 560, 7660, 948, 893, 9443, 2381, 6300, 9673, 9662, 8728, 7177, 5685, 2086, 2814, 1249, 6504, 1861, 2347, 3988, 1846, 6404, 5786, 5270, 2841, 3074, 3067, 9969, 2106, 2939, 2906, 7895, 1822, 7971, 2181, 3706, 6654, 2991, 1493, 9350, 3983, 2589, 6067, 2973, 2498, 6760, 4705, 2198, 4486, 4152, 4381, 4092, 665, 9348, 6168, 3953, 6294, 7980, 8039, 8259, 7845, 5173, 9152, 9251, 3342, 1622, 7867, 1587, 4965, 5939, 4917, 1450, 6511, 5589, 8476, 9537, 9904, 2503, 8640, 9358, 1388, 7445, 1763, 2359, 2191, 4742, 3669, 9582, 4018, 7398, 4916, 7510, 1152, 5284, 3209, 8384, 623, 7013, 7441, 6201, 9614, 6008, 9149, 9067, 389, 155, 6488, 8558, 5993, 5266, 8718, 5125, 9512, 7382, 1842, 2595, 9303, 5966, 6384, 6752, 9237, 1954, 3453, 9292, 3789, 4511, 2903, 7584]
[2884, 5148, 3451, 5977, 8156, 2236, 66, 9238, 2279, 7555, 2842, 8693, 7509, 3456, 2008, 4336, 2476, 2189, 569, 5382, 9227, 909, 1312, 5285, 4148, 141, 7943, 1642, 2079, 6106, 9791, 8035, 1051, 5249, 3829, 4056, 7057, 2006, 8204, 9449, 3608, 5349, 9991, 5734, 5518, 7103, 3356, 3282, 1043, 7002, 9075, 1280, 5840, 4564, 1695, 9795, 547, 4639, 548, 9087, 3765, 6314, 5762, 987, 5393, 2979, 3955, 6475, 6928, 8086, 5531, 1810, 7526, 3747, 4569, 4462, 8009, 5610, 2823, 5839, 8141, 3487, 3311, 6797, 7112, 268, 4500, 2150, 1124, 4526, 4140, 910, 3116, 7288, 4028, 9852, 2872, 1596, 5561, 150, 1557, 6331, 860, 3187, 7945, 6593, 9856, 7267, 6, 2820, 4789, 9499, 6531, 3277, 2900, 6971, 3568, 8048, 1957, 7761, 6832, 6710, 8591, 7442, 3940, 9248, 4956, 4711, 7262, 6163, 635, 4746, 6868, 9928, 3609, 6379, 2772, 4251, 4047, 3809, 8054, 6003, 406, 5090, 4643, 3519, 9180, 4394, 2123, 5189, 2997, 5943, 7225, 7976, 320, 9177, 2467, 9636, 1527, 1026, 793, 3038, 8070, 2593, 4469, 6809, 7625, 4922, 342, 8814, 3532, 1650, 9536, 560, 7660, 948, 893, 9443, 2381, 6300, 9673, 9662, 8728, 7177, 5685, 2086, 2814, 1249, 6504, 1861, 2347, 3988, 1846, 6404, 5786, 5270, 2841, 3074, 3067, 9969, 2106, 2939, 2906, 7895, 1822, 7971, 2181, 3706, 6654, 2991, 1493, 9350, 3983, 2589, 6067, 2973, 2498, 6760, 4705, 2198, 4486, 4152, 4381, 4092, 665, 9348, 6168, 3953, 6294, 7980, 8039, 8259, 7845, 5173, 9152, 9251, 3342, 1622, 7867, 1587, 4965, 5939, 4917, 1450, 6511, 5589, 8476, 9537, 9904, 2503, 8640, 9358, 1388, 7445, 1763, 2359, 2191, 4742, 3669, 9582, 4018, 7398, 4916, 7510, 1152, 5284, 3209, 8384, 623, 7013, 7441, 6201, 9614, 6008, 9149, 9067, 389, 155, 6488, 8558, 5993, 5266, 8718, 5125, 9512, 7382, 1842, 2595, 9303, 5966, 6384, 6752, 9237, 1954, 3453, 9292, 3789, 4511, 2903, 7584]
[2884, 5148, 3451, 5977, 8156, 2236, 66, 9238, 2279, 7555, 2842, 8693, 7509, 3456, 2008, 4336, 2476, 2189, 569, 5382, 9227, 909, 1312, 5285, 4148, 141, 7943, 1642, 2079, 6106, 9791, 8035, 1051, 5249, 3829, 4056, 7057, 2006, 8204, 9449, 3608, 5349, 9991, 5734, 5518, 7103, 3356, 3282, 1043, 7002, 9075, 1280, 5840, 4564, 1695, 9795, 547, 4639, 548, 9087, 3765, 6314, 5762, 987, 5393, 2979, 3955, 6475, 6928, 8086, 5531, 1810, 7526, 3747, 4569, 4462, 8009, 5610, 2823, 5839, 8141, 3487, 3311, 6797, 7112, 268, 4500, 2150, 1124, 4526, 4140, 910, 3116, 7288, 4028, 9852, 2872, 1596, 5561, 150, 1557, 6331, 860, 3187, 7945, 6593, 9856, 7267, 6, 2820, 4789, 9499, 6531, 3277, 2900, 6971, 3568, 8048, 1957, 7761, 6832, 6710, 8591, 7442, 3940, 9248, 4956, 4711, 7262, 6163, 635, 4746, 6868, 9928, 3609, 6379, 2772, 4251, 4047, 3809, 8054, 6003, 406, 5090, 4643, 3519, 9180, 4394, 2123, 5189, 2997, 5943, 7225, 7976, 320, 9177, 2467, 9636, 1527, 1026, 793, 3038, 8070, 2593, 4469, 6809, 7625, 4922, 342, 8814, 3532, 1650, 9536, 560, 7660, 948, 893, 9443, 2381, 6300, 9673, 9662, 8728, 7177, 5685, 2086, 2814, 1249, 6504, 1861, 2347, 3988, 1846, 6404, 5786, 5270, 2841, 3074, 3067, 9969, 2106, 2939, 2906, 7895, 1822, 7971, 2181, 3706, 6654, 2991, 1493, 9350, 3983, 2589, 6067, 2973, 2498, 6760, 4705, 2198, 4486, 4152, 4381, 4092, 665, 9348, 6168, 3953, 6294, 7980, 8039, 8259, 7845, 5173, 9152, 9251, 3342, 1622, 7867, 1587, 4965, 5939, 4917, 1450, 6511, 5589, 8476, 9537, 9904, 2503, 8640, 9358, 1388, 7445, 1763, 2359, 2191, 4742, 3669, 9582, 4018, 7398, 4916, 7510, 1152, 5284, 3209, 8384, 623, 7013, 7441, 6201, 9614, 6008, 9149, 9067, 389, 155, 6488, 8558, 5993, 5266, 8718, 5125, 9512, 7382, 1842, 2595, 9303, 5966, 6384, 6752, 9237, 1954, 3453, 9292, 3789, 4511, 2903, 7584]
[2884, 5148, 3451, 5977, 8156, 2236, 66, 9238, 2279, 7555, 2842, 8693, 7509, 3456, 2008, 4336, 2476, 2189, 569, 5382, 9227, 909, 1312, 5285, 4148, 141, 7943, 1642, 2079, 6106, 9791, 8035, 1051, 5249, 3829, 4056, 7057, 2006, 8204, 9449, 3608, 5349, 9991, 5734, 5518, 7103, 3356, 3282, 1043, 7002, 9075, 1280, 5840, 4564, 1695, 9795, 547, 4639, 548, 9087, 3765, 6314, 5762, 987, 5393, 2979, 3955, 6475, 6928, 8086, 5531, 1810, 7526, 3747, 4569, 4462, 8009, 5610, 2823, 5839, 8141, 3487, 3311, 6797, 7112, 268, 4500, 2150, 1124, 4526, 4140, 910, 3116, 7288, 4028, 9852, 2872, 1596, 5561, 150, 1557, 6331, 860, 3187, 7945, 6593, 9856, 7267, 6, 2820, 4789, 9499, 6531, 3277, 2900, 6971, 3568, 8048, 1957, 7761, 6832, 6710, 8591, 7442, 3940, 9248, 4956, 4711, 7262, 6163, 635, 4746, 6868, 9928, 3609, 6379, 2772, 4251, 4047, 3809, 8054, 6003, 406, 5090, 4643, 3519, 9180, 4394, 2123, 5189, 2997, 5943, 7225, 7976, 320, 9177, 2467, 9636, 1527, 1026, 793, 3038, 8070, 2593, 4469, 6809, 7625, 4922, 342, 8814, 3532, 1650, 9536, 560, 7660, 948, 893, 9443, 2381, 6300, 9673, 9662, 8728, 7177, 5685, 2086, 2814, 1249, 6504, 1861, 2347, 3988, 1846, 6404, 5786, 5270, 2841, 3074, 3067, 9969, 2106, 2939, 2906, 7895, 1822, 7971, 2181, 3706, 6654, 2991, 1493, 9350, 3983, 2589, 6067, 2973, 2498, 6760, 4705, 2198, 4486, 4152, 4381, 4092, 665, 9348, 6168, 3953, 6294, 7980, 8039, 8259, 7845, 5173, 9152, 9251, 3342, 1622, 7867, 1587, 4965, 5939, 4917, 1450, 6511, 5589, 8476, 9537, 9904, 2503, 8640, 9358, 1388, 7445, 1763, 2359, 2191, 4742, 3669, 9582, 4018, 7398, 4916, 7510, 1152, 5284, 3209, 8384, 623, 7013, 7441, 6201, 9614, 6008, 9149, 9067, 389, 155, 6488, 8558, 5993, 5266, 8718, 5125, 9512, 7382, 1842, 2595, 9303, 5966, 6384, 6752, 9237, 1954, 3453, 9292, 3789, 4511, 2903, 7584]
[2884, 5148, 3451, 5977, 8156, 2236, 66, 9238, 2279, 7555, 2842, 8693, 7509, 3456, 2008, 4336, 2476, 2189, 569, 5382, 9227, 909, 1312, 5285, 4148, 141, 7943, 1642, 2079, 6106, 9791, 8035, 1051, 5249, 3829, 4056, 7057, 2006, 8204, 9449, 3608, 5349, 9991, 5734, 5518, 7103, 3356, 3282, 1043, 7002, 9075, 1280, 5840, 4564, 1695, 9795, 547, 4639, 548, 9087, 3765, 6314, 5762, 987, 5393, 2979, 3955, 6475, 6928, 8086, 5531, 1810, 7526, 3747, 4569, 4462, 8009, 5610, 2823, 5839, 8141, 3487, 3311, 6797, 7112, 268, 4500, 2150, 1124, 4526, 4140, 910, 3116, 7288, 4028, 9852, 2872, 1596, 5561, 150, 1557, 6331, 860, 3187, 7945, 6593, 9856, 7267, 6, 2820, 4789, 9499, 6531, 3277, 2900, 6971, 3568, 8048, 1957, 7761, 6832, 6710, 8591, 7442, 3940, 9248, 4956, 4711, 7262, 6163, 635, 4746, 6868, 9928, 3609, 6379, 2772, 4251, 4047, 3809, 8054, 6003, 406, 5090, 4643, 3519, 9180, 4394, 2123, 5189, 2997, 5943, 7225, 7976, 320, 9177, 2467, 9636, 1527, 1026, 793, 3038, 8070, 2593, 4469, 6809, 7625, 4922, 342, 8814, 3532, 1650, 9536, 560, 7660, 948, 893, 9443, 2381, 6300, 9673, 9662, 8728, 7177, 5685, 2086, 2814, 1249, 6504, 1861, 2347, 3988, 1846, 6404, 5786, 5270, 2841, 3074, 3067, 9969, 2106, 2939, 2906, 7895, 1822, 7971, 2181, 3706, 6654, 2991, 1493, 9350, 3983, 2589, 6067, 2973, 2498, 6760, 4705, 2198, 4486, 4152, 4381, 4092, 665, 9348, 6168, 3953, 6294, 7980, 8039, 8259, 7845, 5173, 9152, 9251, 3342, 1622, 7867, 1587, 4965, 5939, 4917, 1450, 6511, 5589, 8476, 9537, 9904, 2503, 8640, 9358, 1388, 7445, 1763, 2359, 2191, 4742, 3669, 9582, 4018, 7398, 4916, 7510, 1152, 5284, 3209, 8384, 623, 7013, 7441, 6201, 9614, 6008, 9149, 9067, 389, 155, 6488, 8558, 5993, 5266, 8718, 5125, 9512, 7382, 1842, 2595, 9303, 5966, 6384, 6752, 9237, 1954, 3453, 9292, 3789, 4511, 2903, 7584]
[2884, 5148, 3451, 5977, 8156, 2236, 66, 9238, 2279, 7555, 2842, 8693, 7509, 3456, 2008, 4336, 2476, 2189, 569, 5382, 9227, 909, 1312, 5285, 4148, 141, 7943, 1642, 2079, 6106, 9791, 8035, 1051, 5249, 3829, 4056, 7057, 2006, 8204, 9449, 3608, 5349, 9991, 5734, 5518, 7103, 3356, 3282, 1043, 7002, 9075, 1280, 5840, 4564, 1695, 9795, 547, 4639, 548, 9087, 3765, 6314, 5762, 987, 5393, 2979, 3955, 6475, 6928, 8086, 5531, 1810, 7526, 3747, 4569, 4462, 8009, 5610, 2823, 5839, 8141, 3487, 3311, 6797, 7112, 268, 4500, 2150, 1124, 4526, 4140, 910, 3116, 7288, 4028, 9852, 2872, 1596, 5561, 150, 1557, 6331, 860, 3187, 7945, 6593, 9856, 7267, 6, 2820, 4789, 9499, 6531, 3277, 2900, 6971, 3568, 8048, 1957, 7761, 6832, 6710, 8591, 7442, 3940, 9248, 4956, 4711, 7262, 6163, 635, 4746, 6868, 9928, 3609, 6379, 2772, 4251, 4047, 3809, 8054, 6003, 406, 5090, 4643, 3519, 9180, 4394, 2123, 5189, 2997, 5943, 7225, 7976, 320, 9177, 2467, 9636, 1527, 1026, 793, 3038, 8070, 2593, 4469, 6809, 7625, 4922, 342, 8814, 3532, 1650, 9536, 560, 7660, 948, 893, 9443, 2381, 6300, 9673, 9662, 8728, 7177, 5685, 2086, 2814, 1249, 6504, 1861, 2347, 3988, 1846, 6404, 5786, 5270, 2841, 3074, 3067, 9969, 2106, 2939, 2906, 7895, 1822, 7971, 2181, 3706, 6654, 2991, 1493, 9350, 3983, 2589, 6067, 2973, 2498, 6760, 4705, 2198, 4486, 4152, 4381, 4092, 665, 9348, 6168, 3953, 6294, 7980, 8039, 8259, 7845, 5173, 9152, 9251, 3342, 1622, 7867, 1587, 4965, 5939, 4917, 1450, 6511, 5589, 8476, 9537, 9904, 2503, 8640, 9358, 1388, 7445, 1763, 2359, 2191, 4742, 3669, 9582, 4018, 7398, 4916, 7510, 1152, 5284, 3209, 8384, 623, 7013, 7441, 6201, 9614, 6008, 9149, 9067, 389, 155, 6488, 8558, 5993, 5266, 8718, 5125, 9512, 7382, 1842, 2595, 9303, 5966, 6384, 6752, 9237, 1954, 3453, 9292, 3789, 4511, 2903, 7584]
[2884, 5148, 3451, 5977, 8156, 2236, 66, 9238, 2279, 7555, 2842, 8693, 7509, 3456, 2008, 4336, 2476, 2189, 569, 5382, 9227, 909, 1312, 5285, 4148, 141, 7943, 1642, 2079, 6106, 9791, 8035, 1051, 5249, 3829, 4056, 7057, 2006, 8204, 9449, 3608, 5349, 9991, 5734, 5518, 7103, 3356, 3282, 1043, 7002, 9075, 1280, 5840, 4564, 1695, 9795, 547, 4639, 548, 9087, 3765, 6314, 5762, 987, 5393, 2979, 3955, 6475, 6928, 8086, 5531, 1810, 7526, 3747, 4569, 4462, 8009, 5610, 2823, 5839, 8141, 3487, 3311, 6797, 7112, 268, 4500, 2150, 1124, 4526, 4140, 910, 3116, 7288, 4028, 9852, 2872, 1596, 5561, 150, 1557, 6331, 860, 3187, 7945, 6593, 9856, 7267, 6, 2820, 4789, 9499, 6531, 3277, 2900, 6971, 3568, 8048, 1957, 7761, 6832, 6710, 8591, 7442, 3940, 9248, 4956, 4711, 7262, 6163, 635, 4746, 6868, 9928, 3609, 6379, 2772, 4251, 4047, 3809, 8054, 6003, 406, 5090, 4643, 3519, 9180, 4394, 2123, 5189, 2997, 5943, 7225, 7976, 320, 9177, 2467, 9636, 1527, 1026, 793, 3038, 8070, 2593, 4469, 6809, 7625, 4922, 342, 8814, 3532, 1650, 9536, 560, 7660, 948, 893, 9443, 2381, 6300, 9673, 9662, 8728, 7177, 5685, 2086, 2814, 1249, 6504, 1861, 2347, 3988, 1846, 6404, 5786, 5270, 2841, 3074, 3067, 9969, 2106, 2939, 2906, 7895, 1822, 7971, 2181, 3706, 6654, 2991, 1493, 9350, 3983, 2589, 6067, 2973, 2498, 6760, 4705, 2198, 4486, 4152, 4381, 4092, 665, 9348, 6168, 3953, 6294, 7980, 8039, 8259, 7845, 5173, 9152, 9251, 3342, 1622, 7867, 1587, 4965, 5939, 4917, 1450, 6511, 5589, 8476, 9537, 9904, 2503, 8640, 9358, 1388, 7445, 1763, 2359, 2191, 4742, 3669, 9582, 4018, 7398, 4916, 7510, 1152, 5284, 3209, 8384, 623, 7013, 7441, 6201, 9614, 6008, 9149, 9067, 389, 155, 6488, 8558, 5993, 5266, 8718, 5125, 9512, 7382, 1842, 2595, 9303, 5966, 6384, 6752, 9237, 1954, 3453, 9292, 3789, 4511, 2903, 7584]
[2884, 5148, 3451, 5977, 8156, 2236, 66, 9238, 2279, 7555, 2842, 8693, 7509, 3456, 2008, 4336, 2476, 2189, 569, 5382, 9227, 909, 1312, 5285, 4148, 141, 7943, 1642, 2079, 6106, 9791, 8035, 1051, 5249, 3829, 4056, 7057, 2006, 8204, 9449, 3608, 5349, 9991, 5734, 5518, 7103, 3356, 3282, 1043, 7002, 9075, 1280, 5840, 4564, 1695, 9795, 547, 4639, 548, 9087, 3765, 6314, 5762, 987, 5393, 2979, 3955, 6475, 6928, 8086, 5531, 1810, 7526, 3747, 4569, 4462, 8009, 5610, 2823, 5839, 8141, 3487, 3311, 6797, 7112, 268, 4500, 2150, 1124, 4526, 4140, 910, 3116, 7288, 4028, 9852, 2872, 1596, 5561, 150, 1557, 6331, 860, 3187, 7945, 6593, 9856, 7267, 6, 2820, 4789, 9499, 6531, 3277, 2900, 6971, 3568, 8048, 1957, 7761, 6832, 6710, 8591, 7442, 3940, 9248, 4956, 4711, 7262, 6163, 635, 4746, 6868, 9928, 3609, 6379, 2772, 4251, 4047, 3809, 8054, 6003, 406, 5090, 4643, 3519, 9180, 4394, 2123, 5189, 2997, 5943, 7225, 7976, 320, 9177, 2467, 9636, 1527, 1026, 793, 3038, 8070, 2593, 4469, 6809, 7625, 4922, 342, 8814, 3532, 1650, 9536, 560, 7660, 948, 893, 9443, 2381, 6300, 9673, 9662, 8728, 7177, 5685, 2086, 2814, 1249, 6504, 1861, 2347, 3988, 1846, 6404, 5786, 5270, 2841, 3074, 3067, 9969, 2106, 2939, 2906, 7895, 1822, 7971, 2181, 3706, 6654, 2991, 1493, 9350, 3983, 2589, 6067, 2973, 2498, 6760, 4705, 2198, 4486, 4152, 4381, 4092, 665, 9348, 6168, 3953, 6294, 7980, 8039, 8259, 7845, 5173, 9152, 9251, 3342, 1622, 7867, 1587, 4965, 5939, 4917, 1450, 6511, 5589, 8476, 9537, 9904, 2503, 8640, 9358, 1388, 7445, 1763, 2359, 2191, 4742, 3669, 9582, 4018, 7398, 4916, 7510, 1152, 5284, 3209, 8384, 623, 7013, 7441, 6201, 9614, 6008, 9149, 9067, 389, 155, 6488, 8558, 5993, 5266, 8718, 5125, 9512, 7382, 1842, 2595, 9303, 5966, 6384, 6752, 9237, 1954, 3453, 9292, 3789, 4511, 2903, 7584]
[2884, 5148, 3451, 5977, 8156, 2236, 66, 9238, 2279, 7555, 2842, 8693, 7509, 3456, 2008, 4336, 2476, 2189, 569, 5382, 9227, 909, 1312, 5285, 4148, 141, 7943, 1642, 2079, 6106, 9791, 8035, 1051, 5249, 3829, 4056, 7057, 2006, 8204, 9449, 3608, 5349, 9991, 5734, 5518, 7103, 3356, 3282, 1043, 7002, 9075, 1280, 5840, 4564, 1695, 9795, 547, 4639, 548, 9087, 3765, 6314, 5762, 987, 5393, 2979, 3955, 6475, 6928, 8086, 5531, 1810, 7526, 3747, 4569, 4462, 8009, 5610, 2823, 5839, 8141, 3487, 3311, 6797, 7112, 268, 4500, 2150, 1124, 4526, 4140, 910, 3116, 7288, 4028, 9852, 2872, 1596, 5561, 150, 1557, 6331, 860, 3187, 7945, 6593, 9856, 7267, 6, 2820, 4789, 9499, 6531, 3277, 2900, 6971, 3568, 8048, 1957, 7761, 6832, 6710, 8591, 7442, 3940, 9248, 4956, 4711, 7262, 6163, 635, 4746, 6868, 9928, 3609, 6379, 2772, 4251, 4047, 3809, 8054, 6003, 406, 5090, 4643, 3519, 9180, 4394, 2123, 5189, 2997, 5943, 7225, 7976, 320, 9177, 2467, 9636, 1527, 1026, 793, 3038, 8070, 2593, 4469, 6809, 7625, 4922, 342, 8814, 3532, 1650, 9536, 560, 7660, 948, 893, 9443, 2381, 6300, 9673, 9662, 8728, 7177, 5685, 2086, 2814, 1249, 6504, 1861, 2347, 3988, 1846, 6404, 5786, 5270, 2841, 3074, 3067, 9969, 2106, 2939, 2906, 7895, 1822, 7971, 2181, 3706, 6654, 2991, 1493, 9350, 3983, 2589, 6067, 2973, 2498, 6760, 4705, 2198, 4486, 4152, 4381, 4092, 665, 9348, 6168, 3953, 6294, 7980, 8039, 8259, 7845, 5173, 9152, 9251, 3342, 1622, 7867, 1587, 4965, 5939, 4917, 1450, 6511, 5589, 8476, 9537, 9904, 2503, 8640, 9358, 1388, 7445, 1763, 2359, 2191, 4742, 3669, 9582, 4018, 7398, 4916, 7510, 1152, 5284, 3209, 8384, 623, 7013, 7441, 6201, 9614, 6008, 9149, 9067, 389, 155, 6488, 8558, 5993, 5266, 8718, 5125, 9512, 7382, 1842, 2595, 9303, 5966, 6384, 6752, 9237, 1954, 3453, 9292, 3789, 4511, 2903, 7584]
[2884, 5148, 3451, 5977, 8156, 2236, 66, 9238, 2279, 7555, 2842, 8693, 7509, 3456, 2008, 4336, 2476, 2189, 569, 5382, 9227, 909, 1312, 5285, 4148, 141, 7943, 1642, 2079, 6106, 9791, 8035, 1051, 5249, 3829, 4056, 7057, 2006, 8204, 9449, 3608, 5349, 9991, 5734, 5518, 7103, 3356, 3282, 1043, 7002, 9075, 1280, 5840, 4564, 1695, 9795, 547, 4639, 548, 9087, 3765, 6314, 5762, 987, 5393, 2979, 3955, 6475, 6928, 8086, 5531, 1810, 7526, 3747, 4569, 4462, 8009, 5610, 2823, 5839, 8141, 3487, 3311, 6797, 7112, 268, 4500, 2150, 1124, 4526, 4140, 910, 3116, 7288, 4028, 9852, 2872, 1596, 5561, 150, 1557, 6331, 860, 3187, 7945, 6593, 9856, 7267, 6, 2820, 4789, 9499, 6531, 3277, 2900, 6971, 3568, 8048, 1957, 7761, 6832, 6710, 8591, 7442, 3940, 9248, 4956, 4711, 7262, 6163, 635, 4746, 6868, 9928, 3609, 6379, 2772, 4251, 4047, 3809, 8054, 6003, 406, 5090, 4643, 3519, 9180, 4394, 2123, 5189, 2997, 5943, 7225, 7976, 320, 9177, 2467, 9636, 1527, 1026, 793, 3038, 8070, 2593, 4469, 6809, 7625, 4922, 342, 8814, 3532, 1650, 9536, 560, 7660, 948, 893, 9443, 2381, 6300, 9673, 9662, 8728, 7177, 5685, 2086, 2814, 1249, 6504, 1861, 2347, 3988, 1846, 6404, 5786, 5270, 2841, 3074, 3067, 9969, 2106, 2939, 2906, 7895, 1822, 7971, 2181, 3706, 6654, 2991, 1493, 9350, 3983, 2589, 6067, 2973, 2498, 6760, 4705, 2198, 4486, 4152, 4381, 4092, 665, 9348, 6168, 3953, 6294, 7980, 8039, 8259, 7845, 5173, 9152, 9251, 3342, 1622, 7867, 1587, 4965, 5939, 4917, 1450, 6511, 5589, 8476, 9537, 9904, 2503, 8640, 9358, 1388, 7445, 1763, 2359, 2191, 4742, 3669, 9582, 4018, 7398, 4916, 7510, 1152, 5284, 3209, 8384, 623, 7013, 7441, 6201, 9614, 6008, 9149, 9067, 389, 155, 6488, 8558, 5993, 5266, 8718, 5125, 9512, 7382, 1842, 2595, 9303, 5966, 6384, 6752, 9237, 1954, 3453, 9292, 3789, 4511, 2903, 7584]
[2884, 5148, 3451, 5977, 8156, 2236, 66, 9238, 2279, 7555, 2842, 8693, 7509, 3456, 2008, 4336, 2476, 2189, 569, 5382, 9227, 909, 1312, 5285, 4148, 141, 7943, 1642, 2079, 6106, 9791, 8035, 1051, 5249, 3829, 4056, 7057, 2006, 8204, 9449, 3608, 5349, 9991, 5734, 5518, 7103, 3356, 3282, 1043, 7002, 9075, 1280, 5840, 4564, 1695, 9795, 547, 4639, 548, 9087, 3765, 6314, 5762, 987, 5393, 2979, 3955, 6475, 6928, 8086, 5531, 1810, 7526, 3747, 4569, 4462, 8009, 5610, 2823, 5839, 8141, 3487, 3311, 6797, 7112, 268, 4500, 2150, 1124, 4526, 4140, 910, 3116, 7288, 4028, 9852, 2872, 1596, 5561, 150, 1557, 6331, 860, 3187, 7945, 6593, 9856, 7267, 6, 2820, 4789, 9499, 6531, 3277, 2900, 6971, 3568, 8048, 1957, 7761, 6832, 6710, 8591, 7442, 3940, 9248, 4956, 4711, 7262, 6163, 635, 4746, 6868, 9928, 3609, 6379, 2772, 4251, 4047, 3809, 8054, 6003, 406, 5090, 4643, 3519, 9180, 4394, 2123, 5189, 2997, 5943, 7225, 7976, 320, 9177, 2467, 9636, 1527, 1026, 793, 3038, 8070, 2593, 4469, 6809, 7625, 4922, 342, 8814, 3532, 1650, 9536, 560, 7660, 948, 893, 9443, 2381, 6300, 9673, 9662, 8728, 7177, 5685, 2086, 2814, 1249, 6504, 1861, 2347, 3988, 1846, 6404, 5786, 5270, 2841, 3074, 3067, 9969, 2106, 2939, 2906, 7895, 1822, 7971, 2181, 3706, 6654, 2991, 1493, 9350, 3983, 2589, 6067, 2973, 2498, 6760, 4705, 2198, 4486, 4152, 4381, 4092, 665, 9348, 6168, 3953, 6294, 7980, 8039, 8259, 7845, 5173, 9152, 9251, 3342, 1622, 7867, 1587, 4965, 5939, 4917, 1450, 6511, 5589, 8476, 9537, 9904, 2503, 8640, 9358, 1388, 7445, 1763, 2359, 2191, 4742, 3669, 9582, 4018, 7398, 4916, 7510, 1152, 5284, 3209, 8384, 623, 7013, 7441, 6201, 9614, 6008, 9149, 9067, 389, 155, 6488, 8558, 5993, 5266, 8718, 5125, 9512, 7382, 1842, 2595, 9303, 5966, 6384, 6752, 9237, 1954, 3453, 9292, 3789, 4511, 2903, 7584]
[2884, 5148, 3451, 5977, 8156, 2236, 66, 9238, 2279, 7555, 2842, 8693, 7509, 3456, 2008, 4336, 2476, 2189, 569, 5382, 9227, 909, 1312, 5285, 4148, 141, 7943, 1642, 2079, 6106, 9791, 8035, 1051, 5249, 3829, 4056, 7057, 2006, 8204, 9449, 3608, 5349, 9991, 5734, 5518, 7103, 3356, 3282, 1043, 7002, 9075, 1280, 5840, 4564, 1695, 9795, 547, 4639, 548, 9087, 3765, 6314, 5762, 987, 5393, 2979, 3955, 6475, 6928, 8086, 5531, 1810, 7526, 3747, 4569, 4462, 8009, 5610, 2823, 5839, 8141, 3487, 3311, 6797, 7112, 268, 4500, 2150, 1124, 4526, 4140, 910, 3116, 7288, 4028, 9852, 2872, 1596, 5561, 150, 1557, 6331, 860, 3187, 7945, 6593, 9856, 7267, 6, 2820, 4789, 9499, 6531, 3277, 2900, 6971, 3568, 8048, 1957, 7761, 6832, 6710, 8591, 7442, 3940, 9248, 4956, 4711, 7262, 6163, 635, 4746, 6868, 9928, 3609, 6379, 2772, 4251, 4047, 3809, 8054, 6003, 406, 5090, 4643, 3519, 9180, 4394, 2123, 5189, 2997, 5943, 7225, 7976, 320, 9177, 2467, 9636, 1527, 1026, 793, 3038, 8070, 2593, 4469, 6809, 7625, 4922, 342, 8814, 3532, 1650, 9536, 560, 7660, 948, 893, 9443, 2381, 6300, 9673, 9662, 8728, 7177, 5685, 2086, 2814, 1249, 6504, 1861, 2347, 3988, 1846, 6404, 5786, 5270, 2841, 3074, 3067, 9969, 2106, 2939, 2906, 7895, 1822, 7971, 2181, 3706, 6654, 2991, 1493, 9350, 3983, 2589, 6067, 2973, 2498, 6760, 4705, 2198, 4486, 4152, 4381, 4092, 665, 9348, 6168, 3953, 6294, 7980, 8039, 8259, 7845, 5173, 9152, 9251, 3342, 1622, 7867, 1587, 4965, 5939, 4917, 1450, 6511, 5589, 8476, 9537, 9904, 2503, 8640, 9358, 1388, 7445, 1763, 2359, 2191, 4742, 3669, 9582, 4018, 7398, 4916, 7510, 1152, 5284, 3209, 8384, 623, 7013, 7441, 6201, 9614, 6008, 9149, 9067, 389, 155, 6488, 8558, 5993, 5266, 8718, 5125, 9512, 7382, 1842, 2595, 9303, 5966, 6384, 6752, 9237, 1954, 3453, 9292, 3789, 4511, 2903, 7584]
[2884, 5148, 3451, 5977, 8156, 2236, 66, 9238, 2279, 7555, 2842, 8693, 7509, 3456, 2008, 4336, 2476, 2189, 569, 5382, 9227, 909, 1312, 5285, 4148, 141, 7943, 1642, 2079, 6106, 9791, 8035, 1051, 5249, 3829, 4056, 7057, 2006, 8204, 9449, 3608, 5349, 9991, 5734, 5518, 7103, 3356, 3282, 1043, 7002, 9075, 1280, 5840, 4564, 1695, 9795, 547, 4639, 548, 9087, 3765, 6314, 5762, 987, 5393, 2979, 3955, 6475, 6928, 8086, 5531, 1810, 7526, 3747, 4569, 4462, 8009, 5610, 2823, 5839, 8141, 3487, 3311, 6797, 7112, 268, 4500, 2150, 1124, 4526, 4140, 910, 3116, 7288, 4028, 9852, 2872, 1596, 5561, 150, 1557, 6331, 860, 3187, 7945, 6593, 9856, 7267, 6, 2820, 4789, 9499, 6531, 3277, 2900, 6971, 3568, 8048, 1957, 7761, 6832, 6710, 8591, 7442, 3940, 9248, 4956, 4711, 7262, 6163, 635, 4746, 6868, 9928, 3609, 6379, 2772, 4251, 4047, 3809, 8054, 6003, 406, 5090, 4643, 3519, 9180, 4394, 2123, 5189, 2997, 5943, 7225, 7976, 320, 9177, 2467, 9636, 1527, 1026, 793, 3038, 8070, 2593, 4469, 6809, 7625, 4922, 342, 8814, 3532, 1650, 9536, 560, 7660, 948, 893, 9443, 2381, 6300, 9673, 9662, 8728, 7177, 5685, 2086, 2814, 1249, 6504, 1861, 2347, 3988, 1846, 6404, 5786, 5270, 2841, 3074, 3067, 9969, 2106, 2939, 2906, 7895, 1822, 7971, 2181, 3706, 6654, 2991, 1493, 9350, 3983, 2589, 6067, 2973, 2498, 6760, 4705, 2198, 4486, 4152, 4381, 4092, 665, 9348, 6168, 3953, 6294, 7980, 8039, 8259, 7845, 5173, 9152, 9251, 3342, 1622, 7867, 1587, 4965, 5939, 4917, 1450, 6511, 5589, 8476, 9537, 9904, 2503, 8640, 9358, 1388, 7445, 1763, 2359, 2191, 4742, 3669, 9582, 4018, 7398, 4916, 7510, 1152, 5284, 3209, 8384, 623, 7013, 7441, 6201, 9614, 6008, 9149, 9067, 389, 155, 6488, 8558, 5993, 5266, 8718, 5125, 9512, 7382, 1842, 2595, 9303, 5966, 6384, 6752, 9237, 1954, 3453, 9292, 3789, 4511, 2903, 7584]
[2884, 5148, 3451, 5977, 8156, 2236, 66, 9238, 2279, 7555, 2842, 8693, 7509, 3456, 2008, 4336, 2476, 2189, 569, 5382, 9227, 909, 1312, 5285, 4148, 141, 7943, 1642, 2079, 6106, 9791, 8035, 1051, 5249, 3829, 4056, 7057, 2006, 8204, 9449, 3608, 5349, 9991, 5734, 5518, 7103, 3356, 3282, 1043, 7002, 9075, 1280, 5840, 4564, 1695, 9795, 547, 4639, 548, 9087, 3765, 6314, 5762, 987, 5393, 2979, 3955, 6475, 6928, 8086, 5531, 1810, 7526, 3747, 4569, 4462, 8009, 5610, 2823, 5839, 8141, 3487, 3311, 6797, 7112, 268, 4500, 2150, 1124, 4526, 4140, 910, 3116, 7288, 4028, 9852, 2872, 1596, 5561, 150, 1557, 6331, 860, 3187, 7945, 6593, 9856, 7267, 6, 2820, 4789, 9499, 6531, 3277, 2900, 6971, 3568, 8048, 1957, 7761, 6832, 6710, 8591, 7442, 3940, 9248, 4956, 4711, 7262, 6163, 635, 4746, 6868, 9928, 3609, 6379, 2772, 4251, 4047, 3809, 8054, 6003, 406, 5090, 4643, 3519, 9180, 4394, 2123, 5189, 2997, 5943, 7225, 7976, 320, 9177, 2467, 9636, 1527, 1026, 793, 3038, 8070, 2593, 4469, 6809, 7625, 4922, 342, 8814, 3532, 1650, 9536, 560, 7660, 948, 893, 9443, 2381, 6300, 9673, 9662, 8728, 7177, 5685, 2086, 2814, 1249, 6504, 1861, 2347, 3988, 1846, 6404, 5786, 5270, 2841, 3074, 3067, 9969, 2106, 2939, 2906, 7895, 1822, 7971, 2181, 3706, 6654, 2991, 1493, 9350, 3983, 2589, 6067, 2973, 2498, 6760, 4705, 2198, 4486, 4152, 4381, 4092, 665, 9348, 6168, 3953, 6294, 7980, 8039, 8259, 7845, 5173, 9152, 9251, 3342, 1622, 7867, 1587, 4965, 5939, 4917, 1450, 6511, 5589, 8476, 9537, 9904, 2503, 8640, 9358, 1388, 7445, 1763, 2359, 2191, 4742, 3669, 9582, 4018, 7398, 4916, 7510, 1152, 5284, 3209, 8384, 623, 7013, 7441, 6201, 9614, 6008, 9149, 9067, 389, 155, 6488, 8558, 5993, 5266, 8718, 5125, 9512, 7382, 1842, 2595, 9303, 5966, 6384, 6752, 9237, 1954, 3453, 9292, 3789, 4511, 2903, 7584]
[2884, 5148, 3451, 5977, 8156, 2236, 66, 9238, 2279, 7555, 2842, 8693, 7509, 3456, 2008, 4336, 2476, 2189, 569, 5382, 9227, 909, 1312, 5285, 4148, 141, 7943, 1642, 2079, 6106, 9791, 8035, 1051, 5249, 3829, 4056, 7057, 2006, 8204, 9449, 3608, 5349, 9991, 5734, 5518, 7103, 3356, 3282, 1043, 7002, 9075, 1280, 5840, 4564, 1695, 9795, 547, 4639, 548, 9087, 3765, 6314, 5762, 987, 5393, 2979, 3955, 6475, 6928, 8086, 5531, 1810, 7526, 3747, 4569, 4462, 8009, 5610, 2823, 5839, 8141, 3487, 3311, 6797, 7112, 268, 4500, 2150, 1124, 4526, 4140, 910, 3116, 7288, 4028, 9852, 2872, 1596, 5561, 150, 1557, 6331, 860, 3187, 7945, 6593, 9856, 7267, 6, 2820, 4789, 9499, 6531, 3277, 2900, 6971, 3568, 8048, 1957, 7761, 6832, 6710, 8591, 7442, 3940, 9248, 4956, 4711, 7262, 6163, 635, 4746, 6868, 9928, 3609, 6379, 2772, 4251, 4047, 3809, 8054, 6003, 406, 5090, 4643, 3519, 9180, 4394, 2123, 5189, 2997, 5943, 7225, 7976, 320, 9177, 2467, 9636, 1527, 1026, 793, 3038, 8070, 2593, 4469, 6809, 7625, 4922, 342, 8814, 3532, 1650, 9536, 560, 7660, 948, 893, 9443, 2381, 6300, 9673, 9662, 8728, 7177, 5685, 2086, 2814, 1249, 6504, 1861, 2347, 3988, 1846, 6404, 5786, 5270, 2841, 3074, 3067, 9969, 2106, 2939, 2906, 7895, 1822, 7971, 2181, 3706, 6654, 2991, 1493, 9350, 3983, 2589, 6067, 2973, 2498, 6760, 4705, 2198, 4486, 4152, 4381, 4092, 665, 9348, 6168, 3953, 6294, 7980, 8039, 8259, 7845, 5173, 9152, 9251, 3342, 1622, 7867, 1587, 4965, 5939, 4917, 1450, 6511, 5589, 8476, 9537, 9904, 2503, 8640, 9358, 1388, 7445, 1763, 2359, 2191, 4742, 3669, 9582, 4018, 7398, 4916, 7510, 1152, 5284, 3209, 8384, 623, 7013, 7441, 6201, 9614, 6008, 9149, 9067, 389, 155, 6488, 8558, 5993, 5266, 8718, 5125, 9512, 7382, 1842, 2595, 9303, 5966, 6384, 6752, 9237, 1954, 3453, 9292, 3789, 4511, 2903, 7584]
[2884, 5148, 3451, 5977, 8156, 2236, 66, 9238, 2279, 7555, 2842, 8693, 7509, 3456, 2008, 4336, 2476, 2189, 569, 5382, 9227, 909, 1312, 5285, 4148, 141, 7943, 1642, 2079, 6106, 9791, 8035, 1051, 5249, 3829, 4056, 7057, 2006, 8204, 9449, 3608, 5349, 9991, 5734, 5518, 7103, 3356, 3282, 1043, 7002, 9075, 1280, 5840, 4564, 1695, 9795, 547, 4639, 548, 9087, 3765, 6314, 5762, 987, 5393, 2979, 3955, 6475, 6928, 8086, 5531, 1810, 7526, 3747, 4569, 4462, 8009, 5610, 2823, 5839, 8141, 3487, 3311, 6797, 7112, 268, 4500, 2150, 1124, 4526, 4140, 910, 3116, 7288, 4028, 9852, 2872, 1596, 5561, 150, 1557, 6331, 860, 3187, 7945, 6593, 9856, 7267, 6, 2820, 4789, 9499, 6531, 3277, 2900, 6971, 3568, 8048, 1957, 7761, 6832, 6710, 8591, 7442, 3940, 9248, 4956, 4711, 7262, 6163, 635, 4746, 6868, 9928, 3609, 6379, 2772, 4251, 4047, 3809, 8054, 6003, 406, 5090, 4643, 3519, 9180, 4394, 2123, 5189, 2997, 5943, 7225, 7976, 320, 9177, 2467, 9636, 1527, 1026, 793, 3038, 8070, 2593, 4469, 6809, 7625, 4922, 342, 8814, 3532, 1650, 9536, 560, 7660, 948, 893, 9443, 2381, 6300, 9673, 9662, 8728, 7177, 5685, 2086, 2814, 1249, 6504, 1861, 2347, 3988, 1846, 6404, 5786, 5270, 2841, 3074, 3067, 9969, 2106, 2939, 2906, 7895, 1822, 7971, 2181, 3706, 6654, 2991, 1493, 9350, 3983, 2589, 6067, 2973, 2498, 6760, 4705, 2198, 4486, 4152, 4381, 4092, 665, 9348, 6168, 3953, 6294, 7980, 8039, 8259, 7845, 5173, 9152, 9251, 3342, 1622, 7867, 1587, 4965, 5939, 4917, 1450, 6511, 5589, 8476, 9537, 9904, 2503, 8640, 9358, 1388, 7445, 1763, 2359, 2191, 4742, 3669, 9582, 4018, 7398, 4916, 7510, 1152, 5284, 3209, 8384, 623, 7013, 7441, 6201, 9614, 6008, 9149, 9067, 389, 155, 6488, 8558, 5993, 5266, 8718, 5125, 9512, 7382, 1842, 2595, 9303, 5966, 6384, 6752, 9237, 1954, 3453, 9292, 3789, 4511, 2903, 7584]
[2884, 5148, 3451, 5977, 8156, 2236, 66, 9238, 2279, 7555, 2842, 8693, 7509, 3456, 2008, 4336, 2476, 2189, 569, 5382, 9227, 909, 1312, 5285, 4148, 141, 7943, 1642, 2079, 6106, 9791, 8035, 1051, 5249, 3829, 4056, 7057, 2006, 8204, 9449, 3608, 5349, 9991, 5734, 5518, 7103, 3356, 3282, 1043, 7002, 9075, 1280, 5840, 4564, 1695, 9795, 547, 4639, 548, 9087, 3765, 6314, 5762, 987, 5393, 2979, 3955, 6475, 6928, 8086, 5531, 1810, 7526, 3747, 4569, 4462, 8009, 5610, 2823, 5839, 8141, 3487, 3311, 6797, 7112, 268, 4500, 2150, 1124, 4526, 4140, 910, 3116, 7288, 4028, 9852, 2872, 1596, 5561, 150, 1557, 6331, 860, 3187, 7945, 6593, 9856, 7267, 6, 2820, 4789, 9499, 6531, 3277, 2900, 6971, 3568, 8048, 1957, 7761, 6832, 6710, 8591, 7442, 3940, 9248, 4956, 4711, 7262, 6163, 635, 4746, 6868, 9928, 3609, 6379, 2772, 4251, 4047, 3809, 8054, 6003, 406, 5090, 4643, 3519, 9180, 4394, 2123, 5189, 2997, 5943, 7225, 7976, 320, 9177, 2467, 9636, 1527, 1026, 793, 3038, 8070, 2593, 4469, 6809, 7625, 4922, 342, 8814, 3532, 1650, 9536, 560, 7660, 948, 893, 9443, 2381, 6300, 9673, 9662, 8728, 7177, 5685, 2086, 2814, 1249, 6504, 1861, 2347, 3988, 1846, 6404, 5786, 5270, 2841, 3074, 3067, 9969, 2106, 2939, 2906, 7895, 1822, 7971, 2181, 3706, 6654, 2991, 1493, 9350, 3983, 2589, 6067, 2973, 2498, 6760, 4705, 2198, 4486, 4152, 4381, 4092, 665, 9348, 6168, 3953, 6294, 7980, 8039, 8259, 7845, 5173, 9152, 9251, 3342, 1622, 7867, 1587, 4965, 5939, 4917, 1450, 6511, 5589, 8476, 9537, 9904, 2503, 8640, 9358, 1388, 7445, 1763, 2359, 2191, 4742, 3669, 9582, 4018, 7398, 4916, 7510, 1152, 5284, 3209, 8384, 623, 7013, 7441, 6201, 9614, 6008, 9149, 9067, 389, 155, 6488, 8558, 5993, 5266, 8718, 5125, 9512, 7382, 1842, 2595, 9303, 5966, 6384, 6752, 9237, 1954, 3453, 9292, 3789, 4511, 2903, 7584]
[2884, 5148, 3451, 5977, 8156, 2236, 66, 9238, 2279, 7555, 2842, 8693, 7509, 3456, 2008, 4336, 2476, 2189, 569, 5382, 9227, 909, 1312, 5285, 4148, 141, 7943, 1642, 2079, 6106, 9791, 8035, 1051, 5249, 3829, 4056, 7057, 2006, 8204, 9449, 3608, 5349, 9991, 5734, 5518, 7103, 3356, 3282, 1043, 7002, 9075, 1280, 5840, 4564, 1695, 9795, 547, 4639, 548, 9087, 3765, 6314, 5762, 987, 5393, 2979, 3955, 6475, 6928, 8086, 5531, 1810, 7526, 3747, 4569, 4462, 8009, 5610, 2823, 5839, 8141, 3487, 3311, 6797, 7112, 268, 4500, 2150, 1124, 4526, 4140, 910, 3116, 7288, 4028, 9852, 2872, 1596, 5561, 150, 1557, 6331, 860, 3187, 7945, 6593, 9856, 7267, 6, 2820, 4789, 9499, 6531, 3277, 2900, 6971, 3568, 8048, 1957, 7761, 6832, 6710, 8591, 7442, 3940, 9248, 4956, 4711, 7262, 6163, 635, 4746, 6868, 9928, 3609, 6379, 2772, 4251, 4047, 3809, 8054, 6003, 406, 5090, 4643, 3519, 9180, 4394, 2123, 5189, 2997, 5943, 7225, 7976, 320, 9177, 2467, 9636, 1527, 1026, 793, 3038, 8070, 2593, 4469, 6809, 7625, 4922, 342, 8814, 3532, 1650, 9536, 560, 7660, 948, 893, 9443, 2381, 6300, 9673, 9662, 8728, 7177, 5685, 2086, 2814, 1249, 6504, 1861, 2347, 3988, 1846, 6404, 5786, 5270, 2841, 3074, 3067, 9969, 2106, 2939, 2906, 7895, 1822, 7971, 2181, 3706, 6654, 2991, 1493, 9350, 3983, 2589, 6067, 2973, 2498, 6760, 4705, 2198, 4486, 4152, 4381, 4092, 665, 9348, 6168, 3953, 6294, 7980, 8039, 8259, 7845, 5173, 9152, 9251, 3342, 1622, 7867, 1587, 4965, 5939, 4917, 1450, 6511, 5589, 8476, 9537, 9904, 2503, 8640, 9358, 1388, 7445, 1763, 2359, 2191, 4742, 3669, 9582, 4018, 7398, 4916, 7510, 1152, 5284, 3209, 8384, 623, 7013, 7441, 6201, 9614, 6008, 9149, 9067, 389, 155, 6488, 8558, 5993, 5266, 8718, 5125, 9512, 7382, 1842, 2595, 9303, 5966, 6384, 6752, 9237, 1954, 3453, 9292, 3789, 4511, 2903, 7584]
[2884, 5148, 3451, 5977, 8156, 2236, 66, 9238, 2279, 7555, 2842, 8693, 7509, 3456, 2008, 4336, 2476, 2189, 569, 5382, 9227, 909, 1312, 5285, 4148, 141, 7943, 1642, 2079, 6106, 9791, 8035, 1051, 5249, 3829, 4056, 7057, 2006, 8204, 9449, 3608, 5349, 9991, 5734, 5518, 7103, 3356, 3282, 1043, 7002, 9075, 1280, 5840, 4564, 1695, 9795, 547, 4639, 548, 9087, 3765, 6314, 5762, 987, 5393, 2979, 3955, 6475, 6928, 8086, 5531, 1810, 7526, 3747, 4569, 4462, 8009, 5610, 2823, 5839, 8141, 3487, 3311, 6797, 7112, 268, 4500, 2150, 1124, 4526, 4140, 910, 3116, 7288, 4028, 9852, 2872, 1596, 5561, 150, 1557, 6331, 860, 3187, 7945, 6593, 9856, 7267, 6, 2820, 4789, 9499, 6531, 3277, 2900, 6971, 3568, 8048, 1957, 7761, 6832, 6710, 8591, 7442, 3940, 9248, 4956, 4711, 7262, 6163, 635, 4746, 6868, 9928, 3609, 6379, 2772, 4251, 4047, 3809, 8054, 6003, 406, 5090, 4643, 3519, 9180, 4394, 2123, 5189, 2997, 5943, 7225, 7976, 320, 9177, 2467, 9636, 1527, 1026, 793, 3038, 8070, 2593, 4469, 6809, 7625, 4922, 342, 8814, 3532, 1650, 9536, 560, 7660, 948, 893, 9443, 2381, 6300, 9673, 9662, 8728, 7177, 5685, 2086, 2814, 1249, 6504, 1861, 2347, 3988, 1846, 6404, 5786, 5270, 2841, 3074, 3067, 9969, 2106, 2939, 2906, 7895, 1822, 7971, 2181, 3706, 6654, 2991, 1493, 9350, 3983, 2589, 6067, 2973, 2498, 6760, 4705, 2198, 4486, 4152, 4381, 4092, 665, 9348, 6168, 3953, 6294, 7980, 8039, 8259, 7845, 5173, 9152, 9251, 3342, 1622, 7867, 1587, 4965, 5939, 4917, 1450, 6511, 5589, 8476, 9537, 9904, 2503, 8640, 9358, 1388, 7445, 1763, 2359, 2191, 4742, 3669, 9582, 4018, 7398, 4916, 7510, 1152, 5284, 3209, 8384, 623, 7013, 7441, 6201, 9614, 6008, 9149, 9067, 389, 155, 6488, 8558, 5993, 5266, 8718, 5125, 9512, 7382, 1842, 2595, 9303, 5966, 6384, 6752, 9237, 1954, 3453, 9292, 3789, 4511, 2903, 7584]
[2884, 5148, 3451, 5977, 8156, 2236, 66, 9238, 2279, 7555, 2842, 8693, 7509, 3456, 2008, 4336, 2476, 2189, 569, 5382, 9227, 909, 1312, 5285, 4148, 141, 7943, 1642, 2079, 6106, 9791, 8035, 1051, 5249, 3829, 4056, 7057, 2006, 8204, 9449, 3608, 5349, 9991, 5734, 5518, 7103, 3356, 3282, 1043, 7002, 9075, 1280, 5840, 4564, 1695, 9795, 547, 4639, 548, 9087, 3765, 6314, 5762, 987, 5393, 2979, 3955, 6475, 6928, 8086, 5531, 1810, 7526, 3747, 4569, 4462, 8009, 5610, 2823, 5839, 8141, 3487, 3311, 6797, 7112, 268, 4500, 2150, 1124, 4526, 4140, 910, 3116, 7288, 4028, 9852, 2872, 1596, 5561, 150, 1557, 6331, 860, 3187, 7945, 6593, 9856, 7267, 6, 2820, 4789, 9499, 6531, 3277, 2900, 6971, 3568, 8048, 1957, 7761, 6832, 6710, 8591, 7442, 3940, 9248, 4956, 4711, 7262, 6163, 635, 4746, 6868, 9928, 3609, 6379, 2772, 4251, 4047, 3809, 8054, 6003, 406, 5090, 4643, 3519, 9180, 4394, 2123, 5189, 2997, 5943, 7225, 7976, 320, 9177, 2467, 9636, 1527, 1026, 793, 3038, 8070, 2593, 4469, 6809, 7625, 4922, 342, 8814, 3532, 1650, 9536, 560, 7660, 948, 893, 9443, 2381, 6300, 9673, 9662, 8728, 7177, 5685, 2086, 2814, 1249, 6504, 1861, 2347, 3988, 1846, 6404, 5786, 5270, 2841, 3074, 3067, 9969, 2106, 2939, 2906, 7895, 1822, 7971, 2181, 3706, 6654, 2991, 1493, 9350, 3983, 2589, 6067, 2973, 2498, 6760, 4705, 2198, 4486, 4152, 4381, 4092, 665, 9348, 6168, 3953, 6294, 7980, 8039, 8259, 7845, 5173, 9152, 9251, 3342, 1622, 7867, 1587, 4965, 5939, 4917, 1450, 6511, 5589, 8476, 9537, 9904, 2503, 8640, 9358, 1388, 7445, 1763, 2359, 2191, 4742, 3669, 9582, 4018, 7398, 4916, 7510, 1152, 5284, 3209, 8384, 623, 7013, 7441, 6201, 9614, 6008, 9149, 9067, 389, 155, 6488, 8558, 5993, 5266, 8718, 5125, 9512, 7382, 1842, 2595, 9303, 5966, 6384, 6752, 9237, 1954, 3453, 9292, 3789, 4511, 2903, 7584]
[2884, 5148, 3451, 5977, 8156, 2236, 66, 9238, 2279, 7555, 2842, 8693, 7509, 3456, 2008, 4336, 2476, 2189, 569, 5382, 9227, 909, 1312, 5285, 4148, 141, 7943, 1642, 2079, 6106, 9791, 8035, 1051, 5249, 3829, 4056, 7057, 2006, 8204, 9449, 3608, 5349, 9991, 5734, 5518, 7103, 3356, 3282, 1043, 7002, 9075, 1280, 5840, 4564, 1695, 9795, 547, 4639, 548, 9087, 3765, 6314, 5762, 987, 5393, 2979, 3955, 6475, 6928, 8086, 5531, 1810, 7526, 3747, 4569, 4462, 8009, 5610, 2823, 5839, 8141, 3487, 3311, 6797, 7112, 268, 4500, 2150, 1124, 4526, 4140, 910, 3116, 7288, 4028, 9852, 2872, 1596, 5561, 150, 1557, 6331, 860, 3187, 7945, 6593, 9856, 7267, 6, 2820, 4789, 9499, 6531, 3277, 2900, 6971, 3568, 8048, 1957, 7761, 6832, 6710, 8591, 7442, 3940, 9248, 4956, 4711, 7262, 6163, 635, 4746, 6868, 9928, 3609, 6379, 2772, 4251, 4047, 3809, 8054, 6003, 406, 5090, 4643, 3519, 9180, 4394, 2123, 5189, 2997, 5943, 7225, 7976, 320, 9177, 2467, 9636, 1527, 1026, 793, 3038, 8070, 2593, 4469, 6809, 7625, 4922, 342, 8814, 3532, 1650, 9536, 560, 7660, 948, 893, 9443, 2381, 6300, 9673, 9662, 8728, 7177, 5685, 2086, 2814, 1249, 6504, 1861, 2347, 3988, 1846, 6404, 5786, 5270, 2841, 3074, 3067, 9969, 2106, 2939, 2906, 7895, 1822, 7971, 2181, 3706, 6654, 2991, 1493, 9350, 3983, 2589, 6067, 2973, 2498, 6760, 4705, 2198, 4486, 4152, 4381, 4092, 665, 9348, 6168, 3953, 6294, 7980, 8039, 8259, 7845, 5173, 9152, 9251, 3342, 1622, 7867, 1587, 4965, 5939, 4917, 1450, 6511, 5589, 8476, 9537, 9904, 2503, 8640, 9358, 1388, 7445, 1763, 2359, 2191, 4742, 3669, 9582, 4018, 7398, 4916, 7510, 1152, 5284, 3209, 8384, 623, 7013, 7441, 6201, 9614, 6008, 9149, 9067, 389, 155, 6488, 8558, 5993, 5266, 8718, 5125, 9512, 7382, 1842, 2595, 9303, 5966, 6384, 6752, 9237, 1954, 3453, 9292, 3789, 4511, 2903, 7584]
[2884, 5148, 3451, 5977, 8156, 2236, 66, 9238, 2279, 7555, 2842, 8693, 7509, 3456, 2008, 4336, 2476, 2189, 569, 5382, 9227, 909, 1312, 5285, 4148, 141, 7943, 1642, 2079, 6106, 9791, 8035, 1051, 5249, 3829, 4056, 7057, 2006, 8204, 9449, 3608, 5349, 9991, 5734, 5518, 7103, 3356, 3282, 1043, 7002, 9075, 1280, 5840, 4564, 1695, 9795, 547, 4639, 548, 9087, 3765, 6314, 5762, 987, 5393, 2979, 3955, 6475, 6928, 8086, 5531, 1810, 7526, 3747, 4569, 4462, 8009, 5610, 2823, 5839, 8141, 3487, 3311, 6797, 7112, 268, 4500, 2150, 1124, 4526, 4140, 910, 3116, 7288, 4028, 9852, 2872, 1596, 5561, 150, 1557, 6331, 860, 3187, 7945, 6593, 9856, 7267, 6, 2820, 4789, 9499, 6531, 3277, 2900, 6971, 3568, 8048, 1957, 7761, 6832, 6710, 8591, 7442, 3940, 9248, 4956, 4711, 7262, 6163, 635, 4746, 6868, 9928, 3609, 6379, 2772, 4251, 4047, 3809, 8054, 6003, 406, 5090, 4643, 3519, 9180, 4394, 2123, 5189, 2997, 5943, 7225, 7976, 320, 9177, 2467, 9636, 1527, 1026, 793, 3038, 8070, 2593, 4469, 6809, 7625, 4922, 342, 8814, 3532, 1650, 9536, 560, 7660, 948, 893, 9443, 2381, 6300, 9673, 9662, 8728, 7177, 5685, 2086, 2814, 1249, 6504, 1861, 2347, 3988, 1846, 6404, 5786, 5270, 2841, 3074, 3067, 9969, 2106, 2939, 2906, 7895, 1822, 7971, 2181, 3706, 6654, 2991, 1493, 9350, 3983, 2589, 6067, 2973, 2498, 6760, 4705, 2198, 4486, 4152, 4381, 4092, 665, 9348, 6168, 3953, 6294, 7980, 8039, 8259, 7845, 5173, 9152, 9251, 3342, 1622, 7867, 1587, 4965, 5939, 4917, 1450, 6511, 5589, 8476, 9537, 9904, 2503, 8640, 9358, 1388, 7445, 1763, 2359, 2191, 4742, 3669, 9582, 4018, 7398, 4916, 7510, 1152, 5284, 3209, 8384, 623, 7013, 7441, 6201, 9614, 6008, 9149, 9067, 389, 155, 6488, 8558, 5993, 5266, 8718, 5125, 9512, 7382, 1842, 2595, 9303, 5966, 6384, 6752, 9237, 1954, 3453, 9292, 3789, 4511, 2903, 7584]
[2884, 5148, 3451, 5977, 8156, 2236, 66, 9238, 2279, 7555, 2842, 8693, 7509, 3456, 2008, 4336, 2476, 2189, 569, 5382, 9227, 909, 1312, 5285, 4148, 141, 7943, 1642, 2079, 6106, 9791, 8035, 1051, 5249, 3829, 4056, 7057, 2006, 8204, 9449, 3608, 5349, 9991, 5734, 5518, 7103, 3356, 3282, 1043, 7002, 9075, 1280, 5840, 4564, 1695, 9795, 547, 4639, 548, 9087, 3765, 6314, 5762, 987, 5393, 2979, 3955, 6475, 6928, 8086, 5531, 1810, 7526, 3747, 4569, 4462, 8009, 5610, 2823, 5839, 8141, 3487, 3311, 6797, 7112, 268, 4500, 2150, 1124, 4526, 4140, 910, 3116, 7288, 4028, 9852, 2872, 1596, 5561, 150, 1557, 6331, 860, 3187, 7945, 6593, 9856, 7267, 6, 2820, 4789, 9499, 6531, 3277, 2900, 6971, 3568, 8048, 1957, 7761, 6832, 6710, 8591, 7442, 3940, 9248, 4956, 4711, 7262, 6163, 635, 4746, 6868, 9928, 3609, 6379, 2772, 4251, 4047, 3809, 8054, 6003, 406, 5090, 4643, 3519, 9180, 4394, 2123, 5189, 2997, 5943, 7225, 7976, 320, 9177, 2467, 9636, 1527, 1026, 793, 3038, 8070, 2593, 4469, 6809, 7625, 4922, 342, 8814, 3532, 1650, 9536, 560, 7660, 948, 893, 9443, 2381, 6300, 9673, 9662, 8728, 7177, 5685, 2086, 2814, 1249, 6504, 1861, 2347, 3988, 1846, 6404, 5786, 5270, 2841, 3074, 3067, 9969, 2106, 2939, 2906, 7895, 1822, 7971, 2181, 3706, 6654, 2991, 1493, 9350, 3983, 2589, 6067, 2973, 2498, 6760, 4705, 2198, 4486, 4152, 4381, 4092, 665, 9348, 6168, 3953, 6294, 7980, 8039, 8259, 7845, 5173, 9152, 9251, 3342, 1622, 7867, 1587, 4965, 5939, 4917, 1450, 6511, 5589, 8476, 9537, 9904, 2503, 8640, 9358, 1388, 7445, 1763, 2359, 2191, 4742, 3669, 9582, 4018, 7398, 4916, 7510, 1152, 5284, 3209, 8384, 623, 7013, 7441, 6201, 9614, 6008, 9149, 9067, 389, 155, 6488, 8558, 5993, 5266, 8718, 5125, 9512, 7382, 1842, 2595, 9303, 5966, 6384, 6752, 9237, 1954, 3453, 9292, 3789, 4511, 2903, 7584]
[2884, 5148, 3451, 5977, 8156, 2236, 66, 9238, 2279, 7555, 2842, 8693, 7509, 3456, 2008, 4336, 2476, 2189, 569, 5382, 9227, 909, 1312, 5285, 4148, 141, 7943, 1642, 2079, 6106, 9791, 8035, 1051, 5249, 3829, 4056, 7057, 2006, 8204, 9449, 3608, 5349, 9991, 5734, 5518, 7103, 3356, 3282, 1043, 7002, 9075, 1280, 5840, 4564, 1695, 9795, 547, 4639, 548, 9087, 3765, 6314, 5762, 987, 5393, 2979, 3955, 6475, 6928, 8086, 5531, 1810, 7526, 3747, 4569, 4462, 8009, 5610, 2823, 5839, 8141, 3487, 3311, 6797, 7112, 268, 4500, 2150, 1124, 4526, 4140, 910, 3116, 7288, 4028, 9852, 2872, 1596, 5561, 150, 1557, 6331, 860, 3187, 7945, 6593, 9856, 7267, 6, 2820, 4789, 9499, 6531, 3277, 2900, 6971, 3568, 8048, 1957, 7761, 6832, 6710, 8591, 7442, 3940, 9248, 4956, 4711, 7262, 6163, 635, 4746, 6868, 9928, 3609, 6379, 2772, 4251, 4047, 3809, 8054, 6003, 406, 5090, 4643, 3519, 9180, 4394, 2123, 5189, 2997, 5943, 7225, 7976, 320, 9177, 2467, 9636, 1527, 1026, 793, 3038, 8070, 2593, 4469, 6809, 7625, 4922, 342, 8814, 3532, 1650, 9536, 560, 7660, 948, 893, 9443, 2381, 6300, 9673, 9662, 8728, 7177, 5685, 2086, 2814, 1249, 6504, 1861, 2347, 3988, 1846, 6404, 5786, 5270, 2841, 3074, 3067, 9969, 2106, 2939, 2906, 7895, 1822, 7971, 2181, 3706, 6654, 2991, 1493, 9350, 3983, 2589, 6067, 2973, 2498, 6760, 4705, 2198, 4486, 4152, 4381, 4092, 665, 9348, 6168, 3953, 6294, 7980, 8039, 8259, 7845, 5173, 9152, 9251, 3342, 1622, 7867, 1587, 4965, 5939, 4917, 1450, 6511, 5589, 8476, 9537, 9904, 2503, 8640, 9358, 1388, 7445, 1763, 2359, 2191, 4742, 3669, 9582, 4018, 7398, 4916, 7510, 1152, 5284, 3209, 8384, 623, 7013, 7441, 6201, 9614, 6008, 9149, 9067, 389, 155, 6488, 8558, 5993, 5266, 8718, 5125, 9512, 7382, 1842, 2595, 9303, 5966, 6384, 6752, 9237, 1954, 3453, 9292, 3789, 4511, 2903, 7584]
[2884, 5148, 3451, 5977, 8156, 2236, 66, 9238, 2279, 7555, 2842, 8693, 7509, 3456, 2008, 4336, 2476, 2189, 569, 5382, 9227, 909, 1312, 5285, 4148, 141, 7943, 1642, 2079, 6106, 9791, 8035, 1051, 5249, 3829, 4056, 7057, 2006, 8204, 9449, 3608, 5349, 9991, 5734, 5518, 7103, 3356, 3282, 1043, 7002, 9075, 1280, 5840, 4564, 1695, 9795, 547, 4639, 548, 9087, 3765, 6314, 5762, 987, 5393, 2979, 3955, 6475, 6928, 8086, 5531, 1810, 7526, 3747, 4569, 4462, 8009, 5610, 2823, 5839, 8141, 3487, 3311, 6797, 7112, 268, 4500, 2150, 1124, 4526, 4140, 910, 3116, 7288, 4028, 9852, 2872, 1596, 5561, 150, 1557, 6331, 860, 3187, 7945, 6593, 9856, 7267, 6, 2820, 4789, 9499, 6531, 3277, 2900, 6971, 3568, 8048, 1957, 7761, 6832, 6710, 8591, 7442, 3940, 9248, 4956, 4711, 7262, 6163, 635, 4746, 6868, 9928, 3609, 6379, 2772, 4251, 4047, 3809, 8054, 6003, 406, 5090, 4643, 3519, 9180, 4394, 2123, 5189, 2997, 5943, 7225, 7976, 320, 9177, 2467, 9636, 1527, 1026, 793, 3038, 8070, 2593, 4469, 6809, 7625, 4922, 342, 8814, 3532, 1650, 9536, 560, 7660, 948, 893, 9443, 2381, 6300, 9673, 9662, 8728, 7177, 5685, 2086, 2814, 1249, 6504, 1861, 2347, 3988, 1846, 6404, 5786, 5270, 2841, 3074, 3067, 9969, 2106, 2939, 2906, 7895, 1822, 7971, 2181, 3706, 6654, 2991, 1493, 9350, 3983, 2589, 6067, 2973, 2498, 6760, 4705, 2198, 4486, 4152, 4381, 4092, 665, 9348, 6168, 3953, 6294, 7980, 8039, 8259, 7845, 5173, 9152, 9251, 3342, 1622, 7867, 1587, 4965, 5939, 4917, 1450, 6511, 5589, 8476, 9537, 9904, 2503, 8640, 9358, 1388, 7445, 1763, 2359, 2191, 4742, 3669, 9582, 4018, 7398, 4916, 7510, 1152, 5284, 3209, 8384, 623, 7013, 7441, 6201, 9614, 6008, 9149, 9067, 389, 155, 6488, 8558, 5993, 5266, 8718, 5125, 9512, 7382, 1842, 2595, 9303, 5966, 6384, 6752, 9237, 1954, 3453, 9292, 3789, 4511, 2903, 7584]
[2884, 5148, 3451, 5977, 8156, 2236, 66, 9238, 2279, 7555, 2842, 8693, 7509, 3456, 2008, 4336, 2476, 2189, 569, 5382, 9227, 909, 1312, 5285, 4148, 141, 7943, 1642, 2079, 6106, 9791, 8035, 1051, 5249, 3829, 4056, 7057, 2006, 8204, 9449, 3608, 5349, 9991, 5734, 5518, 7103, 3356, 3282, 1043, 7002, 9075, 1280, 5840, 4564, 1695, 9795, 547, 4639, 548, 9087, 3765, 6314, 5762, 987, 5393, 2979, 3955, 6475, 6928, 8086, 5531, 1810, 7526, 3747, 4569, 4462, 8009, 5610, 2823, 5839, 8141, 3487, 3311, 6797, 7112, 268, 4500, 2150, 1124, 4526, 4140, 910, 3116, 7288, 4028, 9852, 2872, 1596, 5561, 150, 1557, 6331, 860, 3187, 7945, 6593, 9856, 7267, 6, 2820, 4789, 9499, 6531, 3277, 2900, 6971, 3568, 8048, 1957, 7761, 6832, 6710, 8591, 7442, 3940, 9248, 4956, 4711, 7262, 6163, 635, 4746, 6868, 9928, 3609, 6379, 2772, 4251, 4047, 3809, 8054, 6003, 406, 5090, 4643, 3519, 9180, 4394, 2123, 5189, 2997, 5943, 7225, 7976, 320, 9177, 2467, 9636, 1527, 1026, 793, 3038, 8070, 2593, 4469, 6809, 7625, 4922, 342, 8814, 3532, 1650, 9536, 560, 7660, 948, 893, 9443, 2381, 6300, 9673, 9662, 8728, 7177, 5685, 2086, 2814, 1249, 6504, 1861, 2347, 3988, 1846, 6404, 5786, 5270, 2841, 3074, 3067, 9969, 2106, 2939, 2906, 7895, 1822, 7971, 2181, 3706, 6654, 2991, 1493, 9350, 3983, 2589, 6067, 2973, 2498, 6760, 4705, 2198, 4486, 4152, 4381, 4092, 665, 9348, 6168, 3953, 6294, 7980, 8039, 8259, 7845, 5173, 9152, 9251, 3342, 1622, 7867, 1587, 4965, 5939, 4917, 1450, 6511, 5589, 8476, 9537, 9904, 2503, 8640, 9358, 1388, 7445, 1763, 2359, 2191, 4742, 3669, 9582, 4018, 7398, 4916, 7510, 1152, 5284, 3209, 8384, 623, 7013, 7441, 6201, 9614, 6008, 9149, 9067, 389, 155, 6488, 8558, 5993, 5266, 8718, 5125, 9512, 7382, 1842, 2595, 9303, 5966, 6384, 6752, 9237, 1954, 3453, 9292, 3789, 4511, 2903, 7584]
[2884, 5148, 3451, 5977, 8156, 2236, 66, 9238, 2279, 7555, 2842, 8693, 7509, 3456, 2008, 4336, 2476, 2189, 569, 5382, 9227, 909, 1312, 5285, 4148, 141, 7943, 1642, 2079, 6106, 9791, 8035, 1051, 5249, 3829, 4056, 7057, 2006, 8204, 9449, 3608, 5349, 9991, 5734, 5518, 7103, 3356, 3282, 1043, 7002, 9075, 1280, 5840, 4564, 1695, 9795, 547, 4639, 548, 9087, 3765, 6314, 5762, 987, 5393, 2979, 3955, 6475, 6928, 8086, 5531, 1810, 7526, 3747, 4569, 4462, 8009, 5610, 2823, 5839, 8141, 3487, 3311, 6797, 7112, 268, 4500, 2150, 1124, 4526, 4140, 910, 3116, 7288, 4028, 9852, 2872, 1596, 5561, 150, 1557, 6331, 860, 3187, 7945, 6593, 9856, 7267, 6, 2820, 4789, 9499, 6531, 3277, 2900, 6971, 3568, 8048, 1957, 7761, 6832, 6710, 8591, 7442, 3940, 9248, 4956, 4711, 7262, 6163, 635, 4746, 6868, 9928, 3609, 6379, 2772, 4251, 4047, 3809, 8054, 6003, 406, 5090, 4643, 3519, 9180, 4394, 2123, 5189, 2997, 5943, 7225, 7976, 320, 9177, 2467, 9636, 1527, 1026, 793, 3038, 8070, 2593, 4469, 6809, 7625, 4922, 342, 8814, 3532, 1650, 9536, 560, 7660, 948, 893, 9443, 2381, 6300, 9673, 9662, 8728, 7177, 5685, 2086, 2814, 1249, 6504, 1861, 2347, 3988, 1846, 6404, 5786, 5270, 2841, 3074, 3067, 9969, 2106, 2939, 2906, 7895, 1822, 7971, 2181, 3706, 6654, 2991, 1493, 9350, 3983, 2589, 6067, 2973, 2498, 6760, 4705, 2198, 4486, 4152, 4381, 4092, 665, 9348, 6168, 3953, 6294, 7980, 8039, 8259, 7845, 5173, 9152, 9251, 3342, 1622, 7867, 1587, 4965, 5939, 4917, 1450, 6511, 5589, 8476, 9537, 9904, 2503, 8640, 9358, 1388, 7445, 1763, 2359, 2191, 4742, 3669, 9582, 4018, 7398, 4916, 7510, 1152, 5284, 3209, 8384, 623, 7013, 7441, 6201, 9614, 6008, 9149, 9067, 389, 155, 6488, 8558, 5993, 5266, 8718, 5125, 9512, 7382, 1842, 2595, 9303, 5966, 6384, 6752, 9237, 1954, 3453, 9292, 3789, 4511, 2903, 7584]
[2884, 5148, 3451, 5977, 8156, 2236, 66, 9238, 2279, 7555, 2842, 8693, 7509, 3456, 2008, 4336, 2476, 2189, 569, 5382, 9227, 909, 1312, 5285, 4148, 141, 7943, 1642, 2079, 6106, 9791, 8035, 1051, 5249, 3829, 4056, 7057, 2006, 8204, 9449, 3608, 5349, 9991, 5734, 5518, 7103, 3356, 3282, 1043, 7002, 9075, 1280, 5840, 4564, 1695, 9795, 547, 4639, 548, 9087, 3765, 6314, 5762, 987, 5393, 2979, 3955, 6475, 6928, 8086, 5531, 1810, 7526, 3747, 4569, 4462, 8009, 5610, 2823, 5839, 8141, 3487, 3311, 6797, 7112, 268, 4500, 2150, 1124, 4526, 4140, 910, 3116, 7288, 4028, 9852, 2872, 1596, 5561, 150, 1557, 6331, 860, 3187, 7945, 6593, 9856, 7267, 6, 2820, 4789, 9499, 6531, 3277, 2900, 6971, 3568, 8048, 1957, 7761, 6832, 6710, 8591, 7442, 3940, 9248, 4956, 4711, 7262, 6163, 635, 4746, 6868, 9928, 3609, 6379, 2772, 4251, 4047, 3809, 8054, 6003, 406, 5090, 4643, 3519, 9180, 4394, 2123, 5189, 2997, 5943, 7225, 7976, 320, 9177, 2467, 9636, 1527, 1026, 793, 3038, 8070, 2593, 4469, 6809, 7625, 4922, 342, 8814, 3532, 1650, 9536, 560, 7660, 948, 893, 9443, 2381, 6300, 9673, 9662, 8728, 7177, 5685, 2086, 2814, 1249, 6504, 1861, 2347, 3988, 1846, 6404, 5786, 5270, 2841, 3074, 3067, 9969, 2106, 2939, 2906, 7895, 1822, 7971, 2181, 3706, 6654, 2991, 1493, 9350, 3983, 2589, 6067, 2973, 2498, 6760, 4705, 2198, 4486, 4152, 4381, 4092, 665, 9348, 6168, 3953, 6294, 7980, 8039, 8259, 7845, 5173, 9152, 9251, 3342, 1622, 7867, 1587, 4965, 5939, 4917, 1450, 6511, 5589, 8476, 9537, 9904, 2503, 8640, 9358, 1388, 7445, 1763, 2359, 2191, 4742, 3669, 9582, 4018, 7398, 4916, 7510, 1152, 5284, 3209, 8384, 623, 7013, 7441, 6201, 9614, 6008, 9149, 9067, 389, 155, 6488, 8558, 5993, 5266, 8718, 5125, 9512, 7382, 1842, 2595, 9303, 5966, 6384, 6752, 9237, 1954, 3453, 9292, 3789, 4511, 2903, 7584]
[2884, 5148, 3451, 5977, 8156, 2236, 66, 9238, 2279, 7555, 2842, 8693, 7509, 3456, 2008, 4336, 2476, 2189, 569, 5382, 9227, 909, 1312, 5285, 4148, 141, 7943, 1642, 2079, 6106, 9791, 8035, 1051, 5249, 3829, 4056, 7057, 2006, 8204, 9449, 3608, 5349, 9991, 5734, 5518, 7103, 3356, 3282, 1043, 7002, 9075, 1280, 5840, 4564, 1695, 9795, 547, 4639, 548, 9087, 3765, 6314, 5762, 987, 5393, 2979, 3955, 6475, 6928, 8086, 5531, 1810, 7526, 3747, 4569, 4462, 8009, 5610, 2823, 5839, 8141, 3487, 3311, 6797, 7112, 268, 4500, 2150, 1124, 4526, 4140, 910, 3116, 7288, 4028, 9852, 2872, 1596, 5561, 150, 1557, 6331, 860, 3187, 7945, 6593, 9856, 7267, 6, 2820, 4789, 9499, 6531, 3277, 2900, 6971, 3568, 8048, 1957, 7761, 6832, 6710, 8591, 7442, 3940, 9248, 4956, 4711, 7262, 6163, 635, 4746, 6868, 9928, 3609, 6379, 2772, 4251, 4047, 3809, 8054, 6003, 406, 5090, 4643, 3519, 9180, 4394, 2123, 5189, 2997, 5943, 7225, 7976, 320, 9177, 2467, 9636, 1527, 1026, 793, 3038, 8070, 2593, 4469, 6809, 7625, 4922, 342, 8814, 3532, 1650, 9536, 560, 7660, 948, 893, 9443, 2381, 6300, 9673, 9662, 8728, 7177, 5685, 2086, 2814, 1249, 6504, 1861, 2347, 3988, 1846, 6404, 5786, 5270, 2841, 3074, 3067, 9969, 2106, 2939, 2906, 7895, 1822, 7971, 2181, 3706, 6654, 2991, 1493, 9350, 3983, 2589, 6067, 2973, 2498, 6760, 4705, 2198, 4486, 4152, 4381, 4092, 665, 9348, 6168, 3953, 6294, 7980, 8039, 8259, 7845, 5173, 9152, 9251, 3342, 1622, 7867, 1587, 4965, 5939, 4917, 1450, 6511, 5589, 8476, 9537, 9904, 2503, 8640, 9358, 1388, 7445, 1763, 2359, 2191, 4742, 3669, 9582, 4018, 7398, 4916, 7510, 1152, 5284, 3209, 8384, 623, 7013, 7441, 6201, 9614, 6008, 9149, 9067, 389, 155, 6488, 8558, 5993, 5266, 8718, 5125, 9512, 7382, 1842, 2595, 9303, 5966, 6384, 6752, 9237, 1954, 3453, 9292, 3789, 4511, 2903, 7584]
