Fault List:
34
34
34
34
34
34
34
34
34
34
34
34
34
34
34
34
34
34
34
34
34
34
34
34
34
34
34
34
34
34
FDR List:
0.34
0.34
0.34
0.34
0.34
0.34
0.34
0.34
0.34
0.34
0.34
0.34
0.34
0.34
0.34
0.34
0.34
0.34
0.34
0.34
0.34
0.34
0.34
0.34
0.34
0.34
0.34
0.34
0.34
0.34
Time List:
0.13715624809265137
0.21517491340637207
0.26699304580688477
0.18844199180603027
0.19110918045043945
0.1998291015625
0.152421236038208
0.16315603256225586
0.15798711776733398
0.18132615089416504
0.15932989120483398
0.16500282287597656
0.17507386207580566
0.17666101455688477
0.16518402099609375
0.17082905769348145
0.16102981567382812
0.1582348346710205
0.1846330165863037
0.1751418113708496
0.17835307121276855
0.17636704444885254
0.1802539825439453
0.16816401481628418
0.17994904518127441
0.1604747772216797
0.18748974800109863
0.1714460849761963
0.17586112022399902
0.1696491241455078
Subset List:
[1029, 2252, 3451, 7895, 8156, 7971, 2181, 7267, 3103, 2820, 2842, 1699, 3983, 3973, 7948, 4751, 9143, 6760, 1957, 5382, 4142, 4152, 8591, 7442, 6689, 930, 6168, 976, 6715, 4539, 9791, 5710, 1051, 5249, 6691, 4056, 3342, 4251, 8204, 9449, 3608, 8826, 9991, 5605, 890, 5589, 3484, 3282, 6171, 7002, 5510, 5188, 1388, 4842, 320, 4756, 4100, 9636, 3669, 9945, 3765, 6314, 8070, 7510, 963, 6809, 3955, 8384, 8960, 7013, 2398, 9934, 2522, 2202, 1243, 4462, 893, 5610, 5718, 7998, 7985, 9662, 8718, 6797, 9512, 2086, 2814, 7376, 1124, 5546, 6416, 6752, 1846, 7583, 4028, 9916, 2841, 6387, 2903, 2097]
[1029, 2252, 3451, 7895, 8156, 7971, 2181, 7267, 3103, 2820, 2842, 1699, 3983, 3973, 7948, 4751, 9143, 6760, 1957, 5382, 4142, 4152, 8591, 7442, 6689, 930, 6168, 976, 6715, 4539, 9791, 5710, 1051, 5249, 6691, 4056, 3342, 4251, 8204, 9449, 3608, 8826, 9991, 5605, 890, 5589, 3484, 3282, 6171, 7002, 5510, 5188, 1388, 4842, 320, 4756, 4100, 9636, 3669, 9945, 3765, 6314, 8070, 7510, 963, 6809, 3955, 8384, 8960, 7013, 2398, 9934, 2522, 2202, 1243, 4462, 893, 5610, 5718, 7998, 7985, 9662, 8718, 6797, 9512, 2086, 2814, 7376, 1124, 5546, 6416, 6752, 1846, 7583, 4028, 9916, 2841, 6387, 2903, 2097]
[1029, 2252, 3451, 7895, 8156, 7971, 2181, 7267, 3103, 2820, 2842, 1699, 3983, 3973, 7948, 4751, 9143, 6760, 1957, 5382, 4142, 4152, 8591, 7442, 6689, 930, 6168, 976, 6715, 4539, 9791, 5710, 1051, 5249, 6691, 4056, 3342, 4251, 8204, 9449, 3608, 8826, 9991, 5605, 890, 5589, 3484, 3282, 6171, 7002, 5510, 5188, 1388, 4842, 320, 4756, 4100, 9636, 3669, 9945, 3765, 6314, 8070, 7510, 963, 6809, 3955, 8384, 8960, 7013, 2398, 9934, 2522, 2202, 1243, 4462, 893, 5610, 5718, 7998, 7985, 9662, 8718, 6797, 9512, 2086, 2814, 7376, 1124, 5546, 6416, 6752, 1846, 7583, 4028, 9916, 2841, 6387, 2903, 2097]
[1029, 2252, 3451, 7895, 8156, 7971, 2181, 7267, 3103, 2820, 2842, 1699, 3983, 3973, 7948, 4751, 9143, 6760, 1957, 5382, 4142, 4152, 8591, 7442, 6689, 930, 6168, 976, 6715, 4539, 9791, 5710, 1051, 5249, 6691, 4056, 3342, 4251, 8204, 9449, 3608, 8826, 9991, 5605, 890, 5589, 3484, 3282, 6171, 7002, 5510, 5188, 1388, 4842, 320, 4756, 4100, 9636, 3669, 9945, 3765, 6314, 8070, 7510, 963, 6809, 3955, 8384, 8960, 7013, 2398, 9934, 2522, 2202, 1243, 4462, 893, 5610, 5718, 7998, 7985, 9662, 8718, 6797, 9512, 2086, 2814, 7376, 1124, 5546, 6416, 6752, 1846, 7583, 4028, 9916, 2841, 6387, 2903, 2097]
[1029, 2252, 3451, 7895, 8156, 7971, 2181, 7267, 3103, 2820, 2842, 1699, 3983, 3973, 7948, 4751, 9143, 6760, 1957, 5382, 4142, 4152, 8591, 7442, 6689, 930, 6168, 976, 6715, 4539, 9791, 5710, 1051, 5249, 6691, 4056, 3342, 4251, 8204, 9449, 3608, 8826, 9991, 5605, 890, 5589, 3484, 3282, 6171, 7002, 5510, 5188, 1388, 4842, 320, 4756, 4100, 9636, 3669, 9945, 3765, 6314, 8070, 7510, 963, 6809, 3955, 8384, 8960, 7013, 2398, 9934, 2522, 2202, 1243, 4462, 893, 5610, 5718, 7998, 7985, 9662, 8718, 6797, 9512, 2086, 2814, 7376, 1124, 5546, 6416, 6752, 1846, 7583, 4028, 9916, 2841, 6387, 2903, 2097]
[1029, 2252, 3451, 7895, 8156, 7971, 2181, 7267, 3103, 2820, 2842, 1699, 3983, 3973, 7948, 4751, 9143, 6760, 1957, 5382, 4142, 4152, 8591, 7442, 6689, 930, 6168, 976, 6715, 4539, 9791, 5710, 1051, 5249, 6691, 4056, 3342, 4251, 8204, 9449, 3608, 8826, 9991, 5605, 890, 5589, 3484, 3282, 6171, 7002, 5510, 5188, 1388, 4842, 320, 4756, 4100, 9636, 3669, 9945, 3765, 6314, 8070, 7510, 963, 6809, 3955, 8384, 8960, 7013, 2398, 9934, 2522, 2202, 1243, 4462, 893, 5610, 5718, 7998, 7985, 9662, 8718, 6797, 9512, 2086, 2814, 7376, 1124, 5546, 6416, 6752, 1846, 7583, 4028, 9916, 2841, 6387, 2903, 2097]
[1029, 2252, 3451, 7895, 8156, 7971, 2181, 7267, 3103, 2820, 2842, 1699, 3983, 3973, 7948, 4751, 9143, 6760, 1957, 5382, 4142, 4152, 8591, 7442, 6689, 930, 6168, 976, 6715, 4539, 9791, 5710, 1051, 5249, 6691, 4056, 3342, 4251, 8204, 9449, 3608, 8826, 9991, 5605, 890, 5589, 3484, 3282, 6171, 7002, 5510, 5188, 1388, 4842, 320, 4756, 4100, 9636, 3669, 9945, 3765, 6314, 8070, 7510, 963, 6809, 3955, 8384, 8960, 7013, 2398, 9934, 2522, 2202, 1243, 4462, 893, 5610, 5718, 7998, 7985, 9662, 8718, 6797, 9512, 2086, 2814, 7376, 1124, 5546, 6416, 6752, 1846, 7583, 4028, 9916, 2841, 6387, 2903, 2097]
[1029, 2252, 3451, 7895, 8156, 7971, 2181, 7267, 3103, 2820, 2842, 1699, 3983, 3973, 7948, 4751, 9143, 6760, 1957, 5382, 4142, 4152, 8591, 7442, 6689, 930, 6168, 976, 6715, 4539, 9791, 5710, 1051, 5249, 6691, 4056, 3342, 4251, 8204, 9449, 3608, 8826, 9991, 5605, 890, 5589, 3484, 3282, 6171, 7002, 5510, 5188, 1388, 4842, 320, 4756, 4100, 9636, 3669, 9945, 3765, 6314, 8070, 7510, 963, 6809, 3955, 8384, 8960, 7013, 2398, 9934, 2522, 2202, 1243, 4462, 893, 5610, 5718, 7998, 7985, 9662, 8718, 6797, 9512, 2086, 2814, 7376, 1124, 5546, 6416, 6752, 1846, 7583, 4028, 9916, 2841, 6387, 2903, 2097]
[1029, 2252, 3451, 7895, 8156, 7971, 2181, 7267, 3103, 2820, 2842, 1699, 3983, 3973, 7948, 4751, 9143, 6760, 1957, 5382, 4142, 4152, 8591, 7442, 6689, 930, 6168, 976, 6715, 4539, 9791, 5710, 1051, 5249, 6691, 4056, 3342, 4251, 8204, 9449, 3608, 8826, 9991, 5605, 890, 5589, 3484, 3282, 6171, 7002, 5510, 5188, 1388, 4842, 320, 4756, 4100, 9636, 3669, 9945, 3765, 6314, 8070, 7510, 963, 6809, 3955, 8384, 8960, 7013, 2398, 9934, 2522, 2202, 1243, 4462, 893, 5610, 5718, 7998, 7985, 9662, 8718, 6797, 9512, 2086, 2814, 7376, 1124, 5546, 6416, 6752, 1846, 7583, 4028, 9916, 2841, 6387, 2903, 2097]
[1029, 2252, 3451, 7895, 8156, 7971, 2181, 7267, 3103, 2820, 2842, 1699, 3983, 3973, 7948, 4751, 9143, 6760, 1957, 5382, 4142, 4152, 8591, 7442, 6689, 930, 6168, 976, 6715, 4539, 9791, 5710, 1051, 5249, 6691, 4056, 3342, 4251, 8204, 9449, 3608, 8826, 9991, 5605, 890, 5589, 3484, 3282, 6171, 7002, 5510, 5188, 1388, 4842, 320, 4756, 4100, 9636, 3669, 9945, 3765, 6314, 8070, 7510, 963, 6809, 3955, 8384, 8960, 7013, 2398, 9934, 2522, 2202, 1243, 4462, 893, 5610, 5718, 7998, 7985, 9662, 8718, 6797, 9512, 2086, 2814, 7376, 1124, 5546, 6416, 6752, 1846, 7583, 4028, 9916, 2841, 6387, 2903, 2097]
[1029, 2252, 3451, 7895, 8156, 7971, 2181, 7267, 3103, 2820, 2842, 1699, 3983, 3973, 7948, 4751, 9143, 6760, 1957, 5382, 4142, 4152, 8591, 7442, 6689, 930, 6168, 976, 6715, 4539, 9791, 5710, 1051, 5249, 6691, 4056, 3342, 4251, 8204, 9449, 3608, 8826, 9991, 5605, 890, 5589, 3484, 3282, 6171, 7002, 5510, 5188, 1388, 4842, 320, 4756, 4100, 9636, 3669, 9945, 3765, 6314, 8070, 7510, 963, 6809, 3955, 8384, 8960, 7013, 2398, 9934, 2522, 2202, 1243, 4462, 893, 5610, 5718, 7998, 7985, 9662, 8718, 6797, 9512, 2086, 2814, 7376, 1124, 5546, 6416, 6752, 1846, 7583, 4028, 9916, 2841, 6387, 2903, 2097]
[1029, 2252, 3451, 7895, 8156, 7971, 2181, 7267, 3103, 2820, 2842, 1699, 3983, 3973, 7948, 4751, 9143, 6760, 1957, 5382, 4142, 4152, 8591, 7442, 6689, 930, 6168, 976, 6715, 4539, 9791, 5710, 1051, 5249, 6691, 4056, 3342, 4251, 8204, 9449, 3608, 8826, 9991, 5605, 890, 5589, 3484, 3282, 6171, 7002, 5510, 5188, 1388, 4842, 320, 4756, 4100, 9636, 3669, 9945, 3765, 6314, 8070, 7510, 963, 6809, 3955, 8384, 8960, 7013, 2398, 9934, 2522, 2202, 1243, 4462, 893, 5610, 5718, 7998, 7985, 9662, 8718, 6797, 9512, 2086, 2814, 7376, 1124, 5546, 6416, 6752, 1846, 7583, 4028, 9916, 2841, 6387, 2903, 2097]
[1029, 2252, 3451, 7895, 8156, 7971, 2181, 7267, 3103, 2820, 2842, 1699, 3983, 3973, 7948, 4751, 9143, 6760, 1957, 5382, 4142, 4152, 8591, 7442, 6689, 930, 6168, 976, 6715, 4539, 9791, 5710, 1051, 5249, 6691, 4056, 3342, 4251, 8204, 9449, 3608, 8826, 9991, 5605, 890, 5589, 3484, 3282, 6171, 7002, 5510, 5188, 1388, 4842, 320, 4756, 4100, 9636, 3669, 9945, 3765, 6314, 8070, 7510, 963, 6809, 3955, 8384, 8960, 7013, 2398, 9934, 2522, 2202, 1243, 4462, 893, 5610, 5718, 7998, 7985, 9662, 8718, 6797, 9512, 2086, 2814, 7376, 1124, 5546, 6416, 6752, 1846, 7583, 4028, 9916, 2841, 6387, 2903, 2097]
[1029, 2252, 3451, 7895, 8156, 7971, 2181, 7267, 3103, 2820, 2842, 1699, 3983, 3973, 7948, 4751, 9143, 6760, 1957, 5382, 4142, 4152, 8591, 7442, 6689, 930, 6168, 976, 6715, 4539, 9791, 5710, 1051, 5249, 6691, 4056, 3342, 4251, 8204, 9449, 3608, 8826, 9991, 5605, 890, 5589, 3484, 3282, 6171, 7002, 5510, 5188, 1388, 4842, 320, 4756, 4100, 9636, 3669, 9945, 3765, 6314, 8070, 7510, 963, 6809, 3955, 8384, 8960, 7013, 2398, 9934, 2522, 2202, 1243, 4462, 893, 5610, 5718, 7998, 7985, 9662, 8718, 6797, 9512, 2086, 2814, 7376, 1124, 5546, 6416, 6752, 1846, 7583, 4028, 9916, 2841, 6387, 2903, 2097]
[1029, 2252, 3451, 7895, 8156, 7971, 2181, 7267, 3103, 2820, 2842, 1699, 3983, 3973, 7948, 4751, 9143, 6760, 1957, 5382, 4142, 4152, 8591, 7442, 6689, 930, 6168, 976, 6715, 4539, 9791, 5710, 1051, 5249, 6691, 4056, 3342, 4251, 8204, 9449, 3608, 8826, 9991, 5605, 890, 5589, 3484, 3282, 6171, 7002, 5510, 5188, 1388, 4842, 320, 4756, 4100, 9636, 3669, 9945, 3765, 6314, 8070, 7510, 963, 6809, 3955, 8384, 8960, 7013, 2398, 9934, 2522, 2202, 1243, 4462, 893, 5610, 5718, 7998, 7985, 9662, 8718, 6797, 9512, 2086, 2814, 7376, 1124, 5546, 6416, 6752, 1846, 7583, 4028, 9916, 2841, 6387, 2903, 2097]
[1029, 2252, 3451, 7895, 8156, 7971, 2181, 7267, 3103, 2820, 2842, 1699, 3983, 3973, 7948, 4751, 9143, 6760, 1957, 5382, 4142, 4152, 8591, 7442, 6689, 930, 6168, 976, 6715, 4539, 9791, 5710, 1051, 5249, 6691, 4056, 3342, 4251, 8204, 9449, 3608, 8826, 9991, 5605, 890, 5589, 3484, 3282, 6171, 7002, 5510, 5188, 1388, 4842, 320, 4756, 4100, 9636, 3669, 9945, 3765, 6314, 8070, 7510, 963, 6809, 3955, 8384, 8960, 7013, 2398, 9934, 2522, 2202, 1243, 4462, 893, 5610, 5718, 7998, 7985, 9662, 8718, 6797, 9512, 2086, 2814, 7376, 1124, 5546, 6416, 6752, 1846, 7583, 4028, 9916, 2841, 6387, 2903, 2097]
[1029, 2252, 3451, 7895, 8156, 7971, 2181, 7267, 3103, 2820, 2842, 1699, 3983, 3973, 7948, 4751, 9143, 6760, 1957, 5382, 4142, 4152, 8591, 7442, 6689, 930, 6168, 976, 6715, 4539, 9791, 5710, 1051, 5249, 6691, 4056, 3342, 4251, 8204, 9449, 3608, 8826, 9991, 5605, 890, 5589, 3484, 3282, 6171, 7002, 5510, 5188, 1388, 4842, 320, 4756, 4100, 9636, 3669, 9945, 3765, 6314, 8070, 7510, 963, 6809, 3955, 8384, 8960, 7013, 2398, 9934, 2522, 2202, 1243, 4462, 893, 5610, 5718, 7998, 7985, 9662, 8718, 6797, 9512, 2086, 2814, 7376, 1124, 5546, 6416, 6752, 1846, 7583, 4028, 9916, 2841, 6387, 2903, 2097]
[1029, 2252, 3451, 7895, 8156, 7971, 2181, 7267, 3103, 2820, 2842, 1699, 3983, 3973, 7948, 4751, 9143, 6760, 1957, 5382, 4142, 4152, 8591, 7442, 6689, 930, 6168, 976, 6715, 4539, 9791, 5710, 1051, 5249, 6691, 4056, 3342, 4251, 8204, 9449, 3608, 8826, 9991, 5605, 890, 5589, 3484, 3282, 6171, 7002, 5510, 5188, 1388, 4842, 320, 4756, 4100, 9636, 3669, 9945, 3765, 6314, 8070, 7510, 963, 6809, 3955, 8384, 8960, 7013, 2398, 9934, 2522, 2202, 1243, 4462, 893, 5610, 5718, 7998, 7985, 9662, 8718, 6797, 9512, 2086, 2814, 7376, 1124, 5546, 6416, 6752, 1846, 7583, 4028, 9916, 2841, 6387, 2903, 2097]
[1029, 2252, 3451, 7895, 8156, 7971, 2181, 7267, 3103, 2820, 2842, 1699, 3983, 3973, 7948, 4751, 9143, 6760, 1957, 5382, 4142, 4152, 8591, 7442, 6689, 930, 6168, 976, 6715, 4539, 9791, 5710, 1051, 5249, 6691, 4056, 3342, 4251, 8204, 9449, 3608, 8826, 9991, 5605, 890, 5589, 3484, 3282, 6171, 7002, 5510, 5188, 1388, 4842, 320, 4756, 4100, 9636, 3669, 9945, 3765, 6314, 8070, 7510, 963, 6809, 3955, 8384, 8960, 7013, 2398, 9934, 2522, 2202, 1243, 4462, 893, 5610, 5718, 7998, 7985, 9662, 8718, 6797, 9512, 2086, 2814, 7376, 1124, 5546, 6416, 6752, 1846, 7583, 4028, 9916, 2841, 6387, 2903, 2097]
[1029, 2252, 3451, 7895, 8156, 7971, 2181, 7267, 3103, 2820, 2842, 1699, 3983, 3973, 7948, 4751, 9143, 6760, 1957, 5382, 4142, 4152, 8591, 7442, 6689, 930, 6168, 976, 6715, 4539, 9791, 5710, 1051, 5249, 6691, 4056, 3342, 4251, 8204, 9449, 3608, 8826, 9991, 5605, 890, 5589, 3484, 3282, 6171, 7002, 5510, 5188, 1388, 4842, 320, 4756, 4100, 9636, 3669, 9945, 3765, 6314, 8070, 7510, 963, 6809, 3955, 8384, 8960, 7013, 2398, 9934, 2522, 2202, 1243, 4462, 893, 5610, 5718, 7998, 7985, 9662, 8718, 6797, 9512, 2086, 2814, 7376, 1124, 5546, 6416, 6752, 1846, 7583, 4028, 9916, 2841, 6387, 2903, 2097]
[1029, 2252, 3451, 7895, 8156, 7971, 2181, 7267, 3103, 2820, 2842, 1699, 3983, 3973, 7948, 4751, 9143, 6760, 1957, 5382, 4142, 4152, 8591, 7442, 6689, 930, 6168, 976, 6715, 4539, 9791, 5710, 1051, 5249, 6691, 4056, 3342, 4251, 8204, 9449, 3608, 8826, 9991, 5605, 890, 5589, 3484, 3282, 6171, 7002, 5510, 5188, 1388, 4842, 320, 4756, 4100, 9636, 3669, 9945, 3765, 6314, 8070, 7510, 963, 6809, 3955, 8384, 8960, 7013, 2398, 9934, 2522, 2202, 1243, 4462, 893, 5610, 5718, 7998, 7985, 9662, 8718, 6797, 9512, 2086, 2814, 7376, 1124, 5546, 6416, 6752, 1846, 7583, 4028, 9916, 2841, 6387, 2903, 2097]
[1029, 2252, 3451, 7895, 8156, 7971, 2181, 7267, 3103, 2820, 2842, 1699, 3983, 3973, 7948, 4751, 9143, 6760, 1957, 5382, 4142, 4152, 8591, 7442, 6689, 930, 6168, 976, 6715, 4539, 9791, 5710, 1051, 5249, 6691, 4056, 3342, 4251, 8204, 9449, 3608, 8826, 9991, 5605, 890, 5589, 3484, 3282, 6171, 7002, 5510, 5188, 1388, 4842, 320, 4756, 4100, 9636, 3669, 9945, 3765, 6314, 8070, 7510, 963, 6809, 3955, 8384, 8960, 7013, 2398, 9934, 2522, 2202, 1243, 4462, 893, 5610, 5718, 7998, 7985, 9662, 8718, 6797, 9512, 2086, 2814, 7376, 1124, 5546, 6416, 6752, 1846, 7583, 4028, 9916, 2841, 6387, 2903, 2097]
[1029, 2252, 3451, 7895, 8156, 7971, 2181, 7267, 3103, 2820, 2842, 1699, 3983, 3973, 7948, 4751, 9143, 6760, 1957, 5382, 4142, 4152, 8591, 7442, 6689, 930, 6168, 976, 6715, 4539, 9791, 5710, 1051, 5249, 6691, 4056, 3342, 4251, 8204, 9449, 3608, 8826, 9991, 5605, 890, 5589, 3484, 3282, 6171, 7002, 5510, 5188, 1388, 4842, 320, 4756, 4100, 9636, 3669, 9945, 3765, 6314, 8070, 7510, 963, 6809, 3955, 8384, 8960, 7013, 2398, 9934, 2522, 2202, 1243, 4462, 893, 5610, 5718, 7998, 7985, 9662, 8718, 6797, 9512, 2086, 2814, 7376, 1124, 5546, 6416, 6752, 1846, 7583, 4028, 9916, 2841, 6387, 2903, 2097]
[1029, 2252, 3451, 7895, 8156, 7971, 2181, 7267, 3103, 2820, 2842, 1699, 3983, 3973, 7948, 4751, 9143, 6760, 1957, 5382, 4142, 4152, 8591, 7442, 6689, 930, 6168, 976, 6715, 4539, 9791, 5710, 1051, 5249, 6691, 4056, 3342, 4251, 8204, 9449, 3608, 8826, 9991, 5605, 890, 5589, 3484, 3282, 6171, 7002, 5510, 5188, 1388, 4842, 320, 4756, 4100, 9636, 3669, 9945, 3765, 6314, 8070, 7510, 963, 6809, 3955, 8384, 8960, 7013, 2398, 9934, 2522, 2202, 1243, 4462, 893, 5610, 5718, 7998, 7985, 9662, 8718, 6797, 9512, 2086, 2814, 7376, 1124, 5546, 6416, 6752, 1846, 7583, 4028, 9916, 2841, 6387, 2903, 2097]
[1029, 2252, 3451, 7895, 8156, 7971, 2181, 7267, 3103, 2820, 2842, 1699, 3983, 3973, 7948, 4751, 9143, 6760, 1957, 5382, 4142, 4152, 8591, 7442, 6689, 930, 6168, 976, 6715, 4539, 9791, 5710, 1051, 5249, 6691, 4056, 3342, 4251, 8204, 9449, 3608, 8826, 9991, 5605, 890, 5589, 3484, 3282, 6171, 7002, 5510, 5188, 1388, 4842, 320, 4756, 4100, 9636, 3669, 9945, 3765, 6314, 8070, 7510, 963, 6809, 3955, 8384, 8960, 7013, 2398, 9934, 2522, 2202, 1243, 4462, 893, 5610, 5718, 7998, 7985, 9662, 8718, 6797, 9512, 2086, 2814, 7376, 1124, 5546, 6416, 6752, 1846, 7583, 4028, 9916, 2841, 6387, 2903, 2097]
[1029, 2252, 3451, 7895, 8156, 7971, 2181, 7267, 3103, 2820, 2842, 1699, 3983, 3973, 7948, 4751, 9143, 6760, 1957, 5382, 4142, 4152, 8591, 7442, 6689, 930, 6168, 976, 6715, 4539, 9791, 5710, 1051, 5249, 6691, 4056, 3342, 4251, 8204, 9449, 3608, 8826, 9991, 5605, 890, 5589, 3484, 3282, 6171, 7002, 5510, 5188, 1388, 4842, 320, 4756, 4100, 9636, 3669, 9945, 3765, 6314, 8070, 7510, 963, 6809, 3955, 8384, 8960, 7013, 2398, 9934, 2522, 2202, 1243, 4462, 893, 5610, 5718, 7998, 7985, 9662, 8718, 6797, 9512, 2086, 2814, 7376, 1124, 5546, 6416, 6752, 1846, 7583, 4028, 9916, 2841, 6387, 2903, 2097]
[1029, 2252, 3451, 7895, 8156, 7971, 2181, 7267, 3103, 2820, 2842, 1699, 3983, 3973, 7948, 4751, 9143, 6760, 1957, 5382, 4142, 4152, 8591, 7442, 6689, 930, 6168, 976, 6715, 4539, 9791, 5710, 1051, 5249, 6691, 4056, 3342, 4251, 8204, 9449, 3608, 8826, 9991, 5605, 890, 5589, 3484, 3282, 6171, 7002, 5510, 5188, 1388, 4842, 320, 4756, 4100, 9636, 3669, 9945, 3765, 6314, 8070, 7510, 963, 6809, 3955, 8384, 8960, 7013, 2398, 9934, 2522, 2202, 1243, 4462, 893, 5610, 5718, 7998, 7985, 9662, 8718, 6797, 9512, 2086, 2814, 7376, 1124, 5546, 6416, 6752, 1846, 7583, 4028, 9916, 2841, 6387, 2903, 2097]
[1029, 2252, 3451, 7895, 8156, 7971, 2181, 7267, 3103, 2820, 2842, 1699, 3983, 3973, 7948, 4751, 9143, 6760, 1957, 5382, 4142, 4152, 8591, 7442, 6689, 930, 6168, 976, 6715, 4539, 9791, 5710, 1051, 5249, 6691, 4056, 3342, 4251, 8204, 9449, 3608, 8826, 9991, 5605, 890, 5589, 3484, 3282, 6171, 7002, 5510, 5188, 1388, 4842, 320, 4756, 4100, 9636, 3669, 9945, 3765, 6314, 8070, 7510, 963, 6809, 3955, 8384, 8960, 7013, 2398, 9934, 2522, 2202, 1243, 4462, 893, 5610, 5718, 7998, 7985, 9662, 8718, 6797, 9512, 2086, 2814, 7376, 1124, 5546, 6416, 6752, 1846, 7583, 4028, 9916, 2841, 6387, 2903, 2097]
[1029, 2252, 3451, 7895, 8156, 7971, 2181, 7267, 3103, 2820, 2842, 1699, 3983, 3973, 7948, 4751, 9143, 6760, 1957, 5382, 4142, 4152, 8591, 7442, 6689, 930, 6168, 976, 6715, 4539, 9791, 5710, 1051, 5249, 6691, 4056, 3342, 4251, 8204, 9449, 3608, 8826, 9991, 5605, 890, 5589, 3484, 3282, 6171, 7002, 5510, 5188, 1388, 4842, 320, 4756, 4100, 9636, 3669, 9945, 3765, 6314, 8070, 7510, 963, 6809, 3955, 8384, 8960, 7013, 2398, 9934, 2522, 2202, 1243, 4462, 893, 5610, 5718, 7998, 7985, 9662, 8718, 6797, 9512, 2086, 2814, 7376, 1124, 5546, 6416, 6752, 1846, 7583, 4028, 9916, 2841, 6387, 2903, 2097]
[1029, 2252, 3451, 7895, 8156, 7971, 2181, 7267, 3103, 2820, 2842, 1699, 3983, 3973, 7948, 4751, 9143, 6760, 1957, 5382, 4142, 4152, 8591, 7442, 6689, 930, 6168, 976, 6715, 4539, 9791, 5710, 1051, 5249, 6691, 4056, 3342, 4251, 8204, 9449, 3608, 8826, 9991, 5605, 890, 5589, 3484, 3282, 6171, 7002, 5510, 5188, 1388, 4842, 320, 4756, 4100, 9636, 3669, 9945, 3765, 6314, 8070, 7510, 963, 6809, 3955, 8384, 8960, 7013, 2398, 9934, 2522, 2202, 1243, 4462, 893, 5610, 5718, 7998, 7985, 9662, 8718, 6797, 9512, 2086, 2814, 7376, 1124, 5546, 6416, 6752, 1846, 7583, 4028, 9916, 2841, 6387, 2903, 2097]
