Fault List:
143
143
143
143
143
143
143
143
143
143
143
143
143
143
143
143
143
143
143
143
143
143
143
143
143
143
143
143
143
143
FDR List:
0.286
0.286
0.286
0.286
0.286
0.286
0.286
0.286
0.286
0.286
0.286
0.286
0.286
0.286
0.286
0.286
0.286
0.286
0.286
0.286
0.286
0.286
0.286
0.286
0.286
0.286
0.286
0.286
0.286
0.286
Time List:
6.70238995552063
6.60962700843811
6.049428939819336
9.829259157180786
13.447504758834839
13.658704042434692
11.404597997665405
11.016134262084961
9.744020938873291
8.820921897888184
8.90722918510437
14.13879919052124
13.99207592010498
10.955763816833496
10.17678689956665
9.696129083633423
10.118473291397095
8.465227127075195
8.086061954498291
8.471658945083618
7.40372109413147
9.442358016967773
10.748063087463379
10.718541860580444
11.668615818023682
13.331775903701782
12.19483494758606
10.304964780807495
10.158400058746338
11.02842903137207
Subset List:
[188, 6646, 1287, 1120, 3549, 16576, 1610, 13618, 2535, 15070, 2533, 5998, 7417, 1676, 7414, 6697, 1130, 10748, 6655, 6678, 6651, 1369, 3553, 19352, 13613, 1682, 14247, 6698, 7419, 12509, 18990, 6700, 18866, 13431, 6647, 19353, 18938, 1322, 18867, 13569, 18980, 1351, 1869, 1605, 1323, 16586, 1813, 1328, 187, 1603, 18988, 1127, 183, 16572, 1350, 1457, 13611, 1688, 12892, 7382, 18874, 22016, 1159, 7400, 18998, 1212, 19077, 2527, 6642, 15442, 1321, 13578, 6548, 18978, 13614, 6526, 6677, 13612, 19007, 13606, 3550, 12483, 15149, 19350, 1219, 3579, 2554, 12630, 13567, 1342, 8935, 14214, 1346, 1324, 18994, 1722, 18937, 1687, 19400, 7130, 196, 5408, 5995, 15142, 21373, 182, 6682, 18997, 6640, 3073, 1313, 4835, 206, 19004, 1275, 1312, 7119, 1616, 12984, 3069, 12670, 2529, 6693, 2526, 18919, 7129, 1224, 19311, 172, 1122, 2592, 6681, 1179, 19003, 1765, 13616, 12646, 19076, 1375, 8900, 12495, 1772, 7402, 19026, 1681, 3025, 14258, 18967, 1710, 14224, 2581, 1316, 1641, 13847, 7420, 12537, 1712, 286, 8932, 1830, 11640, 6004, 12511, 12779, 19399, 13568, 18963, 5266, 1685, 7406, 7399, 5990, 7055, 8915, 1237, 18996, 12491, 1304, 2562, 6475, 6644, 6641, 1699, 18956, 3556, 19024, 1683, 6493, 12471, 19358, 1776, 16025, 2605, 21477, 7112, 12985, 18979, 3577, 7421, 3027, 7127, 1124, 7094, 15073, 7053, 19012, 2543, 1286, 7410, 1871, 5387, 1613, 1235, 18960, 19384, 12504, 3066, 16556, 1282, 1344, 18864, 5994, 1160, 1311, 12649, 1388, 18981, 16577, 13822, 19354, 1298, 11652, 15118, 16585, 18982, 3596, 7125, 3615, 19009, 8930, 16557, 1764, 1305, 16578, 4856, 1315, 5392, 19615, 179, 18957, 1768, 1780, 1228, 2575, 18959, 237, 13401, 16566, 1297, 3552, 11852, 18865, 18934, 21471, 2578, 18972, 285, 6552, 5188, 2569, 16553, 1716, 1299, 1529, 6664, 18949, 13463, 7418, 12674, 2531, 1511, 15992, 15046, 1602, 15030, 12624, 1870, 14208, 12668, 7121, 8925, 18968, 4808, 1206, 12637, 1230, 1628, 1363, 15311, 13610, 5268, 1502, 3570, 1373, 12622, 7123, 1232, 7408, 18953, 1598, 5993, 1360, 19555, 13565, 6462, 19397, 1743, 15148, 1778, 1819, 13840, 7401, 16034, 3554, 7115, 1879, 6663, 1787, 1872, 1370, 1209, 1761, 19386, 2571, 1156, 13464, 13823, 21474, 19181, 1133, 16857, 13819, 1217, 18924, 16587, 1781, 195, 19392, 6219, 15079, 174, 5397, 8931, 15421, 16026, 3551, 2532, 3532, 11856, 19391, 1303, 1163, 1611, 16549, 4839, 13339, 5386, 12468, 1270, 15443, 16551, 16547, 15051, 15036, 1634, 12508, 1189, 4844, 11853, 18893, 13548, 19552, 5987, 14265, 1132, 18971, 6497, 1211, 14207, 1366, 2553, 19420, 1755, 2570, 3600, 14226, 1131, 16570, 8933, 15312, 1291, 16584, 12493, 18961, 1723, 331, 1461, 15313, 8913, 19554, 12788, 6934, 15085, 19589, 6541, 1215, 12488, 5409, 1300, 12680, 19393, 18945, 16565, 1392, 19360, 13340, 15080, 3047, 3612, 15430, 12469, 7116, 6520, 1732, 19550, 1793, 12658, 186, 5385, 18930, 1615, 209, 16561, 18920, 2548, 5396, 1141, 1704, 12667, 7409, 12461, 6695, 18886, 1817, 13538, 1784, 1221, 3573, 14262, 3536, 1620, 1614, 16575, 12669, 20458, 6661, 15989, 11643, 5264, 14200, 3572, 1220, 167, 6499, 12659, 199, 12526, 12627, 15103, 3026, 1814, 15425, 1364, 19357, 232, 178, 13849, 284, 12635, 5988, 287, 6500, 1139, 12457, 3065, 210, 1185, 19396, 10745, 212]
[188, 6646, 1287, 1120, 3549, 16576, 1610, 13618, 2535, 15070, 2533, 5998, 7417, 1676, 7414, 6697, 1130, 10748, 6655, 6678, 6651, 1369, 3553, 19352, 13613, 1682, 14247, 6698, 7419, 12509, 18990, 6700, 18866, 13431, 6647, 19353, 18938, 1322, 18867, 13569, 18980, 1351, 1869, 1605, 1323, 16586, 1813, 1328, 187, 1603, 18988, 1127, 183, 16572, 1350, 1457, 13611, 1688, 12892, 7382, 18874, 22016, 1159, 7400, 18998, 1212, 19077, 2527, 6642, 15442, 1321, 13578, 6548, 18978, 13614, 6526, 6677, 13612, 19007, 13606, 3550, 12483, 15149, 19350, 1219, 3579, 2554, 12630, 13567, 1342, 8935, 14214, 1346, 1324, 18994, 1722, 18937, 1687, 19400, 7130, 196, 5408, 5995, 15142, 21373, 182, 6682, 18997, 6640, 3073, 1313, 4835, 206, 19004, 1275, 1312, 7119, 1616, 12984, 3069, 12670, 2529, 6693, 2526, 18919, 7129, 1224, 19311, 172, 1122, 2592, 6681, 1179, 19003, 1765, 13616, 12646, 19076, 1375, 8900, 12495, 1772, 7402, 19026, 1681, 3025, 14258, 18967, 1710, 14224, 2581, 1316, 1641, 13847, 7420, 12537, 1712, 286, 8932, 1830, 11640, 6004, 12511, 12779, 19399, 13568, 18963, 5266, 1685, 7406, 7399, 5990, 7055, 8915, 1237, 18996, 12491, 1304, 2562, 6475, 6644, 6641, 1699, 18956, 3556, 19024, 1683, 6493, 12471, 19358, 1776, 16025, 2605, 21477, 7112, 12985, 18979, 3577, 7421, 3027, 7127, 1124, 7094, 15073, 7053, 19012, 2543, 1286, 7410, 1871, 5387, 1613, 1235, 18960, 19384, 12504, 3066, 16556, 1282, 1344, 18864, 5994, 1160, 1311, 12649, 1388, 18981, 16577, 13822, 19354, 1298, 11652, 15118, 16585, 18982, 3596, 7125, 3615, 19009, 8930, 16557, 1764, 1305, 16578, 4856, 1315, 5392, 19615, 179, 18957, 1768, 1780, 1228, 2575, 18959, 237, 13401, 16566, 1297, 3552, 11852, 18865, 18934, 21471, 2578, 18972, 285, 6552, 5188, 2569, 16553, 1716, 1299, 1529, 6664, 18949, 13463, 7418, 12674, 2531, 1511, 15992, 15046, 1602, 15030, 12624, 1870, 14208, 12668, 7121, 8925, 18968, 4808, 1206, 12637, 1230, 1628, 1363, 15311, 13610, 5268, 1502, 3570, 1373, 12622, 7123, 1232, 7408, 18953, 1598, 5993, 1360, 19555, 13565, 6462, 19397, 1743, 15148, 1778, 1819, 13840, 7401, 16034, 3554, 7115, 1879, 6663, 1787, 1872, 1370, 1209, 1761, 19386, 2571, 1156, 13464, 13823, 21474, 19181, 1133, 16857, 13819, 1217, 18924, 16587, 1781, 195, 19392, 6219, 15079, 174, 5397, 8931, 15421, 16026, 3551, 2532, 3532, 11856, 19391, 1303, 1163, 1611, 16549, 4839, 13339, 5386, 12468, 1270, 15443, 16551, 16547, 15051, 15036, 1634, 12508, 1189, 4844, 11853, 18893, 13548, 19552, 5987, 14265, 1132, 18971, 6497, 1211, 14207, 1366, 2553, 19420, 1755, 2570, 3600, 14226, 1131, 16570, 8933, 15312, 1291, 16584, 12493, 18961, 1723, 331, 1461, 15313, 8913, 19554, 12788, 6934, 15085, 19589, 6541, 1215, 12488, 5409, 1300, 12680, 19393, 18945, 16565, 1392, 19360, 13340, 15080, 3047, 3612, 15430, 12469, 7116, 6520, 1732, 19550, 1793, 12658, 186, 5385, 18930, 1615, 209, 16561, 18920, 2548, 5396, 1141, 1704, 12667, 7409, 12461, 6695, 18886, 1817, 13538, 1784, 1221, 3573, 14262, 3536, 1620, 1614, 16575, 12669, 20458, 6661, 15989, 11643, 5264, 14200, 3572, 1220, 167, 6499, 12659, 199, 12526, 12627, 15103, 3026, 1814, 15425, 1364, 19357, 232, 178, 13849, 284, 12635, 5988, 287, 6500, 1139, 12457, 3065, 210, 1185, 19396, 10745, 212]
[188, 6646, 1287, 1120, 3549, 16576, 1610, 13618, 2535, 15070, 2533, 5998, 7417, 1676, 7414, 6697, 1130, 10748, 6655, 6678, 6651, 1369, 3553, 19352, 13613, 1682, 14247, 6698, 7419, 12509, 18990, 6700, 18866, 13431, 6647, 19353, 18938, 1322, 18867, 13569, 18980, 1351, 1869, 1605, 1323, 16586, 1813, 1328, 187, 1603, 18988, 1127, 183, 16572, 1350, 1457, 13611, 1688, 12892, 7382, 18874, 22016, 1159, 7400, 18998, 1212, 19077, 2527, 6642, 15442, 1321, 13578, 6548, 18978, 13614, 6526, 6677, 13612, 19007, 13606, 3550, 12483, 15149, 19350, 1219, 3579, 2554, 12630, 13567, 1342, 8935, 14214, 1346, 1324, 18994, 1722, 18937, 1687, 19400, 7130, 196, 5408, 5995, 15142, 21373, 182, 6682, 18997, 6640, 3073, 1313, 4835, 206, 19004, 1275, 1312, 7119, 1616, 12984, 3069, 12670, 2529, 6693, 2526, 18919, 7129, 1224, 19311, 172, 1122, 2592, 6681, 1179, 19003, 1765, 13616, 12646, 19076, 1375, 8900, 12495, 1772, 7402, 19026, 1681, 3025, 14258, 18967, 1710, 14224, 2581, 1316, 1641, 13847, 7420, 12537, 1712, 286, 8932, 1830, 11640, 6004, 12511, 12779, 19399, 13568, 18963, 5266, 1685, 7406, 7399, 5990, 7055, 8915, 1237, 18996, 12491, 1304, 2562, 6475, 6644, 6641, 1699, 18956, 3556, 19024, 1683, 6493, 12471, 19358, 1776, 16025, 2605, 21477, 7112, 12985, 18979, 3577, 7421, 3027, 7127, 1124, 7094, 15073, 7053, 19012, 2543, 1286, 7410, 1871, 5387, 1613, 1235, 18960, 19384, 12504, 3066, 16556, 1282, 1344, 18864, 5994, 1160, 1311, 12649, 1388, 18981, 16577, 13822, 19354, 1298, 11652, 15118, 16585, 18982, 3596, 7125, 3615, 19009, 8930, 16557, 1764, 1305, 16578, 4856, 1315, 5392, 19615, 179, 18957, 1768, 1780, 1228, 2575, 18959, 237, 13401, 16566, 1297, 3552, 11852, 18865, 18934, 21471, 2578, 18972, 285, 6552, 5188, 2569, 16553, 1716, 1299, 1529, 6664, 18949, 13463, 7418, 12674, 2531, 1511, 15992, 15046, 1602, 15030, 12624, 1870, 14208, 12668, 7121, 8925, 18968, 4808, 1206, 12637, 1230, 1628, 1363, 15311, 13610, 5268, 1502, 3570, 1373, 12622, 7123, 1232, 7408, 18953, 1598, 5993, 1360, 19555, 13565, 6462, 19397, 1743, 15148, 1778, 1819, 13840, 7401, 16034, 3554, 7115, 1879, 6663, 1787, 1872, 1370, 1209, 1761, 19386, 2571, 1156, 13464, 13823, 21474, 19181, 1133, 16857, 13819, 1217, 18924, 16587, 1781, 195, 19392, 6219, 15079, 174, 5397, 8931, 15421, 16026, 3551, 2532, 3532, 11856, 19391, 1303, 1163, 1611, 16549, 4839, 13339, 5386, 12468, 1270, 15443, 16551, 16547, 15051, 15036, 1634, 12508, 1189, 4844, 11853, 18893, 13548, 19552, 5987, 14265, 1132, 18971, 6497, 1211, 14207, 1366, 2553, 19420, 1755, 2570, 3600, 14226, 1131, 16570, 8933, 15312, 1291, 16584, 12493, 18961, 1723, 331, 1461, 15313, 8913, 19554, 12788, 6934, 15085, 19589, 6541, 1215, 12488, 5409, 1300, 12680, 19393, 18945, 16565, 1392, 19360, 13340, 15080, 3047, 3612, 15430, 12469, 7116, 6520, 1732, 19550, 1793, 12658, 186, 5385, 18930, 1615, 209, 16561, 18920, 2548, 5396, 1141, 1704, 12667, 7409, 12461, 6695, 18886, 1817, 13538, 1784, 1221, 3573, 14262, 3536, 1620, 1614, 16575, 12669, 20458, 6661, 15989, 11643, 5264, 14200, 3572, 1220, 167, 6499, 12659, 199, 12526, 12627, 15103, 3026, 1814, 15425, 1364, 19357, 232, 178, 13849, 284, 12635, 5988, 287, 6500, 1139, 12457, 3065, 210, 1185, 19396, 10745, 212]
[188, 6646, 1287, 1120, 3549, 16576, 1610, 13618, 2535, 15070, 2533, 5998, 7417, 1676, 7414, 6697, 1130, 10748, 6655, 6678, 6651, 1369, 3553, 19352, 13613, 1682, 14247, 6698, 7419, 12509, 18990, 6700, 18866, 13431, 6647, 19353, 18938, 1322, 18867, 13569, 18980, 1351, 1869, 1605, 1323, 16586, 1813, 1328, 187, 1603, 18988, 1127, 183, 16572, 1350, 1457, 13611, 1688, 12892, 7382, 18874, 22016, 1159, 7400, 18998, 1212, 19077, 2527, 6642, 15442, 1321, 13578, 6548, 18978, 13614, 6526, 6677, 13612, 19007, 13606, 3550, 12483, 15149, 19350, 1219, 3579, 2554, 12630, 13567, 1342, 8935, 14214, 1346, 1324, 18994, 1722, 18937, 1687, 19400, 7130, 196, 5408, 5995, 15142, 21373, 182, 6682, 18997, 6640, 3073, 1313, 4835, 206, 19004, 1275, 1312, 7119, 1616, 12984, 3069, 12670, 2529, 6693, 2526, 18919, 7129, 1224, 19311, 172, 1122, 2592, 6681, 1179, 19003, 1765, 13616, 12646, 19076, 1375, 8900, 12495, 1772, 7402, 19026, 1681, 3025, 14258, 18967, 1710, 14224, 2581, 1316, 1641, 13847, 7420, 12537, 1712, 286, 8932, 1830, 11640, 6004, 12511, 12779, 19399, 13568, 18963, 5266, 1685, 7406, 7399, 5990, 7055, 8915, 1237, 18996, 12491, 1304, 2562, 6475, 6644, 6641, 1699, 18956, 3556, 19024, 1683, 6493, 12471, 19358, 1776, 16025, 2605, 21477, 7112, 12985, 18979, 3577, 7421, 3027, 7127, 1124, 7094, 15073, 7053, 19012, 2543, 1286, 7410, 1871, 5387, 1613, 1235, 18960, 19384, 12504, 3066, 16556, 1282, 1344, 18864, 5994, 1160, 1311, 12649, 1388, 18981, 16577, 13822, 19354, 1298, 11652, 15118, 16585, 18982, 3596, 7125, 3615, 19009, 8930, 16557, 1764, 1305, 16578, 4856, 1315, 5392, 19615, 179, 18957, 1768, 1780, 1228, 2575, 18959, 237, 13401, 16566, 1297, 3552, 11852, 18865, 18934, 21471, 2578, 18972, 285, 6552, 5188, 2569, 16553, 1716, 1299, 1529, 6664, 18949, 13463, 7418, 12674, 2531, 1511, 15992, 15046, 1602, 15030, 12624, 1870, 14208, 12668, 7121, 8925, 18968, 4808, 1206, 12637, 1230, 1628, 1363, 15311, 13610, 5268, 1502, 3570, 1373, 12622, 7123, 1232, 7408, 18953, 1598, 5993, 1360, 19555, 13565, 6462, 19397, 1743, 15148, 1778, 1819, 13840, 7401, 16034, 3554, 7115, 1879, 6663, 1787, 1872, 1370, 1209, 1761, 19386, 2571, 1156, 13464, 13823, 21474, 19181, 1133, 16857, 13819, 1217, 18924, 16587, 1781, 195, 19392, 6219, 15079, 174, 5397, 8931, 15421, 16026, 3551, 2532, 3532, 11856, 19391, 1303, 1163, 1611, 16549, 4839, 13339, 5386, 12468, 1270, 15443, 16551, 16547, 15051, 15036, 1634, 12508, 1189, 4844, 11853, 18893, 13548, 19552, 5987, 14265, 1132, 18971, 6497, 1211, 14207, 1366, 2553, 19420, 1755, 2570, 3600, 14226, 1131, 16570, 8933, 15312, 1291, 16584, 12493, 18961, 1723, 331, 1461, 15313, 8913, 19554, 12788, 6934, 15085, 19589, 6541, 1215, 12488, 5409, 1300, 12680, 19393, 18945, 16565, 1392, 19360, 13340, 15080, 3047, 3612, 15430, 12469, 7116, 6520, 1732, 19550, 1793, 12658, 186, 5385, 18930, 1615, 209, 16561, 18920, 2548, 5396, 1141, 1704, 12667, 7409, 12461, 6695, 18886, 1817, 13538, 1784, 1221, 3573, 14262, 3536, 1620, 1614, 16575, 12669, 20458, 6661, 15989, 11643, 5264, 14200, 3572, 1220, 167, 6499, 12659, 199, 12526, 12627, 15103, 3026, 1814, 15425, 1364, 19357, 232, 178, 13849, 284, 12635, 5988, 287, 6500, 1139, 12457, 3065, 210, 1185, 19396, 10745, 212]
[188, 6646, 1287, 1120, 3549, 16576, 1610, 13618, 2535, 15070, 2533, 5998, 7417, 1676, 7414, 6697, 1130, 10748, 6655, 6678, 6651, 1369, 3553, 19352, 13613, 1682, 14247, 6698, 7419, 12509, 18990, 6700, 18866, 13431, 6647, 19353, 18938, 1322, 18867, 13569, 18980, 1351, 1869, 1605, 1323, 16586, 1813, 1328, 187, 1603, 18988, 1127, 183, 16572, 1350, 1457, 13611, 1688, 12892, 7382, 18874, 22016, 1159, 7400, 18998, 1212, 19077, 2527, 6642, 15442, 1321, 13578, 6548, 18978, 13614, 6526, 6677, 13612, 19007, 13606, 3550, 12483, 15149, 19350, 1219, 3579, 2554, 12630, 13567, 1342, 8935, 14214, 1346, 1324, 18994, 1722, 18937, 1687, 19400, 7130, 196, 5408, 5995, 15142, 21373, 182, 6682, 18997, 6640, 3073, 1313, 4835, 206, 19004, 1275, 1312, 7119, 1616, 12984, 3069, 12670, 2529, 6693, 2526, 18919, 7129, 1224, 19311, 172, 1122, 2592, 6681, 1179, 19003, 1765, 13616, 12646, 19076, 1375, 8900, 12495, 1772, 7402, 19026, 1681, 3025, 14258, 18967, 1710, 14224, 2581, 1316, 1641, 13847, 7420, 12537, 1712, 286, 8932, 1830, 11640, 6004, 12511, 12779, 19399, 13568, 18963, 5266, 1685, 7406, 7399, 5990, 7055, 8915, 1237, 18996, 12491, 1304, 2562, 6475, 6644, 6641, 1699, 18956, 3556, 19024, 1683, 6493, 12471, 19358, 1776, 16025, 2605, 21477, 7112, 12985, 18979, 3577, 7421, 3027, 7127, 1124, 7094, 15073, 7053, 19012, 2543, 1286, 7410, 1871, 5387, 1613, 1235, 18960, 19384, 12504, 3066, 16556, 1282, 1344, 18864, 5994, 1160, 1311, 12649, 1388, 18981, 16577, 13822, 19354, 1298, 11652, 15118, 16585, 18982, 3596, 7125, 3615, 19009, 8930, 16557, 1764, 1305, 16578, 4856, 1315, 5392, 19615, 179, 18957, 1768, 1780, 1228, 2575, 18959, 237, 13401, 16566, 1297, 3552, 11852, 18865, 18934, 21471, 2578, 18972, 285, 6552, 5188, 2569, 16553, 1716, 1299, 1529, 6664, 18949, 13463, 7418, 12674, 2531, 1511, 15992, 15046, 1602, 15030, 12624, 1870, 14208, 12668, 7121, 8925, 18968, 4808, 1206, 12637, 1230, 1628, 1363, 15311, 13610, 5268, 1502, 3570, 1373, 12622, 7123, 1232, 7408, 18953, 1598, 5993, 1360, 19555, 13565, 6462, 19397, 1743, 15148, 1778, 1819, 13840, 7401, 16034, 3554, 7115, 1879, 6663, 1787, 1872, 1370, 1209, 1761, 19386, 2571, 1156, 13464, 13823, 21474, 19181, 1133, 16857, 13819, 1217, 18924, 16587, 1781, 195, 19392, 6219, 15079, 174, 5397, 8931, 15421, 16026, 3551, 2532, 3532, 11856, 19391, 1303, 1163, 1611, 16549, 4839, 13339, 5386, 12468, 1270, 15443, 16551, 16547, 15051, 15036, 1634, 12508, 1189, 4844, 11853, 18893, 13548, 19552, 5987, 14265, 1132, 18971, 6497, 1211, 14207, 1366, 2553, 19420, 1755, 2570, 3600, 14226, 1131, 16570, 8933, 15312, 1291, 16584, 12493, 18961, 1723, 331, 1461, 15313, 8913, 19554, 12788, 6934, 15085, 19589, 6541, 1215, 12488, 5409, 1300, 12680, 19393, 18945, 16565, 1392, 19360, 13340, 15080, 3047, 3612, 15430, 12469, 7116, 6520, 1732, 19550, 1793, 12658, 186, 5385, 18930, 1615, 209, 16561, 18920, 2548, 5396, 1141, 1704, 12667, 7409, 12461, 6695, 18886, 1817, 13538, 1784, 1221, 3573, 14262, 3536, 1620, 1614, 16575, 12669, 20458, 6661, 15989, 11643, 5264, 14200, 3572, 1220, 167, 6499, 12659, 199, 12526, 12627, 15103, 3026, 1814, 15425, 1364, 19357, 232, 178, 13849, 284, 12635, 5988, 287, 6500, 1139, 12457, 3065, 210, 1185, 19396, 10745, 212]
[188, 6646, 1287, 1120, 3549, 16576, 1610, 13618, 2535, 15070, 2533, 5998, 7417, 1676, 7414, 6697, 1130, 10748, 6655, 6678, 6651, 1369, 3553, 19352, 13613, 1682, 14247, 6698, 7419, 12509, 18990, 6700, 18866, 13431, 6647, 19353, 18938, 1322, 18867, 13569, 18980, 1351, 1869, 1605, 1323, 16586, 1813, 1328, 187, 1603, 18988, 1127, 183, 16572, 1350, 1457, 13611, 1688, 12892, 7382, 18874, 22016, 1159, 7400, 18998, 1212, 19077, 2527, 6642, 15442, 1321, 13578, 6548, 18978, 13614, 6526, 6677, 13612, 19007, 13606, 3550, 12483, 15149, 19350, 1219, 3579, 2554, 12630, 13567, 1342, 8935, 14214, 1346, 1324, 18994, 1722, 18937, 1687, 19400, 7130, 196, 5408, 5995, 15142, 21373, 182, 6682, 18997, 6640, 3073, 1313, 4835, 206, 19004, 1275, 1312, 7119, 1616, 12984, 3069, 12670, 2529, 6693, 2526, 18919, 7129, 1224, 19311, 172, 1122, 2592, 6681, 1179, 19003, 1765, 13616, 12646, 19076, 1375, 8900, 12495, 1772, 7402, 19026, 1681, 3025, 14258, 18967, 1710, 14224, 2581, 1316, 1641, 13847, 7420, 12537, 1712, 286, 8932, 1830, 11640, 6004, 12511, 12779, 19399, 13568, 18963, 5266, 1685, 7406, 7399, 5990, 7055, 8915, 1237, 18996, 12491, 1304, 2562, 6475, 6644, 6641, 1699, 18956, 3556, 19024, 1683, 6493, 12471, 19358, 1776, 16025, 2605, 21477, 7112, 12985, 18979, 3577, 7421, 3027, 7127, 1124, 7094, 15073, 7053, 19012, 2543, 1286, 7410, 1871, 5387, 1613, 1235, 18960, 19384, 12504, 3066, 16556, 1282, 1344, 18864, 5994, 1160, 1311, 12649, 1388, 18981, 16577, 13822, 19354, 1298, 11652, 15118, 16585, 18982, 3596, 7125, 3615, 19009, 8930, 16557, 1764, 1305, 16578, 4856, 1315, 5392, 19615, 179, 18957, 1768, 1780, 1228, 2575, 18959, 237, 13401, 16566, 1297, 3552, 11852, 18865, 18934, 21471, 2578, 18972, 285, 6552, 5188, 2569, 16553, 1716, 1299, 1529, 6664, 18949, 13463, 7418, 12674, 2531, 1511, 15992, 15046, 1602, 15030, 12624, 1870, 14208, 12668, 7121, 8925, 18968, 4808, 1206, 12637, 1230, 1628, 1363, 15311, 13610, 5268, 1502, 3570, 1373, 12622, 7123, 1232, 7408, 18953, 1598, 5993, 1360, 19555, 13565, 6462, 19397, 1743, 15148, 1778, 1819, 13840, 7401, 16034, 3554, 7115, 1879, 6663, 1787, 1872, 1370, 1209, 1761, 19386, 2571, 1156, 13464, 13823, 21474, 19181, 1133, 16857, 13819, 1217, 18924, 16587, 1781, 195, 19392, 6219, 15079, 174, 5397, 8931, 15421, 16026, 3551, 2532, 3532, 11856, 19391, 1303, 1163, 1611, 16549, 4839, 13339, 5386, 12468, 1270, 15443, 16551, 16547, 15051, 15036, 1634, 12508, 1189, 4844, 11853, 18893, 13548, 19552, 5987, 14265, 1132, 18971, 6497, 1211, 14207, 1366, 2553, 19420, 1755, 2570, 3600, 14226, 1131, 16570, 8933, 15312, 1291, 16584, 12493, 18961, 1723, 331, 1461, 15313, 8913, 19554, 12788, 6934, 15085, 19589, 6541, 1215, 12488, 5409, 1300, 12680, 19393, 18945, 16565, 1392, 19360, 13340, 15080, 3047, 3612, 15430, 12469, 7116, 6520, 1732, 19550, 1793, 12658, 186, 5385, 18930, 1615, 209, 16561, 18920, 2548, 5396, 1141, 1704, 12667, 7409, 12461, 6695, 18886, 1817, 13538, 1784, 1221, 3573, 14262, 3536, 1620, 1614, 16575, 12669, 20458, 6661, 15989, 11643, 5264, 14200, 3572, 1220, 167, 6499, 12659, 199, 12526, 12627, 15103, 3026, 1814, 15425, 1364, 19357, 232, 178, 13849, 284, 12635, 5988, 287, 6500, 1139, 12457, 3065, 210, 1185, 19396, 10745, 212]
[188, 6646, 1287, 1120, 3549, 16576, 1610, 13618, 2535, 15070, 2533, 5998, 7417, 1676, 7414, 6697, 1130, 10748, 6655, 6678, 6651, 1369, 3553, 19352, 13613, 1682, 14247, 6698, 7419, 12509, 18990, 6700, 18866, 13431, 6647, 19353, 18938, 1322, 18867, 13569, 18980, 1351, 1869, 1605, 1323, 16586, 1813, 1328, 187, 1603, 18988, 1127, 183, 16572, 1350, 1457, 13611, 1688, 12892, 7382, 18874, 22016, 1159, 7400, 18998, 1212, 19077, 2527, 6642, 15442, 1321, 13578, 6548, 18978, 13614, 6526, 6677, 13612, 19007, 13606, 3550, 12483, 15149, 19350, 1219, 3579, 2554, 12630, 13567, 1342, 8935, 14214, 1346, 1324, 18994, 1722, 18937, 1687, 19400, 7130, 196, 5408, 5995, 15142, 21373, 182, 6682, 18997, 6640, 3073, 1313, 4835, 206, 19004, 1275, 1312, 7119, 1616, 12984, 3069, 12670, 2529, 6693, 2526, 18919, 7129, 1224, 19311, 172, 1122, 2592, 6681, 1179, 19003, 1765, 13616, 12646, 19076, 1375, 8900, 12495, 1772, 7402, 19026, 1681, 3025, 14258, 18967, 1710, 14224, 2581, 1316, 1641, 13847, 7420, 12537, 1712, 286, 8932, 1830, 11640, 6004, 12511, 12779, 19399, 13568, 18963, 5266, 1685, 7406, 7399, 5990, 7055, 8915, 1237, 18996, 12491, 1304, 2562, 6475, 6644, 6641, 1699, 18956, 3556, 19024, 1683, 6493, 12471, 19358, 1776, 16025, 2605, 21477, 7112, 12985, 18979, 3577, 7421, 3027, 7127, 1124, 7094, 15073, 7053, 19012, 2543, 1286, 7410, 1871, 5387, 1613, 1235, 18960, 19384, 12504, 3066, 16556, 1282, 1344, 18864, 5994, 1160, 1311, 12649, 1388, 18981, 16577, 13822, 19354, 1298, 11652, 15118, 16585, 18982, 3596, 7125, 3615, 19009, 8930, 16557, 1764, 1305, 16578, 4856, 1315, 5392, 19615, 179, 18957, 1768, 1780, 1228, 2575, 18959, 237, 13401, 16566, 1297, 3552, 11852, 18865, 18934, 21471, 2578, 18972, 285, 6552, 5188, 2569, 16553, 1716, 1299, 1529, 6664, 18949, 13463, 7418, 12674, 2531, 1511, 15992, 15046, 1602, 15030, 12624, 1870, 14208, 12668, 7121, 8925, 18968, 4808, 1206, 12637, 1230, 1628, 1363, 15311, 13610, 5268, 1502, 3570, 1373, 12622, 7123, 1232, 7408, 18953, 1598, 5993, 1360, 19555, 13565, 6462, 19397, 1743, 15148, 1778, 1819, 13840, 7401, 16034, 3554, 7115, 1879, 6663, 1787, 1872, 1370, 1209, 1761, 19386, 2571, 1156, 13464, 13823, 21474, 19181, 1133, 16857, 13819, 1217, 18924, 16587, 1781, 195, 19392, 6219, 15079, 174, 5397, 8931, 15421, 16026, 3551, 2532, 3532, 11856, 19391, 1303, 1163, 1611, 16549, 4839, 13339, 5386, 12468, 1270, 15443, 16551, 16547, 15051, 15036, 1634, 12508, 1189, 4844, 11853, 18893, 13548, 19552, 5987, 14265, 1132, 18971, 6497, 1211, 14207, 1366, 2553, 19420, 1755, 2570, 3600, 14226, 1131, 16570, 8933, 15312, 1291, 16584, 12493, 18961, 1723, 331, 1461, 15313, 8913, 19554, 12788, 6934, 15085, 19589, 6541, 1215, 12488, 5409, 1300, 12680, 19393, 18945, 16565, 1392, 19360, 13340, 15080, 3047, 3612, 15430, 12469, 7116, 6520, 1732, 19550, 1793, 12658, 186, 5385, 18930, 1615, 209, 16561, 18920, 2548, 5396, 1141, 1704, 12667, 7409, 12461, 6695, 18886, 1817, 13538, 1784, 1221, 3573, 14262, 3536, 1620, 1614, 16575, 12669, 20458, 6661, 15989, 11643, 5264, 14200, 3572, 1220, 167, 6499, 12659, 199, 12526, 12627, 15103, 3026, 1814, 15425, 1364, 19357, 232, 178, 13849, 284, 12635, 5988, 287, 6500, 1139, 12457, 3065, 210, 1185, 19396, 10745, 212]
[188, 6646, 1287, 1120, 3549, 16576, 1610, 13618, 2535, 15070, 2533, 5998, 7417, 1676, 7414, 6697, 1130, 10748, 6655, 6678, 6651, 1369, 3553, 19352, 13613, 1682, 14247, 6698, 7419, 12509, 18990, 6700, 18866, 13431, 6647, 19353, 18938, 1322, 18867, 13569, 18980, 1351, 1869, 1605, 1323, 16586, 1813, 1328, 187, 1603, 18988, 1127, 183, 16572, 1350, 1457, 13611, 1688, 12892, 7382, 18874, 22016, 1159, 7400, 18998, 1212, 19077, 2527, 6642, 15442, 1321, 13578, 6548, 18978, 13614, 6526, 6677, 13612, 19007, 13606, 3550, 12483, 15149, 19350, 1219, 3579, 2554, 12630, 13567, 1342, 8935, 14214, 1346, 1324, 18994, 1722, 18937, 1687, 19400, 7130, 196, 5408, 5995, 15142, 21373, 182, 6682, 18997, 6640, 3073, 1313, 4835, 206, 19004, 1275, 1312, 7119, 1616, 12984, 3069, 12670, 2529, 6693, 2526, 18919, 7129, 1224, 19311, 172, 1122, 2592, 6681, 1179, 19003, 1765, 13616, 12646, 19076, 1375, 8900, 12495, 1772, 7402, 19026, 1681, 3025, 14258, 18967, 1710, 14224, 2581, 1316, 1641, 13847, 7420, 12537, 1712, 286, 8932, 1830, 11640, 6004, 12511, 12779, 19399, 13568, 18963, 5266, 1685, 7406, 7399, 5990, 7055, 8915, 1237, 18996, 12491, 1304, 2562, 6475, 6644, 6641, 1699, 18956, 3556, 19024, 1683, 6493, 12471, 19358, 1776, 16025, 2605, 21477, 7112, 12985, 18979, 3577, 7421, 3027, 7127, 1124, 7094, 15073, 7053, 19012, 2543, 1286, 7410, 1871, 5387, 1613, 1235, 18960, 19384, 12504, 3066, 16556, 1282, 1344, 18864, 5994, 1160, 1311, 12649, 1388, 18981, 16577, 13822, 19354, 1298, 11652, 15118, 16585, 18982, 3596, 7125, 3615, 19009, 8930, 16557, 1764, 1305, 16578, 4856, 1315, 5392, 19615, 179, 18957, 1768, 1780, 1228, 2575, 18959, 237, 13401, 16566, 1297, 3552, 11852, 18865, 18934, 21471, 2578, 18972, 285, 6552, 5188, 2569, 16553, 1716, 1299, 1529, 6664, 18949, 13463, 7418, 12674, 2531, 1511, 15992, 15046, 1602, 15030, 12624, 1870, 14208, 12668, 7121, 8925, 18968, 4808, 1206, 12637, 1230, 1628, 1363, 15311, 13610, 5268, 1502, 3570, 1373, 12622, 7123, 1232, 7408, 18953, 1598, 5993, 1360, 19555, 13565, 6462, 19397, 1743, 15148, 1778, 1819, 13840, 7401, 16034, 3554, 7115, 1879, 6663, 1787, 1872, 1370, 1209, 1761, 19386, 2571, 1156, 13464, 13823, 21474, 19181, 1133, 16857, 13819, 1217, 18924, 16587, 1781, 195, 19392, 6219, 15079, 174, 5397, 8931, 15421, 16026, 3551, 2532, 3532, 11856, 19391, 1303, 1163, 1611, 16549, 4839, 13339, 5386, 12468, 1270, 15443, 16551, 16547, 15051, 15036, 1634, 12508, 1189, 4844, 11853, 18893, 13548, 19552, 5987, 14265, 1132, 18971, 6497, 1211, 14207, 1366, 2553, 19420, 1755, 2570, 3600, 14226, 1131, 16570, 8933, 15312, 1291, 16584, 12493, 18961, 1723, 331, 1461, 15313, 8913, 19554, 12788, 6934, 15085, 19589, 6541, 1215, 12488, 5409, 1300, 12680, 19393, 18945, 16565, 1392, 19360, 13340, 15080, 3047, 3612, 15430, 12469, 7116, 6520, 1732, 19550, 1793, 12658, 186, 5385, 18930, 1615, 209, 16561, 18920, 2548, 5396, 1141, 1704, 12667, 7409, 12461, 6695, 18886, 1817, 13538, 1784, 1221, 3573, 14262, 3536, 1620, 1614, 16575, 12669, 20458, 6661, 15989, 11643, 5264, 14200, 3572, 1220, 167, 6499, 12659, 199, 12526, 12627, 15103, 3026, 1814, 15425, 1364, 19357, 232, 178, 13849, 284, 12635, 5988, 287, 6500, 1139, 12457, 3065, 210, 1185, 19396, 10745, 212]
[188, 6646, 1287, 1120, 3549, 16576, 1610, 13618, 2535, 15070, 2533, 5998, 7417, 1676, 7414, 6697, 1130, 10748, 6655, 6678, 6651, 1369, 3553, 19352, 13613, 1682, 14247, 6698, 7419, 12509, 18990, 6700, 18866, 13431, 6647, 19353, 18938, 1322, 18867, 13569, 18980, 1351, 1869, 1605, 1323, 16586, 1813, 1328, 187, 1603, 18988, 1127, 183, 16572, 1350, 1457, 13611, 1688, 12892, 7382, 18874, 22016, 1159, 7400, 18998, 1212, 19077, 2527, 6642, 15442, 1321, 13578, 6548, 18978, 13614, 6526, 6677, 13612, 19007, 13606, 3550, 12483, 15149, 19350, 1219, 3579, 2554, 12630, 13567, 1342, 8935, 14214, 1346, 1324, 18994, 1722, 18937, 1687, 19400, 7130, 196, 5408, 5995, 15142, 21373, 182, 6682, 18997, 6640, 3073, 1313, 4835, 206, 19004, 1275, 1312, 7119, 1616, 12984, 3069, 12670, 2529, 6693, 2526, 18919, 7129, 1224, 19311, 172, 1122, 2592, 6681, 1179, 19003, 1765, 13616, 12646, 19076, 1375, 8900, 12495, 1772, 7402, 19026, 1681, 3025, 14258, 18967, 1710, 14224, 2581, 1316, 1641, 13847, 7420, 12537, 1712, 286, 8932, 1830, 11640, 6004, 12511, 12779, 19399, 13568, 18963, 5266, 1685, 7406, 7399, 5990, 7055, 8915, 1237, 18996, 12491, 1304, 2562, 6475, 6644, 6641, 1699, 18956, 3556, 19024, 1683, 6493, 12471, 19358, 1776, 16025, 2605, 21477, 7112, 12985, 18979, 3577, 7421, 3027, 7127, 1124, 7094, 15073, 7053, 19012, 2543, 1286, 7410, 1871, 5387, 1613, 1235, 18960, 19384, 12504, 3066, 16556, 1282, 1344, 18864, 5994, 1160, 1311, 12649, 1388, 18981, 16577, 13822, 19354, 1298, 11652, 15118, 16585, 18982, 3596, 7125, 3615, 19009, 8930, 16557, 1764, 1305, 16578, 4856, 1315, 5392, 19615, 179, 18957, 1768, 1780, 1228, 2575, 18959, 237, 13401, 16566, 1297, 3552, 11852, 18865, 18934, 21471, 2578, 18972, 285, 6552, 5188, 2569, 16553, 1716, 1299, 1529, 6664, 18949, 13463, 7418, 12674, 2531, 1511, 15992, 15046, 1602, 15030, 12624, 1870, 14208, 12668, 7121, 8925, 18968, 4808, 1206, 12637, 1230, 1628, 1363, 15311, 13610, 5268, 1502, 3570, 1373, 12622, 7123, 1232, 7408, 18953, 1598, 5993, 1360, 19555, 13565, 6462, 19397, 1743, 15148, 1778, 1819, 13840, 7401, 16034, 3554, 7115, 1879, 6663, 1787, 1872, 1370, 1209, 1761, 19386, 2571, 1156, 13464, 13823, 21474, 19181, 1133, 16857, 13819, 1217, 18924, 16587, 1781, 195, 19392, 6219, 15079, 174, 5397, 8931, 15421, 16026, 3551, 2532, 3532, 11856, 19391, 1303, 1163, 1611, 16549, 4839, 13339, 5386, 12468, 1270, 15443, 16551, 16547, 15051, 15036, 1634, 12508, 1189, 4844, 11853, 18893, 13548, 19552, 5987, 14265, 1132, 18971, 6497, 1211, 14207, 1366, 2553, 19420, 1755, 2570, 3600, 14226, 1131, 16570, 8933, 15312, 1291, 16584, 12493, 18961, 1723, 331, 1461, 15313, 8913, 19554, 12788, 6934, 15085, 19589, 6541, 1215, 12488, 5409, 1300, 12680, 19393, 18945, 16565, 1392, 19360, 13340, 15080, 3047, 3612, 15430, 12469, 7116, 6520, 1732, 19550, 1793, 12658, 186, 5385, 18930, 1615, 209, 16561, 18920, 2548, 5396, 1141, 1704, 12667, 7409, 12461, 6695, 18886, 1817, 13538, 1784, 1221, 3573, 14262, 3536, 1620, 1614, 16575, 12669, 20458, 6661, 15989, 11643, 5264, 14200, 3572, 1220, 167, 6499, 12659, 199, 12526, 12627, 15103, 3026, 1814, 15425, 1364, 19357, 232, 178, 13849, 284, 12635, 5988, 287, 6500, 1139, 12457, 3065, 210, 1185, 19396, 10745, 212]
[188, 6646, 1287, 1120, 3549, 16576, 1610, 13618, 2535, 15070, 2533, 5998, 7417, 1676, 7414, 6697, 1130, 10748, 6655, 6678, 6651, 1369, 3553, 19352, 13613, 1682, 14247, 6698, 7419, 12509, 18990, 6700, 18866, 13431, 6647, 19353, 18938, 1322, 18867, 13569, 18980, 1351, 1869, 1605, 1323, 16586, 1813, 1328, 187, 1603, 18988, 1127, 183, 16572, 1350, 1457, 13611, 1688, 12892, 7382, 18874, 22016, 1159, 7400, 18998, 1212, 19077, 2527, 6642, 15442, 1321, 13578, 6548, 18978, 13614, 6526, 6677, 13612, 19007, 13606, 3550, 12483, 15149, 19350, 1219, 3579, 2554, 12630, 13567, 1342, 8935, 14214, 1346, 1324, 18994, 1722, 18937, 1687, 19400, 7130, 196, 5408, 5995, 15142, 21373, 182, 6682, 18997, 6640, 3073, 1313, 4835, 206, 19004, 1275, 1312, 7119, 1616, 12984, 3069, 12670, 2529, 6693, 2526, 18919, 7129, 1224, 19311, 172, 1122, 2592, 6681, 1179, 19003, 1765, 13616, 12646, 19076, 1375, 8900, 12495, 1772, 7402, 19026, 1681, 3025, 14258, 18967, 1710, 14224, 2581, 1316, 1641, 13847, 7420, 12537, 1712, 286, 8932, 1830, 11640, 6004, 12511, 12779, 19399, 13568, 18963, 5266, 1685, 7406, 7399, 5990, 7055, 8915, 1237, 18996, 12491, 1304, 2562, 6475, 6644, 6641, 1699, 18956, 3556, 19024, 1683, 6493, 12471, 19358, 1776, 16025, 2605, 21477, 7112, 12985, 18979, 3577, 7421, 3027, 7127, 1124, 7094, 15073, 7053, 19012, 2543, 1286, 7410, 1871, 5387, 1613, 1235, 18960, 19384, 12504, 3066, 16556, 1282, 1344, 18864, 5994, 1160, 1311, 12649, 1388, 18981, 16577, 13822, 19354, 1298, 11652, 15118, 16585, 18982, 3596, 7125, 3615, 19009, 8930, 16557, 1764, 1305, 16578, 4856, 1315, 5392, 19615, 179, 18957, 1768, 1780, 1228, 2575, 18959, 237, 13401, 16566, 1297, 3552, 11852, 18865, 18934, 21471, 2578, 18972, 285, 6552, 5188, 2569, 16553, 1716, 1299, 1529, 6664, 18949, 13463, 7418, 12674, 2531, 1511, 15992, 15046, 1602, 15030, 12624, 1870, 14208, 12668, 7121, 8925, 18968, 4808, 1206, 12637, 1230, 1628, 1363, 15311, 13610, 5268, 1502, 3570, 1373, 12622, 7123, 1232, 7408, 18953, 1598, 5993, 1360, 19555, 13565, 6462, 19397, 1743, 15148, 1778, 1819, 13840, 7401, 16034, 3554, 7115, 1879, 6663, 1787, 1872, 1370, 1209, 1761, 19386, 2571, 1156, 13464, 13823, 21474, 19181, 1133, 16857, 13819, 1217, 18924, 16587, 1781, 195, 19392, 6219, 15079, 174, 5397, 8931, 15421, 16026, 3551, 2532, 3532, 11856, 19391, 1303, 1163, 1611, 16549, 4839, 13339, 5386, 12468, 1270, 15443, 16551, 16547, 15051, 15036, 1634, 12508, 1189, 4844, 11853, 18893, 13548, 19552, 5987, 14265, 1132, 18971, 6497, 1211, 14207, 1366, 2553, 19420, 1755, 2570, 3600, 14226, 1131, 16570, 8933, 15312, 1291, 16584, 12493, 18961, 1723, 331, 1461, 15313, 8913, 19554, 12788, 6934, 15085, 19589, 6541, 1215, 12488, 5409, 1300, 12680, 19393, 18945, 16565, 1392, 19360, 13340, 15080, 3047, 3612, 15430, 12469, 7116, 6520, 1732, 19550, 1793, 12658, 186, 5385, 18930, 1615, 209, 16561, 18920, 2548, 5396, 1141, 1704, 12667, 7409, 12461, 6695, 18886, 1817, 13538, 1784, 1221, 3573, 14262, 3536, 1620, 1614, 16575, 12669, 20458, 6661, 15989, 11643, 5264, 14200, 3572, 1220, 167, 6499, 12659, 199, 12526, 12627, 15103, 3026, 1814, 15425, 1364, 19357, 232, 178, 13849, 284, 12635, 5988, 287, 6500, 1139, 12457, 3065, 210, 1185, 19396, 10745, 212]
[188, 6646, 1287, 1120, 3549, 16576, 1610, 13618, 2535, 15070, 2533, 5998, 7417, 1676, 7414, 6697, 1130, 10748, 6655, 6678, 6651, 1369, 3553, 19352, 13613, 1682, 14247, 6698, 7419, 12509, 18990, 6700, 18866, 13431, 6647, 19353, 18938, 1322, 18867, 13569, 18980, 1351, 1869, 1605, 1323, 16586, 1813, 1328, 187, 1603, 18988, 1127, 183, 16572, 1350, 1457, 13611, 1688, 12892, 7382, 18874, 22016, 1159, 7400, 18998, 1212, 19077, 2527, 6642, 15442, 1321, 13578, 6548, 18978, 13614, 6526, 6677, 13612, 19007, 13606, 3550, 12483, 15149, 19350, 1219, 3579, 2554, 12630, 13567, 1342, 8935, 14214, 1346, 1324, 18994, 1722, 18937, 1687, 19400, 7130, 196, 5408, 5995, 15142, 21373, 182, 6682, 18997, 6640, 3073, 1313, 4835, 206, 19004, 1275, 1312, 7119, 1616, 12984, 3069, 12670, 2529, 6693, 2526, 18919, 7129, 1224, 19311, 172, 1122, 2592, 6681, 1179, 19003, 1765, 13616, 12646, 19076, 1375, 8900, 12495, 1772, 7402, 19026, 1681, 3025, 14258, 18967, 1710, 14224, 2581, 1316, 1641, 13847, 7420, 12537, 1712, 286, 8932, 1830, 11640, 6004, 12511, 12779, 19399, 13568, 18963, 5266, 1685, 7406, 7399, 5990, 7055, 8915, 1237, 18996, 12491, 1304, 2562, 6475, 6644, 6641, 1699, 18956, 3556, 19024, 1683, 6493, 12471, 19358, 1776, 16025, 2605, 21477, 7112, 12985, 18979, 3577, 7421, 3027, 7127, 1124, 7094, 15073, 7053, 19012, 2543, 1286, 7410, 1871, 5387, 1613, 1235, 18960, 19384, 12504, 3066, 16556, 1282, 1344, 18864, 5994, 1160, 1311, 12649, 1388, 18981, 16577, 13822, 19354, 1298, 11652, 15118, 16585, 18982, 3596, 7125, 3615, 19009, 8930, 16557, 1764, 1305, 16578, 4856, 1315, 5392, 19615, 179, 18957, 1768, 1780, 1228, 2575, 18959, 237, 13401, 16566, 1297, 3552, 11852, 18865, 18934, 21471, 2578, 18972, 285, 6552, 5188, 2569, 16553, 1716, 1299, 1529, 6664, 18949, 13463, 7418, 12674, 2531, 1511, 15992, 15046, 1602, 15030, 12624, 1870, 14208, 12668, 7121, 8925, 18968, 4808, 1206, 12637, 1230, 1628, 1363, 15311, 13610, 5268, 1502, 3570, 1373, 12622, 7123, 1232, 7408, 18953, 1598, 5993, 1360, 19555, 13565, 6462, 19397, 1743, 15148, 1778, 1819, 13840, 7401, 16034, 3554, 7115, 1879, 6663, 1787, 1872, 1370, 1209, 1761, 19386, 2571, 1156, 13464, 13823, 21474, 19181, 1133, 16857, 13819, 1217, 18924, 16587, 1781, 195, 19392, 6219, 15079, 174, 5397, 8931, 15421, 16026, 3551, 2532, 3532, 11856, 19391, 1303, 1163, 1611, 16549, 4839, 13339, 5386, 12468, 1270, 15443, 16551, 16547, 15051, 15036, 1634, 12508, 1189, 4844, 11853, 18893, 13548, 19552, 5987, 14265, 1132, 18971, 6497, 1211, 14207, 1366, 2553, 19420, 1755, 2570, 3600, 14226, 1131, 16570, 8933, 15312, 1291, 16584, 12493, 18961, 1723, 331, 1461, 15313, 8913, 19554, 12788, 6934, 15085, 19589, 6541, 1215, 12488, 5409, 1300, 12680, 19393, 18945, 16565, 1392, 19360, 13340, 15080, 3047, 3612, 15430, 12469, 7116, 6520, 1732, 19550, 1793, 12658, 186, 5385, 18930, 1615, 209, 16561, 18920, 2548, 5396, 1141, 1704, 12667, 7409, 12461, 6695, 18886, 1817, 13538, 1784, 1221, 3573, 14262, 3536, 1620, 1614, 16575, 12669, 20458, 6661, 15989, 11643, 5264, 14200, 3572, 1220, 167, 6499, 12659, 199, 12526, 12627, 15103, 3026, 1814, 15425, 1364, 19357, 232, 178, 13849, 284, 12635, 5988, 287, 6500, 1139, 12457, 3065, 210, 1185, 19396, 10745, 212]
[188, 6646, 1287, 1120, 3549, 16576, 1610, 13618, 2535, 15070, 2533, 5998, 7417, 1676, 7414, 6697, 1130, 10748, 6655, 6678, 6651, 1369, 3553, 19352, 13613, 1682, 14247, 6698, 7419, 12509, 18990, 6700, 18866, 13431, 6647, 19353, 18938, 1322, 18867, 13569, 18980, 1351, 1869, 1605, 1323, 16586, 1813, 1328, 187, 1603, 18988, 1127, 183, 16572, 1350, 1457, 13611, 1688, 12892, 7382, 18874, 22016, 1159, 7400, 18998, 1212, 19077, 2527, 6642, 15442, 1321, 13578, 6548, 18978, 13614, 6526, 6677, 13612, 19007, 13606, 3550, 12483, 15149, 19350, 1219, 3579, 2554, 12630, 13567, 1342, 8935, 14214, 1346, 1324, 18994, 1722, 18937, 1687, 19400, 7130, 196, 5408, 5995, 15142, 21373, 182, 6682, 18997, 6640, 3073, 1313, 4835, 206, 19004, 1275, 1312, 7119, 1616, 12984, 3069, 12670, 2529, 6693, 2526, 18919, 7129, 1224, 19311, 172, 1122, 2592, 6681, 1179, 19003, 1765, 13616, 12646, 19076, 1375, 8900, 12495, 1772, 7402, 19026, 1681, 3025, 14258, 18967, 1710, 14224, 2581, 1316, 1641, 13847, 7420, 12537, 1712, 286, 8932, 1830, 11640, 6004, 12511, 12779, 19399, 13568, 18963, 5266, 1685, 7406, 7399, 5990, 7055, 8915, 1237, 18996, 12491, 1304, 2562, 6475, 6644, 6641, 1699, 18956, 3556, 19024, 1683, 6493, 12471, 19358, 1776, 16025, 2605, 21477, 7112, 12985, 18979, 3577, 7421, 3027, 7127, 1124, 7094, 15073, 7053, 19012, 2543, 1286, 7410, 1871, 5387, 1613, 1235, 18960, 19384, 12504, 3066, 16556, 1282, 1344, 18864, 5994, 1160, 1311, 12649, 1388, 18981, 16577, 13822, 19354, 1298, 11652, 15118, 16585, 18982, 3596, 7125, 3615, 19009, 8930, 16557, 1764, 1305, 16578, 4856, 1315, 5392, 19615, 179, 18957, 1768, 1780, 1228, 2575, 18959, 237, 13401, 16566, 1297, 3552, 11852, 18865, 18934, 21471, 2578, 18972, 285, 6552, 5188, 2569, 16553, 1716, 1299, 1529, 6664, 18949, 13463, 7418, 12674, 2531, 1511, 15992, 15046, 1602, 15030, 12624, 1870, 14208, 12668, 7121, 8925, 18968, 4808, 1206, 12637, 1230, 1628, 1363, 15311, 13610, 5268, 1502, 3570, 1373, 12622, 7123, 1232, 7408, 18953, 1598, 5993, 1360, 19555, 13565, 6462, 19397, 1743, 15148, 1778, 1819, 13840, 7401, 16034, 3554, 7115, 1879, 6663, 1787, 1872, 1370, 1209, 1761, 19386, 2571, 1156, 13464, 13823, 21474, 19181, 1133, 16857, 13819, 1217, 18924, 16587, 1781, 195, 19392, 6219, 15079, 174, 5397, 8931, 15421, 16026, 3551, 2532, 3532, 11856, 19391, 1303, 1163, 1611, 16549, 4839, 13339, 5386, 12468, 1270, 15443, 16551, 16547, 15051, 15036, 1634, 12508, 1189, 4844, 11853, 18893, 13548, 19552, 5987, 14265, 1132, 18971, 6497, 1211, 14207, 1366, 2553, 19420, 1755, 2570, 3600, 14226, 1131, 16570, 8933, 15312, 1291, 16584, 12493, 18961, 1723, 331, 1461, 15313, 8913, 19554, 12788, 6934, 15085, 19589, 6541, 1215, 12488, 5409, 1300, 12680, 19393, 18945, 16565, 1392, 19360, 13340, 15080, 3047, 3612, 15430, 12469, 7116, 6520, 1732, 19550, 1793, 12658, 186, 5385, 18930, 1615, 209, 16561, 18920, 2548, 5396, 1141, 1704, 12667, 7409, 12461, 6695, 18886, 1817, 13538, 1784, 1221, 3573, 14262, 3536, 1620, 1614, 16575, 12669, 20458, 6661, 15989, 11643, 5264, 14200, 3572, 1220, 167, 6499, 12659, 199, 12526, 12627, 15103, 3026, 1814, 15425, 1364, 19357, 232, 178, 13849, 284, 12635, 5988, 287, 6500, 1139, 12457, 3065, 210, 1185, 19396, 10745, 212]
[188, 6646, 1287, 1120, 3549, 16576, 1610, 13618, 2535, 15070, 2533, 5998, 7417, 1676, 7414, 6697, 1130, 10748, 6655, 6678, 6651, 1369, 3553, 19352, 13613, 1682, 14247, 6698, 7419, 12509, 18990, 6700, 18866, 13431, 6647, 19353, 18938, 1322, 18867, 13569, 18980, 1351, 1869, 1605, 1323, 16586, 1813, 1328, 187, 1603, 18988, 1127, 183, 16572, 1350, 1457, 13611, 1688, 12892, 7382, 18874, 22016, 1159, 7400, 18998, 1212, 19077, 2527, 6642, 15442, 1321, 13578, 6548, 18978, 13614, 6526, 6677, 13612, 19007, 13606, 3550, 12483, 15149, 19350, 1219, 3579, 2554, 12630, 13567, 1342, 8935, 14214, 1346, 1324, 18994, 1722, 18937, 1687, 19400, 7130, 196, 5408, 5995, 15142, 21373, 182, 6682, 18997, 6640, 3073, 1313, 4835, 206, 19004, 1275, 1312, 7119, 1616, 12984, 3069, 12670, 2529, 6693, 2526, 18919, 7129, 1224, 19311, 172, 1122, 2592, 6681, 1179, 19003, 1765, 13616, 12646, 19076, 1375, 8900, 12495, 1772, 7402, 19026, 1681, 3025, 14258, 18967, 1710, 14224, 2581, 1316, 1641, 13847, 7420, 12537, 1712, 286, 8932, 1830, 11640, 6004, 12511, 12779, 19399, 13568, 18963, 5266, 1685, 7406, 7399, 5990, 7055, 8915, 1237, 18996, 12491, 1304, 2562, 6475, 6644, 6641, 1699, 18956, 3556, 19024, 1683, 6493, 12471, 19358, 1776, 16025, 2605, 21477, 7112, 12985, 18979, 3577, 7421, 3027, 7127, 1124, 7094, 15073, 7053, 19012, 2543, 1286, 7410, 1871, 5387, 1613, 1235, 18960, 19384, 12504, 3066, 16556, 1282, 1344, 18864, 5994, 1160, 1311, 12649, 1388, 18981, 16577, 13822, 19354, 1298, 11652, 15118, 16585, 18982, 3596, 7125, 3615, 19009, 8930, 16557, 1764, 1305, 16578, 4856, 1315, 5392, 19615, 179, 18957, 1768, 1780, 1228, 2575, 18959, 237, 13401, 16566, 1297, 3552, 11852, 18865, 18934, 21471, 2578, 18972, 285, 6552, 5188, 2569, 16553, 1716, 1299, 1529, 6664, 18949, 13463, 7418, 12674, 2531, 1511, 15992, 15046, 1602, 15030, 12624, 1870, 14208, 12668, 7121, 8925, 18968, 4808, 1206, 12637, 1230, 1628, 1363, 15311, 13610, 5268, 1502, 3570, 1373, 12622, 7123, 1232, 7408, 18953, 1598, 5993, 1360, 19555, 13565, 6462, 19397, 1743, 15148, 1778, 1819, 13840, 7401, 16034, 3554, 7115, 1879, 6663, 1787, 1872, 1370, 1209, 1761, 19386, 2571, 1156, 13464, 13823, 21474, 19181, 1133, 16857, 13819, 1217, 18924, 16587, 1781, 195, 19392, 6219, 15079, 174, 5397, 8931, 15421, 16026, 3551, 2532, 3532, 11856, 19391, 1303, 1163, 1611, 16549, 4839, 13339, 5386, 12468, 1270, 15443, 16551, 16547, 15051, 15036, 1634, 12508, 1189, 4844, 11853, 18893, 13548, 19552, 5987, 14265, 1132, 18971, 6497, 1211, 14207, 1366, 2553, 19420, 1755, 2570, 3600, 14226, 1131, 16570, 8933, 15312, 1291, 16584, 12493, 18961, 1723, 331, 1461, 15313, 8913, 19554, 12788, 6934, 15085, 19589, 6541, 1215, 12488, 5409, 1300, 12680, 19393, 18945, 16565, 1392, 19360, 13340, 15080, 3047, 3612, 15430, 12469, 7116, 6520, 1732, 19550, 1793, 12658, 186, 5385, 18930, 1615, 209, 16561, 18920, 2548, 5396, 1141, 1704, 12667, 7409, 12461, 6695, 18886, 1817, 13538, 1784, 1221, 3573, 14262, 3536, 1620, 1614, 16575, 12669, 20458, 6661, 15989, 11643, 5264, 14200, 3572, 1220, 167, 6499, 12659, 199, 12526, 12627, 15103, 3026, 1814, 15425, 1364, 19357, 232, 178, 13849, 284, 12635, 5988, 287, 6500, 1139, 12457, 3065, 210, 1185, 19396, 10745, 212]
[188, 6646, 1287, 1120, 3549, 16576, 1610, 13618, 2535, 15070, 2533, 5998, 7417, 1676, 7414, 6697, 1130, 10748, 6655, 6678, 6651, 1369, 3553, 19352, 13613, 1682, 14247, 6698, 7419, 12509, 18990, 6700, 18866, 13431, 6647, 19353, 18938, 1322, 18867, 13569, 18980, 1351, 1869, 1605, 1323, 16586, 1813, 1328, 187, 1603, 18988, 1127, 183, 16572, 1350, 1457, 13611, 1688, 12892, 7382, 18874, 22016, 1159, 7400, 18998, 1212, 19077, 2527, 6642, 15442, 1321, 13578, 6548, 18978, 13614, 6526, 6677, 13612, 19007, 13606, 3550, 12483, 15149, 19350, 1219, 3579, 2554, 12630, 13567, 1342, 8935, 14214, 1346, 1324, 18994, 1722, 18937, 1687, 19400, 7130, 196, 5408, 5995, 15142, 21373, 182, 6682, 18997, 6640, 3073, 1313, 4835, 206, 19004, 1275, 1312, 7119, 1616, 12984, 3069, 12670, 2529, 6693, 2526, 18919, 7129, 1224, 19311, 172, 1122, 2592, 6681, 1179, 19003, 1765, 13616, 12646, 19076, 1375, 8900, 12495, 1772, 7402, 19026, 1681, 3025, 14258, 18967, 1710, 14224, 2581, 1316, 1641, 13847, 7420, 12537, 1712, 286, 8932, 1830, 11640, 6004, 12511, 12779, 19399, 13568, 18963, 5266, 1685, 7406, 7399, 5990, 7055, 8915, 1237, 18996, 12491, 1304, 2562, 6475, 6644, 6641, 1699, 18956, 3556, 19024, 1683, 6493, 12471, 19358, 1776, 16025, 2605, 21477, 7112, 12985, 18979, 3577, 7421, 3027, 7127, 1124, 7094, 15073, 7053, 19012, 2543, 1286, 7410, 1871, 5387, 1613, 1235, 18960, 19384, 12504, 3066, 16556, 1282, 1344, 18864, 5994, 1160, 1311, 12649, 1388, 18981, 16577, 13822, 19354, 1298, 11652, 15118, 16585, 18982, 3596, 7125, 3615, 19009, 8930, 16557, 1764, 1305, 16578, 4856, 1315, 5392, 19615, 179, 18957, 1768, 1780, 1228, 2575, 18959, 237, 13401, 16566, 1297, 3552, 11852, 18865, 18934, 21471, 2578, 18972, 285, 6552, 5188, 2569, 16553, 1716, 1299, 1529, 6664, 18949, 13463, 7418, 12674, 2531, 1511, 15992, 15046, 1602, 15030, 12624, 1870, 14208, 12668, 7121, 8925, 18968, 4808, 1206, 12637, 1230, 1628, 1363, 15311, 13610, 5268, 1502, 3570, 1373, 12622, 7123, 1232, 7408, 18953, 1598, 5993, 1360, 19555, 13565, 6462, 19397, 1743, 15148, 1778, 1819, 13840, 7401, 16034, 3554, 7115, 1879, 6663, 1787, 1872, 1370, 1209, 1761, 19386, 2571, 1156, 13464, 13823, 21474, 19181, 1133, 16857, 13819, 1217, 18924, 16587, 1781, 195, 19392, 6219, 15079, 174, 5397, 8931, 15421, 16026, 3551, 2532, 3532, 11856, 19391, 1303, 1163, 1611, 16549, 4839, 13339, 5386, 12468, 1270, 15443, 16551, 16547, 15051, 15036, 1634, 12508, 1189, 4844, 11853, 18893, 13548, 19552, 5987, 14265, 1132, 18971, 6497, 1211, 14207, 1366, 2553, 19420, 1755, 2570, 3600, 14226, 1131, 16570, 8933, 15312, 1291, 16584, 12493, 18961, 1723, 331, 1461, 15313, 8913, 19554, 12788, 6934, 15085, 19589, 6541, 1215, 12488, 5409, 1300, 12680, 19393, 18945, 16565, 1392, 19360, 13340, 15080, 3047, 3612, 15430, 12469, 7116, 6520, 1732, 19550, 1793, 12658, 186, 5385, 18930, 1615, 209, 16561, 18920, 2548, 5396, 1141, 1704, 12667, 7409, 12461, 6695, 18886, 1817, 13538, 1784, 1221, 3573, 14262, 3536, 1620, 1614, 16575, 12669, 20458, 6661, 15989, 11643, 5264, 14200, 3572, 1220, 167, 6499, 12659, 199, 12526, 12627, 15103, 3026, 1814, 15425, 1364, 19357, 232, 178, 13849, 284, 12635, 5988, 287, 6500, 1139, 12457, 3065, 210, 1185, 19396, 10745, 212]
[188, 6646, 1287, 1120, 3549, 16576, 1610, 13618, 2535, 15070, 2533, 5998, 7417, 1676, 7414, 6697, 1130, 10748, 6655, 6678, 6651, 1369, 3553, 19352, 13613, 1682, 14247, 6698, 7419, 12509, 18990, 6700, 18866, 13431, 6647, 19353, 18938, 1322, 18867, 13569, 18980, 1351, 1869, 1605, 1323, 16586, 1813, 1328, 187, 1603, 18988, 1127, 183, 16572, 1350, 1457, 13611, 1688, 12892, 7382, 18874, 22016, 1159, 7400, 18998, 1212, 19077, 2527, 6642, 15442, 1321, 13578, 6548, 18978, 13614, 6526, 6677, 13612, 19007, 13606, 3550, 12483, 15149, 19350, 1219, 3579, 2554, 12630, 13567, 1342, 8935, 14214, 1346, 1324, 18994, 1722, 18937, 1687, 19400, 7130, 196, 5408, 5995, 15142, 21373, 182, 6682, 18997, 6640, 3073, 1313, 4835, 206, 19004, 1275, 1312, 7119, 1616, 12984, 3069, 12670, 2529, 6693, 2526, 18919, 7129, 1224, 19311, 172, 1122, 2592, 6681, 1179, 19003, 1765, 13616, 12646, 19076, 1375, 8900, 12495, 1772, 7402, 19026, 1681, 3025, 14258, 18967, 1710, 14224, 2581, 1316, 1641, 13847, 7420, 12537, 1712, 286, 8932, 1830, 11640, 6004, 12511, 12779, 19399, 13568, 18963, 5266, 1685, 7406, 7399, 5990, 7055, 8915, 1237, 18996, 12491, 1304, 2562, 6475, 6644, 6641, 1699, 18956, 3556, 19024, 1683, 6493, 12471, 19358, 1776, 16025, 2605, 21477, 7112, 12985, 18979, 3577, 7421, 3027, 7127, 1124, 7094, 15073, 7053, 19012, 2543, 1286, 7410, 1871, 5387, 1613, 1235, 18960, 19384, 12504, 3066, 16556, 1282, 1344, 18864, 5994, 1160, 1311, 12649, 1388, 18981, 16577, 13822, 19354, 1298, 11652, 15118, 16585, 18982, 3596, 7125, 3615, 19009, 8930, 16557, 1764, 1305, 16578, 4856, 1315, 5392, 19615, 179, 18957, 1768, 1780, 1228, 2575, 18959, 237, 13401, 16566, 1297, 3552, 11852, 18865, 18934, 21471, 2578, 18972, 285, 6552, 5188, 2569, 16553, 1716, 1299, 1529, 6664, 18949, 13463, 7418, 12674, 2531, 1511, 15992, 15046, 1602, 15030, 12624, 1870, 14208, 12668, 7121, 8925, 18968, 4808, 1206, 12637, 1230, 1628, 1363, 15311, 13610, 5268, 1502, 3570, 1373, 12622, 7123, 1232, 7408, 18953, 1598, 5993, 1360, 19555, 13565, 6462, 19397, 1743, 15148, 1778, 1819, 13840, 7401, 16034, 3554, 7115, 1879, 6663, 1787, 1872, 1370, 1209, 1761, 19386, 2571, 1156, 13464, 13823, 21474, 19181, 1133, 16857, 13819, 1217, 18924, 16587, 1781, 195, 19392, 6219, 15079, 174, 5397, 8931, 15421, 16026, 3551, 2532, 3532, 11856, 19391, 1303, 1163, 1611, 16549, 4839, 13339, 5386, 12468, 1270, 15443, 16551, 16547, 15051, 15036, 1634, 12508, 1189, 4844, 11853, 18893, 13548, 19552, 5987, 14265, 1132, 18971, 6497, 1211, 14207, 1366, 2553, 19420, 1755, 2570, 3600, 14226, 1131, 16570, 8933, 15312, 1291, 16584, 12493, 18961, 1723, 331, 1461, 15313, 8913, 19554, 12788, 6934, 15085, 19589, 6541, 1215, 12488, 5409, 1300, 12680, 19393, 18945, 16565, 1392, 19360, 13340, 15080, 3047, 3612, 15430, 12469, 7116, 6520, 1732, 19550, 1793, 12658, 186, 5385, 18930, 1615, 209, 16561, 18920, 2548, 5396, 1141, 1704, 12667, 7409, 12461, 6695, 18886, 1817, 13538, 1784, 1221, 3573, 14262, 3536, 1620, 1614, 16575, 12669, 20458, 6661, 15989, 11643, 5264, 14200, 3572, 1220, 167, 6499, 12659, 199, 12526, 12627, 15103, 3026, 1814, 15425, 1364, 19357, 232, 178, 13849, 284, 12635, 5988, 287, 6500, 1139, 12457, 3065, 210, 1185, 19396, 10745, 212]
[188, 6646, 1287, 1120, 3549, 16576, 1610, 13618, 2535, 15070, 2533, 5998, 7417, 1676, 7414, 6697, 1130, 10748, 6655, 6678, 6651, 1369, 3553, 19352, 13613, 1682, 14247, 6698, 7419, 12509, 18990, 6700, 18866, 13431, 6647, 19353, 18938, 1322, 18867, 13569, 18980, 1351, 1869, 1605, 1323, 16586, 1813, 1328, 187, 1603, 18988, 1127, 183, 16572, 1350, 1457, 13611, 1688, 12892, 7382, 18874, 22016, 1159, 7400, 18998, 1212, 19077, 2527, 6642, 15442, 1321, 13578, 6548, 18978, 13614, 6526, 6677, 13612, 19007, 13606, 3550, 12483, 15149, 19350, 1219, 3579, 2554, 12630, 13567, 1342, 8935, 14214, 1346, 1324, 18994, 1722, 18937, 1687, 19400, 7130, 196, 5408, 5995, 15142, 21373, 182, 6682, 18997, 6640, 3073, 1313, 4835, 206, 19004, 1275, 1312, 7119, 1616, 12984, 3069, 12670, 2529, 6693, 2526, 18919, 7129, 1224, 19311, 172, 1122, 2592, 6681, 1179, 19003, 1765, 13616, 12646, 19076, 1375, 8900, 12495, 1772, 7402, 19026, 1681, 3025, 14258, 18967, 1710, 14224, 2581, 1316, 1641, 13847, 7420, 12537, 1712, 286, 8932, 1830, 11640, 6004, 12511, 12779, 19399, 13568, 18963, 5266, 1685, 7406, 7399, 5990, 7055, 8915, 1237, 18996, 12491, 1304, 2562, 6475, 6644, 6641, 1699, 18956, 3556, 19024, 1683, 6493, 12471, 19358, 1776, 16025, 2605, 21477, 7112, 12985, 18979, 3577, 7421, 3027, 7127, 1124, 7094, 15073, 7053, 19012, 2543, 1286, 7410, 1871, 5387, 1613, 1235, 18960, 19384, 12504, 3066, 16556, 1282, 1344, 18864, 5994, 1160, 1311, 12649, 1388, 18981, 16577, 13822, 19354, 1298, 11652, 15118, 16585, 18982, 3596, 7125, 3615, 19009, 8930, 16557, 1764, 1305, 16578, 4856, 1315, 5392, 19615, 179, 18957, 1768, 1780, 1228, 2575, 18959, 237, 13401, 16566, 1297, 3552, 11852, 18865, 18934, 21471, 2578, 18972, 285, 6552, 5188, 2569, 16553, 1716, 1299, 1529, 6664, 18949, 13463, 7418, 12674, 2531, 1511, 15992, 15046, 1602, 15030, 12624, 1870, 14208, 12668, 7121, 8925, 18968, 4808, 1206, 12637, 1230, 1628, 1363, 15311, 13610, 5268, 1502, 3570, 1373, 12622, 7123, 1232, 7408, 18953, 1598, 5993, 1360, 19555, 13565, 6462, 19397, 1743, 15148, 1778, 1819, 13840, 7401, 16034, 3554, 7115, 1879, 6663, 1787, 1872, 1370, 1209, 1761, 19386, 2571, 1156, 13464, 13823, 21474, 19181, 1133, 16857, 13819, 1217, 18924, 16587, 1781, 195, 19392, 6219, 15079, 174, 5397, 8931, 15421, 16026, 3551, 2532, 3532, 11856, 19391, 1303, 1163, 1611, 16549, 4839, 13339, 5386, 12468, 1270, 15443, 16551, 16547, 15051, 15036, 1634, 12508, 1189, 4844, 11853, 18893, 13548, 19552, 5987, 14265, 1132, 18971, 6497, 1211, 14207, 1366, 2553, 19420, 1755, 2570, 3600, 14226, 1131, 16570, 8933, 15312, 1291, 16584, 12493, 18961, 1723, 331, 1461, 15313, 8913, 19554, 12788, 6934, 15085, 19589, 6541, 1215, 12488, 5409, 1300, 12680, 19393, 18945, 16565, 1392, 19360, 13340, 15080, 3047, 3612, 15430, 12469, 7116, 6520, 1732, 19550, 1793, 12658, 186, 5385, 18930, 1615, 209, 16561, 18920, 2548, 5396, 1141, 1704, 12667, 7409, 12461, 6695, 18886, 1817, 13538, 1784, 1221, 3573, 14262, 3536, 1620, 1614, 16575, 12669, 20458, 6661, 15989, 11643, 5264, 14200, 3572, 1220, 167, 6499, 12659, 199, 12526, 12627, 15103, 3026, 1814, 15425, 1364, 19357, 232, 178, 13849, 284, 12635, 5988, 287, 6500, 1139, 12457, 3065, 210, 1185, 19396, 10745, 212]
[188, 6646, 1287, 1120, 3549, 16576, 1610, 13618, 2535, 15070, 2533, 5998, 7417, 1676, 7414, 6697, 1130, 10748, 6655, 6678, 6651, 1369, 3553, 19352, 13613, 1682, 14247, 6698, 7419, 12509, 18990, 6700, 18866, 13431, 6647, 19353, 18938, 1322, 18867, 13569, 18980, 1351, 1869, 1605, 1323, 16586, 1813, 1328, 187, 1603, 18988, 1127, 183, 16572, 1350, 1457, 13611, 1688, 12892, 7382, 18874, 22016, 1159, 7400, 18998, 1212, 19077, 2527, 6642, 15442, 1321, 13578, 6548, 18978, 13614, 6526, 6677, 13612, 19007, 13606, 3550, 12483, 15149, 19350, 1219, 3579, 2554, 12630, 13567, 1342, 8935, 14214, 1346, 1324, 18994, 1722, 18937, 1687, 19400, 7130, 196, 5408, 5995, 15142, 21373, 182, 6682, 18997, 6640, 3073, 1313, 4835, 206, 19004, 1275, 1312, 7119, 1616, 12984, 3069, 12670, 2529, 6693, 2526, 18919, 7129, 1224, 19311, 172, 1122, 2592, 6681, 1179, 19003, 1765, 13616, 12646, 19076, 1375, 8900, 12495, 1772, 7402, 19026, 1681, 3025, 14258, 18967, 1710, 14224, 2581, 1316, 1641, 13847, 7420, 12537, 1712, 286, 8932, 1830, 11640, 6004, 12511, 12779, 19399, 13568, 18963, 5266, 1685, 7406, 7399, 5990, 7055, 8915, 1237, 18996, 12491, 1304, 2562, 6475, 6644, 6641, 1699, 18956, 3556, 19024, 1683, 6493, 12471, 19358, 1776, 16025, 2605, 21477, 7112, 12985, 18979, 3577, 7421, 3027, 7127, 1124, 7094, 15073, 7053, 19012, 2543, 1286, 7410, 1871, 5387, 1613, 1235, 18960, 19384, 12504, 3066, 16556, 1282, 1344, 18864, 5994, 1160, 1311, 12649, 1388, 18981, 16577, 13822, 19354, 1298, 11652, 15118, 16585, 18982, 3596, 7125, 3615, 19009, 8930, 16557, 1764, 1305, 16578, 4856, 1315, 5392, 19615, 179, 18957, 1768, 1780, 1228, 2575, 18959, 237, 13401, 16566, 1297, 3552, 11852, 18865, 18934, 21471, 2578, 18972, 285, 6552, 5188, 2569, 16553, 1716, 1299, 1529, 6664, 18949, 13463, 7418, 12674, 2531, 1511, 15992, 15046, 1602, 15030, 12624, 1870, 14208, 12668, 7121, 8925, 18968, 4808, 1206, 12637, 1230, 1628, 1363, 15311, 13610, 5268, 1502, 3570, 1373, 12622, 7123, 1232, 7408, 18953, 1598, 5993, 1360, 19555, 13565, 6462, 19397, 1743, 15148, 1778, 1819, 13840, 7401, 16034, 3554, 7115, 1879, 6663, 1787, 1872, 1370, 1209, 1761, 19386, 2571, 1156, 13464, 13823, 21474, 19181, 1133, 16857, 13819, 1217, 18924, 16587, 1781, 195, 19392, 6219, 15079, 174, 5397, 8931, 15421, 16026, 3551, 2532, 3532, 11856, 19391, 1303, 1163, 1611, 16549, 4839, 13339, 5386, 12468, 1270, 15443, 16551, 16547, 15051, 15036, 1634, 12508, 1189, 4844, 11853, 18893, 13548, 19552, 5987, 14265, 1132, 18971, 6497, 1211, 14207, 1366, 2553, 19420, 1755, 2570, 3600, 14226, 1131, 16570, 8933, 15312, 1291, 16584, 12493, 18961, 1723, 331, 1461, 15313, 8913, 19554, 12788, 6934, 15085, 19589, 6541, 1215, 12488, 5409, 1300, 12680, 19393, 18945, 16565, 1392, 19360, 13340, 15080, 3047, 3612, 15430, 12469, 7116, 6520, 1732, 19550, 1793, 12658, 186, 5385, 18930, 1615, 209, 16561, 18920, 2548, 5396, 1141, 1704, 12667, 7409, 12461, 6695, 18886, 1817, 13538, 1784, 1221, 3573, 14262, 3536, 1620, 1614, 16575, 12669, 20458, 6661, 15989, 11643, 5264, 14200, 3572, 1220, 167, 6499, 12659, 199, 12526, 12627, 15103, 3026, 1814, 15425, 1364, 19357, 232, 178, 13849, 284, 12635, 5988, 287, 6500, 1139, 12457, 3065, 210, 1185, 19396, 10745, 212]
[188, 6646, 1287, 1120, 3549, 16576, 1610, 13618, 2535, 15070, 2533, 5998, 7417, 1676, 7414, 6697, 1130, 10748, 6655, 6678, 6651, 1369, 3553, 19352, 13613, 1682, 14247, 6698, 7419, 12509, 18990, 6700, 18866, 13431, 6647, 19353, 18938, 1322, 18867, 13569, 18980, 1351, 1869, 1605, 1323, 16586, 1813, 1328, 187, 1603, 18988, 1127, 183, 16572, 1350, 1457, 13611, 1688, 12892, 7382, 18874, 22016, 1159, 7400, 18998, 1212, 19077, 2527, 6642, 15442, 1321, 13578, 6548, 18978, 13614, 6526, 6677, 13612, 19007, 13606, 3550, 12483, 15149, 19350, 1219, 3579, 2554, 12630, 13567, 1342, 8935, 14214, 1346, 1324, 18994, 1722, 18937, 1687, 19400, 7130, 196, 5408, 5995, 15142, 21373, 182, 6682, 18997, 6640, 3073, 1313, 4835, 206, 19004, 1275, 1312, 7119, 1616, 12984, 3069, 12670, 2529, 6693, 2526, 18919, 7129, 1224, 19311, 172, 1122, 2592, 6681, 1179, 19003, 1765, 13616, 12646, 19076, 1375, 8900, 12495, 1772, 7402, 19026, 1681, 3025, 14258, 18967, 1710, 14224, 2581, 1316, 1641, 13847, 7420, 12537, 1712, 286, 8932, 1830, 11640, 6004, 12511, 12779, 19399, 13568, 18963, 5266, 1685, 7406, 7399, 5990, 7055, 8915, 1237, 18996, 12491, 1304, 2562, 6475, 6644, 6641, 1699, 18956, 3556, 19024, 1683, 6493, 12471, 19358, 1776, 16025, 2605, 21477, 7112, 12985, 18979, 3577, 7421, 3027, 7127, 1124, 7094, 15073, 7053, 19012, 2543, 1286, 7410, 1871, 5387, 1613, 1235, 18960, 19384, 12504, 3066, 16556, 1282, 1344, 18864, 5994, 1160, 1311, 12649, 1388, 18981, 16577, 13822, 19354, 1298, 11652, 15118, 16585, 18982, 3596, 7125, 3615, 19009, 8930, 16557, 1764, 1305, 16578, 4856, 1315, 5392, 19615, 179, 18957, 1768, 1780, 1228, 2575, 18959, 237, 13401, 16566, 1297, 3552, 11852, 18865, 18934, 21471, 2578, 18972, 285, 6552, 5188, 2569, 16553, 1716, 1299, 1529, 6664, 18949, 13463, 7418, 12674, 2531, 1511, 15992, 15046, 1602, 15030, 12624, 1870, 14208, 12668, 7121, 8925, 18968, 4808, 1206, 12637, 1230, 1628, 1363, 15311, 13610, 5268, 1502, 3570, 1373, 12622, 7123, 1232, 7408, 18953, 1598, 5993, 1360, 19555, 13565, 6462, 19397, 1743, 15148, 1778, 1819, 13840, 7401, 16034, 3554, 7115, 1879, 6663, 1787, 1872, 1370, 1209, 1761, 19386, 2571, 1156, 13464, 13823, 21474, 19181, 1133, 16857, 13819, 1217, 18924, 16587, 1781, 195, 19392, 6219, 15079, 174, 5397, 8931, 15421, 16026, 3551, 2532, 3532, 11856, 19391, 1303, 1163, 1611, 16549, 4839, 13339, 5386, 12468, 1270, 15443, 16551, 16547, 15051, 15036, 1634, 12508, 1189, 4844, 11853, 18893, 13548, 19552, 5987, 14265, 1132, 18971, 6497, 1211, 14207, 1366, 2553, 19420, 1755, 2570, 3600, 14226, 1131, 16570, 8933, 15312, 1291, 16584, 12493, 18961, 1723, 331, 1461, 15313, 8913, 19554, 12788, 6934, 15085, 19589, 6541, 1215, 12488, 5409, 1300, 12680, 19393, 18945, 16565, 1392, 19360, 13340, 15080, 3047, 3612, 15430, 12469, 7116, 6520, 1732, 19550, 1793, 12658, 186, 5385, 18930, 1615, 209, 16561, 18920, 2548, 5396, 1141, 1704, 12667, 7409, 12461, 6695, 18886, 1817, 13538, 1784, 1221, 3573, 14262, 3536, 1620, 1614, 16575, 12669, 20458, 6661, 15989, 11643, 5264, 14200, 3572, 1220, 167, 6499, 12659, 199, 12526, 12627, 15103, 3026, 1814, 15425, 1364, 19357, 232, 178, 13849, 284, 12635, 5988, 287, 6500, 1139, 12457, 3065, 210, 1185, 19396, 10745, 212]
[188, 6646, 1287, 1120, 3549, 16576, 1610, 13618, 2535, 15070, 2533, 5998, 7417, 1676, 7414, 6697, 1130, 10748, 6655, 6678, 6651, 1369, 3553, 19352, 13613, 1682, 14247, 6698, 7419, 12509, 18990, 6700, 18866, 13431, 6647, 19353, 18938, 1322, 18867, 13569, 18980, 1351, 1869, 1605, 1323, 16586, 1813, 1328, 187, 1603, 18988, 1127, 183, 16572, 1350, 1457, 13611, 1688, 12892, 7382, 18874, 22016, 1159, 7400, 18998, 1212, 19077, 2527, 6642, 15442, 1321, 13578, 6548, 18978, 13614, 6526, 6677, 13612, 19007, 13606, 3550, 12483, 15149, 19350, 1219, 3579, 2554, 12630, 13567, 1342, 8935, 14214, 1346, 1324, 18994, 1722, 18937, 1687, 19400, 7130, 196, 5408, 5995, 15142, 21373, 182, 6682, 18997, 6640, 3073, 1313, 4835, 206, 19004, 1275, 1312, 7119, 1616, 12984, 3069, 12670, 2529, 6693, 2526, 18919, 7129, 1224, 19311, 172, 1122, 2592, 6681, 1179, 19003, 1765, 13616, 12646, 19076, 1375, 8900, 12495, 1772, 7402, 19026, 1681, 3025, 14258, 18967, 1710, 14224, 2581, 1316, 1641, 13847, 7420, 12537, 1712, 286, 8932, 1830, 11640, 6004, 12511, 12779, 19399, 13568, 18963, 5266, 1685, 7406, 7399, 5990, 7055, 8915, 1237, 18996, 12491, 1304, 2562, 6475, 6644, 6641, 1699, 18956, 3556, 19024, 1683, 6493, 12471, 19358, 1776, 16025, 2605, 21477, 7112, 12985, 18979, 3577, 7421, 3027, 7127, 1124, 7094, 15073, 7053, 19012, 2543, 1286, 7410, 1871, 5387, 1613, 1235, 18960, 19384, 12504, 3066, 16556, 1282, 1344, 18864, 5994, 1160, 1311, 12649, 1388, 18981, 16577, 13822, 19354, 1298, 11652, 15118, 16585, 18982, 3596, 7125, 3615, 19009, 8930, 16557, 1764, 1305, 16578, 4856, 1315, 5392, 19615, 179, 18957, 1768, 1780, 1228, 2575, 18959, 237, 13401, 16566, 1297, 3552, 11852, 18865, 18934, 21471, 2578, 18972, 285, 6552, 5188, 2569, 16553, 1716, 1299, 1529, 6664, 18949, 13463, 7418, 12674, 2531, 1511, 15992, 15046, 1602, 15030, 12624, 1870, 14208, 12668, 7121, 8925, 18968, 4808, 1206, 12637, 1230, 1628, 1363, 15311, 13610, 5268, 1502, 3570, 1373, 12622, 7123, 1232, 7408, 18953, 1598, 5993, 1360, 19555, 13565, 6462, 19397, 1743, 15148, 1778, 1819, 13840, 7401, 16034, 3554, 7115, 1879, 6663, 1787, 1872, 1370, 1209, 1761, 19386, 2571, 1156, 13464, 13823, 21474, 19181, 1133, 16857, 13819, 1217, 18924, 16587, 1781, 195, 19392, 6219, 15079, 174, 5397, 8931, 15421, 16026, 3551, 2532, 3532, 11856, 19391, 1303, 1163, 1611, 16549, 4839, 13339, 5386, 12468, 1270, 15443, 16551, 16547, 15051, 15036, 1634, 12508, 1189, 4844, 11853, 18893, 13548, 19552, 5987, 14265, 1132, 18971, 6497, 1211, 14207, 1366, 2553, 19420, 1755, 2570, 3600, 14226, 1131, 16570, 8933, 15312, 1291, 16584, 12493, 18961, 1723, 331, 1461, 15313, 8913, 19554, 12788, 6934, 15085, 19589, 6541, 1215, 12488, 5409, 1300, 12680, 19393, 18945, 16565, 1392, 19360, 13340, 15080, 3047, 3612, 15430, 12469, 7116, 6520, 1732, 19550, 1793, 12658, 186, 5385, 18930, 1615, 209, 16561, 18920, 2548, 5396, 1141, 1704, 12667, 7409, 12461, 6695, 18886, 1817, 13538, 1784, 1221, 3573, 14262, 3536, 1620, 1614, 16575, 12669, 20458, 6661, 15989, 11643, 5264, 14200, 3572, 1220, 167, 6499, 12659, 199, 12526, 12627, 15103, 3026, 1814, 15425, 1364, 19357, 232, 178, 13849, 284, 12635, 5988, 287, 6500, 1139, 12457, 3065, 210, 1185, 19396, 10745, 212]
[188, 6646, 1287, 1120, 3549, 16576, 1610, 13618, 2535, 15070, 2533, 5998, 7417, 1676, 7414, 6697, 1130, 10748, 6655, 6678, 6651, 1369, 3553, 19352, 13613, 1682, 14247, 6698, 7419, 12509, 18990, 6700, 18866, 13431, 6647, 19353, 18938, 1322, 18867, 13569, 18980, 1351, 1869, 1605, 1323, 16586, 1813, 1328, 187, 1603, 18988, 1127, 183, 16572, 1350, 1457, 13611, 1688, 12892, 7382, 18874, 22016, 1159, 7400, 18998, 1212, 19077, 2527, 6642, 15442, 1321, 13578, 6548, 18978, 13614, 6526, 6677, 13612, 19007, 13606, 3550, 12483, 15149, 19350, 1219, 3579, 2554, 12630, 13567, 1342, 8935, 14214, 1346, 1324, 18994, 1722, 18937, 1687, 19400, 7130, 196, 5408, 5995, 15142, 21373, 182, 6682, 18997, 6640, 3073, 1313, 4835, 206, 19004, 1275, 1312, 7119, 1616, 12984, 3069, 12670, 2529, 6693, 2526, 18919, 7129, 1224, 19311, 172, 1122, 2592, 6681, 1179, 19003, 1765, 13616, 12646, 19076, 1375, 8900, 12495, 1772, 7402, 19026, 1681, 3025, 14258, 18967, 1710, 14224, 2581, 1316, 1641, 13847, 7420, 12537, 1712, 286, 8932, 1830, 11640, 6004, 12511, 12779, 19399, 13568, 18963, 5266, 1685, 7406, 7399, 5990, 7055, 8915, 1237, 18996, 12491, 1304, 2562, 6475, 6644, 6641, 1699, 18956, 3556, 19024, 1683, 6493, 12471, 19358, 1776, 16025, 2605, 21477, 7112, 12985, 18979, 3577, 7421, 3027, 7127, 1124, 7094, 15073, 7053, 19012, 2543, 1286, 7410, 1871, 5387, 1613, 1235, 18960, 19384, 12504, 3066, 16556, 1282, 1344, 18864, 5994, 1160, 1311, 12649, 1388, 18981, 16577, 13822, 19354, 1298, 11652, 15118, 16585, 18982, 3596, 7125, 3615, 19009, 8930, 16557, 1764, 1305, 16578, 4856, 1315, 5392, 19615, 179, 18957, 1768, 1780, 1228, 2575, 18959, 237, 13401, 16566, 1297, 3552, 11852, 18865, 18934, 21471, 2578, 18972, 285, 6552, 5188, 2569, 16553, 1716, 1299, 1529, 6664, 18949, 13463, 7418, 12674, 2531, 1511, 15992, 15046, 1602, 15030, 12624, 1870, 14208, 12668, 7121, 8925, 18968, 4808, 1206, 12637, 1230, 1628, 1363, 15311, 13610, 5268, 1502, 3570, 1373, 12622, 7123, 1232, 7408, 18953, 1598, 5993, 1360, 19555, 13565, 6462, 19397, 1743, 15148, 1778, 1819, 13840, 7401, 16034, 3554, 7115, 1879, 6663, 1787, 1872, 1370, 1209, 1761, 19386, 2571, 1156, 13464, 13823, 21474, 19181, 1133, 16857, 13819, 1217, 18924, 16587, 1781, 195, 19392, 6219, 15079, 174, 5397, 8931, 15421, 16026, 3551, 2532, 3532, 11856, 19391, 1303, 1163, 1611, 16549, 4839, 13339, 5386, 12468, 1270, 15443, 16551, 16547, 15051, 15036, 1634, 12508, 1189, 4844, 11853, 18893, 13548, 19552, 5987, 14265, 1132, 18971, 6497, 1211, 14207, 1366, 2553, 19420, 1755, 2570, 3600, 14226, 1131, 16570, 8933, 15312, 1291, 16584, 12493, 18961, 1723, 331, 1461, 15313, 8913, 19554, 12788, 6934, 15085, 19589, 6541, 1215, 12488, 5409, 1300, 12680, 19393, 18945, 16565, 1392, 19360, 13340, 15080, 3047, 3612, 15430, 12469, 7116, 6520, 1732, 19550, 1793, 12658, 186, 5385, 18930, 1615, 209, 16561, 18920, 2548, 5396, 1141, 1704, 12667, 7409, 12461, 6695, 18886, 1817, 13538, 1784, 1221, 3573, 14262, 3536, 1620, 1614, 16575, 12669, 20458, 6661, 15989, 11643, 5264, 14200, 3572, 1220, 167, 6499, 12659, 199, 12526, 12627, 15103, 3026, 1814, 15425, 1364, 19357, 232, 178, 13849, 284, 12635, 5988, 287, 6500, 1139, 12457, 3065, 210, 1185, 19396, 10745, 212]
[188, 6646, 1287, 1120, 3549, 16576, 1610, 13618, 2535, 15070, 2533, 5998, 7417, 1676, 7414, 6697, 1130, 10748, 6655, 6678, 6651, 1369, 3553, 19352, 13613, 1682, 14247, 6698, 7419, 12509, 18990, 6700, 18866, 13431, 6647, 19353, 18938, 1322, 18867, 13569, 18980, 1351, 1869, 1605, 1323, 16586, 1813, 1328, 187, 1603, 18988, 1127, 183, 16572, 1350, 1457, 13611, 1688, 12892, 7382, 18874, 22016, 1159, 7400, 18998, 1212, 19077, 2527, 6642, 15442, 1321, 13578, 6548, 18978, 13614, 6526, 6677, 13612, 19007, 13606, 3550, 12483, 15149, 19350, 1219, 3579, 2554, 12630, 13567, 1342, 8935, 14214, 1346, 1324, 18994, 1722, 18937, 1687, 19400, 7130, 196, 5408, 5995, 15142, 21373, 182, 6682, 18997, 6640, 3073, 1313, 4835, 206, 19004, 1275, 1312, 7119, 1616, 12984, 3069, 12670, 2529, 6693, 2526, 18919, 7129, 1224, 19311, 172, 1122, 2592, 6681, 1179, 19003, 1765, 13616, 12646, 19076, 1375, 8900, 12495, 1772, 7402, 19026, 1681, 3025, 14258, 18967, 1710, 14224, 2581, 1316, 1641, 13847, 7420, 12537, 1712, 286, 8932, 1830, 11640, 6004, 12511, 12779, 19399, 13568, 18963, 5266, 1685, 7406, 7399, 5990, 7055, 8915, 1237, 18996, 12491, 1304, 2562, 6475, 6644, 6641, 1699, 18956, 3556, 19024, 1683, 6493, 12471, 19358, 1776, 16025, 2605, 21477, 7112, 12985, 18979, 3577, 7421, 3027, 7127, 1124, 7094, 15073, 7053, 19012, 2543, 1286, 7410, 1871, 5387, 1613, 1235, 18960, 19384, 12504, 3066, 16556, 1282, 1344, 18864, 5994, 1160, 1311, 12649, 1388, 18981, 16577, 13822, 19354, 1298, 11652, 15118, 16585, 18982, 3596, 7125, 3615, 19009, 8930, 16557, 1764, 1305, 16578, 4856, 1315, 5392, 19615, 179, 18957, 1768, 1780, 1228, 2575, 18959, 237, 13401, 16566, 1297, 3552, 11852, 18865, 18934, 21471, 2578, 18972, 285, 6552, 5188, 2569, 16553, 1716, 1299, 1529, 6664, 18949, 13463, 7418, 12674, 2531, 1511, 15992, 15046, 1602, 15030, 12624, 1870, 14208, 12668, 7121, 8925, 18968, 4808, 1206, 12637, 1230, 1628, 1363, 15311, 13610, 5268, 1502, 3570, 1373, 12622, 7123, 1232, 7408, 18953, 1598, 5993, 1360, 19555, 13565, 6462, 19397, 1743, 15148, 1778, 1819, 13840, 7401, 16034, 3554, 7115, 1879, 6663, 1787, 1872, 1370, 1209, 1761, 19386, 2571, 1156, 13464, 13823, 21474, 19181, 1133, 16857, 13819, 1217, 18924, 16587, 1781, 195, 19392, 6219, 15079, 174, 5397, 8931, 15421, 16026, 3551, 2532, 3532, 11856, 19391, 1303, 1163, 1611, 16549, 4839, 13339, 5386, 12468, 1270, 15443, 16551, 16547, 15051, 15036, 1634, 12508, 1189, 4844, 11853, 18893, 13548, 19552, 5987, 14265, 1132, 18971, 6497, 1211, 14207, 1366, 2553, 19420, 1755, 2570, 3600, 14226, 1131, 16570, 8933, 15312, 1291, 16584, 12493, 18961, 1723, 331, 1461, 15313, 8913, 19554, 12788, 6934, 15085, 19589, 6541, 1215, 12488, 5409, 1300, 12680, 19393, 18945, 16565, 1392, 19360, 13340, 15080, 3047, 3612, 15430, 12469, 7116, 6520, 1732, 19550, 1793, 12658, 186, 5385, 18930, 1615, 209, 16561, 18920, 2548, 5396, 1141, 1704, 12667, 7409, 12461, 6695, 18886, 1817, 13538, 1784, 1221, 3573, 14262, 3536, 1620, 1614, 16575, 12669, 20458, 6661, 15989, 11643, 5264, 14200, 3572, 1220, 167, 6499, 12659, 199, 12526, 12627, 15103, 3026, 1814, 15425, 1364, 19357, 232, 178, 13849, 284, 12635, 5988, 287, 6500, 1139, 12457, 3065, 210, 1185, 19396, 10745, 212]
[188, 6646, 1287, 1120, 3549, 16576, 1610, 13618, 2535, 15070, 2533, 5998, 7417, 1676, 7414, 6697, 1130, 10748, 6655, 6678, 6651, 1369, 3553, 19352, 13613, 1682, 14247, 6698, 7419, 12509, 18990, 6700, 18866, 13431, 6647, 19353, 18938, 1322, 18867, 13569, 18980, 1351, 1869, 1605, 1323, 16586, 1813, 1328, 187, 1603, 18988, 1127, 183, 16572, 1350, 1457, 13611, 1688, 12892, 7382, 18874, 22016, 1159, 7400, 18998, 1212, 19077, 2527, 6642, 15442, 1321, 13578, 6548, 18978, 13614, 6526, 6677, 13612, 19007, 13606, 3550, 12483, 15149, 19350, 1219, 3579, 2554, 12630, 13567, 1342, 8935, 14214, 1346, 1324, 18994, 1722, 18937, 1687, 19400, 7130, 196, 5408, 5995, 15142, 21373, 182, 6682, 18997, 6640, 3073, 1313, 4835, 206, 19004, 1275, 1312, 7119, 1616, 12984, 3069, 12670, 2529, 6693, 2526, 18919, 7129, 1224, 19311, 172, 1122, 2592, 6681, 1179, 19003, 1765, 13616, 12646, 19076, 1375, 8900, 12495, 1772, 7402, 19026, 1681, 3025, 14258, 18967, 1710, 14224, 2581, 1316, 1641, 13847, 7420, 12537, 1712, 286, 8932, 1830, 11640, 6004, 12511, 12779, 19399, 13568, 18963, 5266, 1685, 7406, 7399, 5990, 7055, 8915, 1237, 18996, 12491, 1304, 2562, 6475, 6644, 6641, 1699, 18956, 3556, 19024, 1683, 6493, 12471, 19358, 1776, 16025, 2605, 21477, 7112, 12985, 18979, 3577, 7421, 3027, 7127, 1124, 7094, 15073, 7053, 19012, 2543, 1286, 7410, 1871, 5387, 1613, 1235, 18960, 19384, 12504, 3066, 16556, 1282, 1344, 18864, 5994, 1160, 1311, 12649, 1388, 18981, 16577, 13822, 19354, 1298, 11652, 15118, 16585, 18982, 3596, 7125, 3615, 19009, 8930, 16557, 1764, 1305, 16578, 4856, 1315, 5392, 19615, 179, 18957, 1768, 1780, 1228, 2575, 18959, 237, 13401, 16566, 1297, 3552, 11852, 18865, 18934, 21471, 2578, 18972, 285, 6552, 5188, 2569, 16553, 1716, 1299, 1529, 6664, 18949, 13463, 7418, 12674, 2531, 1511, 15992, 15046, 1602, 15030, 12624, 1870, 14208, 12668, 7121, 8925, 18968, 4808, 1206, 12637, 1230, 1628, 1363, 15311, 13610, 5268, 1502, 3570, 1373, 12622, 7123, 1232, 7408, 18953, 1598, 5993, 1360, 19555, 13565, 6462, 19397, 1743, 15148, 1778, 1819, 13840, 7401, 16034, 3554, 7115, 1879, 6663, 1787, 1872, 1370, 1209, 1761, 19386, 2571, 1156, 13464, 13823, 21474, 19181, 1133, 16857, 13819, 1217, 18924, 16587, 1781, 195, 19392, 6219, 15079, 174, 5397, 8931, 15421, 16026, 3551, 2532, 3532, 11856, 19391, 1303, 1163, 1611, 16549, 4839, 13339, 5386, 12468, 1270, 15443, 16551, 16547, 15051, 15036, 1634, 12508, 1189, 4844, 11853, 18893, 13548, 19552, 5987, 14265, 1132, 18971, 6497, 1211, 14207, 1366, 2553, 19420, 1755, 2570, 3600, 14226, 1131, 16570, 8933, 15312, 1291, 16584, 12493, 18961, 1723, 331, 1461, 15313, 8913, 19554, 12788, 6934, 15085, 19589, 6541, 1215, 12488, 5409, 1300, 12680, 19393, 18945, 16565, 1392, 19360, 13340, 15080, 3047, 3612, 15430, 12469, 7116, 6520, 1732, 19550, 1793, 12658, 186, 5385, 18930, 1615, 209, 16561, 18920, 2548, 5396, 1141, 1704, 12667, 7409, 12461, 6695, 18886, 1817, 13538, 1784, 1221, 3573, 14262, 3536, 1620, 1614, 16575, 12669, 20458, 6661, 15989, 11643, 5264, 14200, 3572, 1220, 167, 6499, 12659, 199, 12526, 12627, 15103, 3026, 1814, 15425, 1364, 19357, 232, 178, 13849, 284, 12635, 5988, 287, 6500, 1139, 12457, 3065, 210, 1185, 19396, 10745, 212]
[188, 6646, 1287, 1120, 3549, 16576, 1610, 13618, 2535, 15070, 2533, 5998, 7417, 1676, 7414, 6697, 1130, 10748, 6655, 6678, 6651, 1369, 3553, 19352, 13613, 1682, 14247, 6698, 7419, 12509, 18990, 6700, 18866, 13431, 6647, 19353, 18938, 1322, 18867, 13569, 18980, 1351, 1869, 1605, 1323, 16586, 1813, 1328, 187, 1603, 18988, 1127, 183, 16572, 1350, 1457, 13611, 1688, 12892, 7382, 18874, 22016, 1159, 7400, 18998, 1212, 19077, 2527, 6642, 15442, 1321, 13578, 6548, 18978, 13614, 6526, 6677, 13612, 19007, 13606, 3550, 12483, 15149, 19350, 1219, 3579, 2554, 12630, 13567, 1342, 8935, 14214, 1346, 1324, 18994, 1722, 18937, 1687, 19400, 7130, 196, 5408, 5995, 15142, 21373, 182, 6682, 18997, 6640, 3073, 1313, 4835, 206, 19004, 1275, 1312, 7119, 1616, 12984, 3069, 12670, 2529, 6693, 2526, 18919, 7129, 1224, 19311, 172, 1122, 2592, 6681, 1179, 19003, 1765, 13616, 12646, 19076, 1375, 8900, 12495, 1772, 7402, 19026, 1681, 3025, 14258, 18967, 1710, 14224, 2581, 1316, 1641, 13847, 7420, 12537, 1712, 286, 8932, 1830, 11640, 6004, 12511, 12779, 19399, 13568, 18963, 5266, 1685, 7406, 7399, 5990, 7055, 8915, 1237, 18996, 12491, 1304, 2562, 6475, 6644, 6641, 1699, 18956, 3556, 19024, 1683, 6493, 12471, 19358, 1776, 16025, 2605, 21477, 7112, 12985, 18979, 3577, 7421, 3027, 7127, 1124, 7094, 15073, 7053, 19012, 2543, 1286, 7410, 1871, 5387, 1613, 1235, 18960, 19384, 12504, 3066, 16556, 1282, 1344, 18864, 5994, 1160, 1311, 12649, 1388, 18981, 16577, 13822, 19354, 1298, 11652, 15118, 16585, 18982, 3596, 7125, 3615, 19009, 8930, 16557, 1764, 1305, 16578, 4856, 1315, 5392, 19615, 179, 18957, 1768, 1780, 1228, 2575, 18959, 237, 13401, 16566, 1297, 3552, 11852, 18865, 18934, 21471, 2578, 18972, 285, 6552, 5188, 2569, 16553, 1716, 1299, 1529, 6664, 18949, 13463, 7418, 12674, 2531, 1511, 15992, 15046, 1602, 15030, 12624, 1870, 14208, 12668, 7121, 8925, 18968, 4808, 1206, 12637, 1230, 1628, 1363, 15311, 13610, 5268, 1502, 3570, 1373, 12622, 7123, 1232, 7408, 18953, 1598, 5993, 1360, 19555, 13565, 6462, 19397, 1743, 15148, 1778, 1819, 13840, 7401, 16034, 3554, 7115, 1879, 6663, 1787, 1872, 1370, 1209, 1761, 19386, 2571, 1156, 13464, 13823, 21474, 19181, 1133, 16857, 13819, 1217, 18924, 16587, 1781, 195, 19392, 6219, 15079, 174, 5397, 8931, 15421, 16026, 3551, 2532, 3532, 11856, 19391, 1303, 1163, 1611, 16549, 4839, 13339, 5386, 12468, 1270, 15443, 16551, 16547, 15051, 15036, 1634, 12508, 1189, 4844, 11853, 18893, 13548, 19552, 5987, 14265, 1132, 18971, 6497, 1211, 14207, 1366, 2553, 19420, 1755, 2570, 3600, 14226, 1131, 16570, 8933, 15312, 1291, 16584, 12493, 18961, 1723, 331, 1461, 15313, 8913, 19554, 12788, 6934, 15085, 19589, 6541, 1215, 12488, 5409, 1300, 12680, 19393, 18945, 16565, 1392, 19360, 13340, 15080, 3047, 3612, 15430, 12469, 7116, 6520, 1732, 19550, 1793, 12658, 186, 5385, 18930, 1615, 209, 16561, 18920, 2548, 5396, 1141, 1704, 12667, 7409, 12461, 6695, 18886, 1817, 13538, 1784, 1221, 3573, 14262, 3536, 1620, 1614, 16575, 12669, 20458, 6661, 15989, 11643, 5264, 14200, 3572, 1220, 167, 6499, 12659, 199, 12526, 12627, 15103, 3026, 1814, 15425, 1364, 19357, 232, 178, 13849, 284, 12635, 5988, 287, 6500, 1139, 12457, 3065, 210, 1185, 19396, 10745, 212]
[188, 6646, 1287, 1120, 3549, 16576, 1610, 13618, 2535, 15070, 2533, 5998, 7417, 1676, 7414, 6697, 1130, 10748, 6655, 6678, 6651, 1369, 3553, 19352, 13613, 1682, 14247, 6698, 7419, 12509, 18990, 6700, 18866, 13431, 6647, 19353, 18938, 1322, 18867, 13569, 18980, 1351, 1869, 1605, 1323, 16586, 1813, 1328, 187, 1603, 18988, 1127, 183, 16572, 1350, 1457, 13611, 1688, 12892, 7382, 18874, 22016, 1159, 7400, 18998, 1212, 19077, 2527, 6642, 15442, 1321, 13578, 6548, 18978, 13614, 6526, 6677, 13612, 19007, 13606, 3550, 12483, 15149, 19350, 1219, 3579, 2554, 12630, 13567, 1342, 8935, 14214, 1346, 1324, 18994, 1722, 18937, 1687, 19400, 7130, 196, 5408, 5995, 15142, 21373, 182, 6682, 18997, 6640, 3073, 1313, 4835, 206, 19004, 1275, 1312, 7119, 1616, 12984, 3069, 12670, 2529, 6693, 2526, 18919, 7129, 1224, 19311, 172, 1122, 2592, 6681, 1179, 19003, 1765, 13616, 12646, 19076, 1375, 8900, 12495, 1772, 7402, 19026, 1681, 3025, 14258, 18967, 1710, 14224, 2581, 1316, 1641, 13847, 7420, 12537, 1712, 286, 8932, 1830, 11640, 6004, 12511, 12779, 19399, 13568, 18963, 5266, 1685, 7406, 7399, 5990, 7055, 8915, 1237, 18996, 12491, 1304, 2562, 6475, 6644, 6641, 1699, 18956, 3556, 19024, 1683, 6493, 12471, 19358, 1776, 16025, 2605, 21477, 7112, 12985, 18979, 3577, 7421, 3027, 7127, 1124, 7094, 15073, 7053, 19012, 2543, 1286, 7410, 1871, 5387, 1613, 1235, 18960, 19384, 12504, 3066, 16556, 1282, 1344, 18864, 5994, 1160, 1311, 12649, 1388, 18981, 16577, 13822, 19354, 1298, 11652, 15118, 16585, 18982, 3596, 7125, 3615, 19009, 8930, 16557, 1764, 1305, 16578, 4856, 1315, 5392, 19615, 179, 18957, 1768, 1780, 1228, 2575, 18959, 237, 13401, 16566, 1297, 3552, 11852, 18865, 18934, 21471, 2578, 18972, 285, 6552, 5188, 2569, 16553, 1716, 1299, 1529, 6664, 18949, 13463, 7418, 12674, 2531, 1511, 15992, 15046, 1602, 15030, 12624, 1870, 14208, 12668, 7121, 8925, 18968, 4808, 1206, 12637, 1230, 1628, 1363, 15311, 13610, 5268, 1502, 3570, 1373, 12622, 7123, 1232, 7408, 18953, 1598, 5993, 1360, 19555, 13565, 6462, 19397, 1743, 15148, 1778, 1819, 13840, 7401, 16034, 3554, 7115, 1879, 6663, 1787, 1872, 1370, 1209, 1761, 19386, 2571, 1156, 13464, 13823, 21474, 19181, 1133, 16857, 13819, 1217, 18924, 16587, 1781, 195, 19392, 6219, 15079, 174, 5397, 8931, 15421, 16026, 3551, 2532, 3532, 11856, 19391, 1303, 1163, 1611, 16549, 4839, 13339, 5386, 12468, 1270, 15443, 16551, 16547, 15051, 15036, 1634, 12508, 1189, 4844, 11853, 18893, 13548, 19552, 5987, 14265, 1132, 18971, 6497, 1211, 14207, 1366, 2553, 19420, 1755, 2570, 3600, 14226, 1131, 16570, 8933, 15312, 1291, 16584, 12493, 18961, 1723, 331, 1461, 15313, 8913, 19554, 12788, 6934, 15085, 19589, 6541, 1215, 12488, 5409, 1300, 12680, 19393, 18945, 16565, 1392, 19360, 13340, 15080, 3047, 3612, 15430, 12469, 7116, 6520, 1732, 19550, 1793, 12658, 186, 5385, 18930, 1615, 209, 16561, 18920, 2548, 5396, 1141, 1704, 12667, 7409, 12461, 6695, 18886, 1817, 13538, 1784, 1221, 3573, 14262, 3536, 1620, 1614, 16575, 12669, 20458, 6661, 15989, 11643, 5264, 14200, 3572, 1220, 167, 6499, 12659, 199, 12526, 12627, 15103, 3026, 1814, 15425, 1364, 19357, 232, 178, 13849, 284, 12635, 5988, 287, 6500, 1139, 12457, 3065, 210, 1185, 19396, 10745, 212]
[188, 6646, 1287, 1120, 3549, 16576, 1610, 13618, 2535, 15070, 2533, 5998, 7417, 1676, 7414, 6697, 1130, 10748, 6655, 6678, 6651, 1369, 3553, 19352, 13613, 1682, 14247, 6698, 7419, 12509, 18990, 6700, 18866, 13431, 6647, 19353, 18938, 1322, 18867, 13569, 18980, 1351, 1869, 1605, 1323, 16586, 1813, 1328, 187, 1603, 18988, 1127, 183, 16572, 1350, 1457, 13611, 1688, 12892, 7382, 18874, 22016, 1159, 7400, 18998, 1212, 19077, 2527, 6642, 15442, 1321, 13578, 6548, 18978, 13614, 6526, 6677, 13612, 19007, 13606, 3550, 12483, 15149, 19350, 1219, 3579, 2554, 12630, 13567, 1342, 8935, 14214, 1346, 1324, 18994, 1722, 18937, 1687, 19400, 7130, 196, 5408, 5995, 15142, 21373, 182, 6682, 18997, 6640, 3073, 1313, 4835, 206, 19004, 1275, 1312, 7119, 1616, 12984, 3069, 12670, 2529, 6693, 2526, 18919, 7129, 1224, 19311, 172, 1122, 2592, 6681, 1179, 19003, 1765, 13616, 12646, 19076, 1375, 8900, 12495, 1772, 7402, 19026, 1681, 3025, 14258, 18967, 1710, 14224, 2581, 1316, 1641, 13847, 7420, 12537, 1712, 286, 8932, 1830, 11640, 6004, 12511, 12779, 19399, 13568, 18963, 5266, 1685, 7406, 7399, 5990, 7055, 8915, 1237, 18996, 12491, 1304, 2562, 6475, 6644, 6641, 1699, 18956, 3556, 19024, 1683, 6493, 12471, 19358, 1776, 16025, 2605, 21477, 7112, 12985, 18979, 3577, 7421, 3027, 7127, 1124, 7094, 15073, 7053, 19012, 2543, 1286, 7410, 1871, 5387, 1613, 1235, 18960, 19384, 12504, 3066, 16556, 1282, 1344, 18864, 5994, 1160, 1311, 12649, 1388, 18981, 16577, 13822, 19354, 1298, 11652, 15118, 16585, 18982, 3596, 7125, 3615, 19009, 8930, 16557, 1764, 1305, 16578, 4856, 1315, 5392, 19615, 179, 18957, 1768, 1780, 1228, 2575, 18959, 237, 13401, 16566, 1297, 3552, 11852, 18865, 18934, 21471, 2578, 18972, 285, 6552, 5188, 2569, 16553, 1716, 1299, 1529, 6664, 18949, 13463, 7418, 12674, 2531, 1511, 15992, 15046, 1602, 15030, 12624, 1870, 14208, 12668, 7121, 8925, 18968, 4808, 1206, 12637, 1230, 1628, 1363, 15311, 13610, 5268, 1502, 3570, 1373, 12622, 7123, 1232, 7408, 18953, 1598, 5993, 1360, 19555, 13565, 6462, 19397, 1743, 15148, 1778, 1819, 13840, 7401, 16034, 3554, 7115, 1879, 6663, 1787, 1872, 1370, 1209, 1761, 19386, 2571, 1156, 13464, 13823, 21474, 19181, 1133, 16857, 13819, 1217, 18924, 16587, 1781, 195, 19392, 6219, 15079, 174, 5397, 8931, 15421, 16026, 3551, 2532, 3532, 11856, 19391, 1303, 1163, 1611, 16549, 4839, 13339, 5386, 12468, 1270, 15443, 16551, 16547, 15051, 15036, 1634, 12508, 1189, 4844, 11853, 18893, 13548, 19552, 5987, 14265, 1132, 18971, 6497, 1211, 14207, 1366, 2553, 19420, 1755, 2570, 3600, 14226, 1131, 16570, 8933, 15312, 1291, 16584, 12493, 18961, 1723, 331, 1461, 15313, 8913, 19554, 12788, 6934, 15085, 19589, 6541, 1215, 12488, 5409, 1300, 12680, 19393, 18945, 16565, 1392, 19360, 13340, 15080, 3047, 3612, 15430, 12469, 7116, 6520, 1732, 19550, 1793, 12658, 186, 5385, 18930, 1615, 209, 16561, 18920, 2548, 5396, 1141, 1704, 12667, 7409, 12461, 6695, 18886, 1817, 13538, 1784, 1221, 3573, 14262, 3536, 1620, 1614, 16575, 12669, 20458, 6661, 15989, 11643, 5264, 14200, 3572, 1220, 167, 6499, 12659, 199, 12526, 12627, 15103, 3026, 1814, 15425, 1364, 19357, 232, 178, 13849, 284, 12635, 5988, 287, 6500, 1139, 12457, 3065, 210, 1185, 19396, 10745, 212]
[188, 6646, 1287, 1120, 3549, 16576, 1610, 13618, 2535, 15070, 2533, 5998, 7417, 1676, 7414, 6697, 1130, 10748, 6655, 6678, 6651, 1369, 3553, 19352, 13613, 1682, 14247, 6698, 7419, 12509, 18990, 6700, 18866, 13431, 6647, 19353, 18938, 1322, 18867, 13569, 18980, 1351, 1869, 1605, 1323, 16586, 1813, 1328, 187, 1603, 18988, 1127, 183, 16572, 1350, 1457, 13611, 1688, 12892, 7382, 18874, 22016, 1159, 7400, 18998, 1212, 19077, 2527, 6642, 15442, 1321, 13578, 6548, 18978, 13614, 6526, 6677, 13612, 19007, 13606, 3550, 12483, 15149, 19350, 1219, 3579, 2554, 12630, 13567, 1342, 8935, 14214, 1346, 1324, 18994, 1722, 18937, 1687, 19400, 7130, 196, 5408, 5995, 15142, 21373, 182, 6682, 18997, 6640, 3073, 1313, 4835, 206, 19004, 1275, 1312, 7119, 1616, 12984, 3069, 12670, 2529, 6693, 2526, 18919, 7129, 1224, 19311, 172, 1122, 2592, 6681, 1179, 19003, 1765, 13616, 12646, 19076, 1375, 8900, 12495, 1772, 7402, 19026, 1681, 3025, 14258, 18967, 1710, 14224, 2581, 1316, 1641, 13847, 7420, 12537, 1712, 286, 8932, 1830, 11640, 6004, 12511, 12779, 19399, 13568, 18963, 5266, 1685, 7406, 7399, 5990, 7055, 8915, 1237, 18996, 12491, 1304, 2562, 6475, 6644, 6641, 1699, 18956, 3556, 19024, 1683, 6493, 12471, 19358, 1776, 16025, 2605, 21477, 7112, 12985, 18979, 3577, 7421, 3027, 7127, 1124, 7094, 15073, 7053, 19012, 2543, 1286, 7410, 1871, 5387, 1613, 1235, 18960, 19384, 12504, 3066, 16556, 1282, 1344, 18864, 5994, 1160, 1311, 12649, 1388, 18981, 16577, 13822, 19354, 1298, 11652, 15118, 16585, 18982, 3596, 7125, 3615, 19009, 8930, 16557, 1764, 1305, 16578, 4856, 1315, 5392, 19615, 179, 18957, 1768, 1780, 1228, 2575, 18959, 237, 13401, 16566, 1297, 3552, 11852, 18865, 18934, 21471, 2578, 18972, 285, 6552, 5188, 2569, 16553, 1716, 1299, 1529, 6664, 18949, 13463, 7418, 12674, 2531, 1511, 15992, 15046, 1602, 15030, 12624, 1870, 14208, 12668, 7121, 8925, 18968, 4808, 1206, 12637, 1230, 1628, 1363, 15311, 13610, 5268, 1502, 3570, 1373, 12622, 7123, 1232, 7408, 18953, 1598, 5993, 1360, 19555, 13565, 6462, 19397, 1743, 15148, 1778, 1819, 13840, 7401, 16034, 3554, 7115, 1879, 6663, 1787, 1872, 1370, 1209, 1761, 19386, 2571, 1156, 13464, 13823, 21474, 19181, 1133, 16857, 13819, 1217, 18924, 16587, 1781, 195, 19392, 6219, 15079, 174, 5397, 8931, 15421, 16026, 3551, 2532, 3532, 11856, 19391, 1303, 1163, 1611, 16549, 4839, 13339, 5386, 12468, 1270, 15443, 16551, 16547, 15051, 15036, 1634, 12508, 1189, 4844, 11853, 18893, 13548, 19552, 5987, 14265, 1132, 18971, 6497, 1211, 14207, 1366, 2553, 19420, 1755, 2570, 3600, 14226, 1131, 16570, 8933, 15312, 1291, 16584, 12493, 18961, 1723, 331, 1461, 15313, 8913, 19554, 12788, 6934, 15085, 19589, 6541, 1215, 12488, 5409, 1300, 12680, 19393, 18945, 16565, 1392, 19360, 13340, 15080, 3047, 3612, 15430, 12469, 7116, 6520, 1732, 19550, 1793, 12658, 186, 5385, 18930, 1615, 209, 16561, 18920, 2548, 5396, 1141, 1704, 12667, 7409, 12461, 6695, 18886, 1817, 13538, 1784, 1221, 3573, 14262, 3536, 1620, 1614, 16575, 12669, 20458, 6661, 15989, 11643, 5264, 14200, 3572, 1220, 167, 6499, 12659, 199, 12526, 12627, 15103, 3026, 1814, 15425, 1364, 19357, 232, 178, 13849, 284, 12635, 5988, 287, 6500, 1139, 12457, 3065, 210, 1185, 19396, 10745, 212]
[188, 6646, 1287, 1120, 3549, 16576, 1610, 13618, 2535, 15070, 2533, 5998, 7417, 1676, 7414, 6697, 1130, 10748, 6655, 6678, 6651, 1369, 3553, 19352, 13613, 1682, 14247, 6698, 7419, 12509, 18990, 6700, 18866, 13431, 6647, 19353, 18938, 1322, 18867, 13569, 18980, 1351, 1869, 1605, 1323, 16586, 1813, 1328, 187, 1603, 18988, 1127, 183, 16572, 1350, 1457, 13611, 1688, 12892, 7382, 18874, 22016, 1159, 7400, 18998, 1212, 19077, 2527, 6642, 15442, 1321, 13578, 6548, 18978, 13614, 6526, 6677, 13612, 19007, 13606, 3550, 12483, 15149, 19350, 1219, 3579, 2554, 12630, 13567, 1342, 8935, 14214, 1346, 1324, 18994, 1722, 18937, 1687, 19400, 7130, 196, 5408, 5995, 15142, 21373, 182, 6682, 18997, 6640, 3073, 1313, 4835, 206, 19004, 1275, 1312, 7119, 1616, 12984, 3069, 12670, 2529, 6693, 2526, 18919, 7129, 1224, 19311, 172, 1122, 2592, 6681, 1179, 19003, 1765, 13616, 12646, 19076, 1375, 8900, 12495, 1772, 7402, 19026, 1681, 3025, 14258, 18967, 1710, 14224, 2581, 1316, 1641, 13847, 7420, 12537, 1712, 286, 8932, 1830, 11640, 6004, 12511, 12779, 19399, 13568, 18963, 5266, 1685, 7406, 7399, 5990, 7055, 8915, 1237, 18996, 12491, 1304, 2562, 6475, 6644, 6641, 1699, 18956, 3556, 19024, 1683, 6493, 12471, 19358, 1776, 16025, 2605, 21477, 7112, 12985, 18979, 3577, 7421, 3027, 7127, 1124, 7094, 15073, 7053, 19012, 2543, 1286, 7410, 1871, 5387, 1613, 1235, 18960, 19384, 12504, 3066, 16556, 1282, 1344, 18864, 5994, 1160, 1311, 12649, 1388, 18981, 16577, 13822, 19354, 1298, 11652, 15118, 16585, 18982, 3596, 7125, 3615, 19009, 8930, 16557, 1764, 1305, 16578, 4856, 1315, 5392, 19615, 179, 18957, 1768, 1780, 1228, 2575, 18959, 237, 13401, 16566, 1297, 3552, 11852, 18865, 18934, 21471, 2578, 18972, 285, 6552, 5188, 2569, 16553, 1716, 1299, 1529, 6664, 18949, 13463, 7418, 12674, 2531, 1511, 15992, 15046, 1602, 15030, 12624, 1870, 14208, 12668, 7121, 8925, 18968, 4808, 1206, 12637, 1230, 1628, 1363, 15311, 13610, 5268, 1502, 3570, 1373, 12622, 7123, 1232, 7408, 18953, 1598, 5993, 1360, 19555, 13565, 6462, 19397, 1743, 15148, 1778, 1819, 13840, 7401, 16034, 3554, 7115, 1879, 6663, 1787, 1872, 1370, 1209, 1761, 19386, 2571, 1156, 13464, 13823, 21474, 19181, 1133, 16857, 13819, 1217, 18924, 16587, 1781, 195, 19392, 6219, 15079, 174, 5397, 8931, 15421, 16026, 3551, 2532, 3532, 11856, 19391, 1303, 1163, 1611, 16549, 4839, 13339, 5386, 12468, 1270, 15443, 16551, 16547, 15051, 15036, 1634, 12508, 1189, 4844, 11853, 18893, 13548, 19552, 5987, 14265, 1132, 18971, 6497, 1211, 14207, 1366, 2553, 19420, 1755, 2570, 3600, 14226, 1131, 16570, 8933, 15312, 1291, 16584, 12493, 18961, 1723, 331, 1461, 15313, 8913, 19554, 12788, 6934, 15085, 19589, 6541, 1215, 12488, 5409, 1300, 12680, 19393, 18945, 16565, 1392, 19360, 13340, 15080, 3047, 3612, 15430, 12469, 7116, 6520, 1732, 19550, 1793, 12658, 186, 5385, 18930, 1615, 209, 16561, 18920, 2548, 5396, 1141, 1704, 12667, 7409, 12461, 6695, 18886, 1817, 13538, 1784, 1221, 3573, 14262, 3536, 1620, 1614, 16575, 12669, 20458, 6661, 15989, 11643, 5264, 14200, 3572, 1220, 167, 6499, 12659, 199, 12526, 12627, 15103, 3026, 1814, 15425, 1364, 19357, 232, 178, 13849, 284, 12635, 5988, 287, 6500, 1139, 12457, 3065, 210, 1185, 19396, 10745, 212]
[188, 6646, 1287, 1120, 3549, 16576, 1610, 13618, 2535, 15070, 2533, 5998, 7417, 1676, 7414, 6697, 1130, 10748, 6655, 6678, 6651, 1369, 3553, 19352, 13613, 1682, 14247, 6698, 7419, 12509, 18990, 6700, 18866, 13431, 6647, 19353, 18938, 1322, 18867, 13569, 18980, 1351, 1869, 1605, 1323, 16586, 1813, 1328, 187, 1603, 18988, 1127, 183, 16572, 1350, 1457, 13611, 1688, 12892, 7382, 18874, 22016, 1159, 7400, 18998, 1212, 19077, 2527, 6642, 15442, 1321, 13578, 6548, 18978, 13614, 6526, 6677, 13612, 19007, 13606, 3550, 12483, 15149, 19350, 1219, 3579, 2554, 12630, 13567, 1342, 8935, 14214, 1346, 1324, 18994, 1722, 18937, 1687, 19400, 7130, 196, 5408, 5995, 15142, 21373, 182, 6682, 18997, 6640, 3073, 1313, 4835, 206, 19004, 1275, 1312, 7119, 1616, 12984, 3069, 12670, 2529, 6693, 2526, 18919, 7129, 1224, 19311, 172, 1122, 2592, 6681, 1179, 19003, 1765, 13616, 12646, 19076, 1375, 8900, 12495, 1772, 7402, 19026, 1681, 3025, 14258, 18967, 1710, 14224, 2581, 1316, 1641, 13847, 7420, 12537, 1712, 286, 8932, 1830, 11640, 6004, 12511, 12779, 19399, 13568, 18963, 5266, 1685, 7406, 7399, 5990, 7055, 8915, 1237, 18996, 12491, 1304, 2562, 6475, 6644, 6641, 1699, 18956, 3556, 19024, 1683, 6493, 12471, 19358, 1776, 16025, 2605, 21477, 7112, 12985, 18979, 3577, 7421, 3027, 7127, 1124, 7094, 15073, 7053, 19012, 2543, 1286, 7410, 1871, 5387, 1613, 1235, 18960, 19384, 12504, 3066, 16556, 1282, 1344, 18864, 5994, 1160, 1311, 12649, 1388, 18981, 16577, 13822, 19354, 1298, 11652, 15118, 16585, 18982, 3596, 7125, 3615, 19009, 8930, 16557, 1764, 1305, 16578, 4856, 1315, 5392, 19615, 179, 18957, 1768, 1780, 1228, 2575, 18959, 237, 13401, 16566, 1297, 3552, 11852, 18865, 18934, 21471, 2578, 18972, 285, 6552, 5188, 2569, 16553, 1716, 1299, 1529, 6664, 18949, 13463, 7418, 12674, 2531, 1511, 15992, 15046, 1602, 15030, 12624, 1870, 14208, 12668, 7121, 8925, 18968, 4808, 1206, 12637, 1230, 1628, 1363, 15311, 13610, 5268, 1502, 3570, 1373, 12622, 7123, 1232, 7408, 18953, 1598, 5993, 1360, 19555, 13565, 6462, 19397, 1743, 15148, 1778, 1819, 13840, 7401, 16034, 3554, 7115, 1879, 6663, 1787, 1872, 1370, 1209, 1761, 19386, 2571, 1156, 13464, 13823, 21474, 19181, 1133, 16857, 13819, 1217, 18924, 16587, 1781, 195, 19392, 6219, 15079, 174, 5397, 8931, 15421, 16026, 3551, 2532, 3532, 11856, 19391, 1303, 1163, 1611, 16549, 4839, 13339, 5386, 12468, 1270, 15443, 16551, 16547, 15051, 15036, 1634, 12508, 1189, 4844, 11853, 18893, 13548, 19552, 5987, 14265, 1132, 18971, 6497, 1211, 14207, 1366, 2553, 19420, 1755, 2570, 3600, 14226, 1131, 16570, 8933, 15312, 1291, 16584, 12493, 18961, 1723, 331, 1461, 15313, 8913, 19554, 12788, 6934, 15085, 19589, 6541, 1215, 12488, 5409, 1300, 12680, 19393, 18945, 16565, 1392, 19360, 13340, 15080, 3047, 3612, 15430, 12469, 7116, 6520, 1732, 19550, 1793, 12658, 186, 5385, 18930, 1615, 209, 16561, 18920, 2548, 5396, 1141, 1704, 12667, 7409, 12461, 6695, 18886, 1817, 13538, 1784, 1221, 3573, 14262, 3536, 1620, 1614, 16575, 12669, 20458, 6661, 15989, 11643, 5264, 14200, 3572, 1220, 167, 6499, 12659, 199, 12526, 12627, 15103, 3026, 1814, 15425, 1364, 19357, 232, 178, 13849, 284, 12635, 5988, 287, 6500, 1139, 12457, 3065, 210, 1185, 19396, 10745, 212]
[188, 6646, 1287, 1120, 3549, 16576, 1610, 13618, 2535, 15070, 2533, 5998, 7417, 1676, 7414, 6697, 1130, 10748, 6655, 6678, 6651, 1369, 3553, 19352, 13613, 1682, 14247, 6698, 7419, 12509, 18990, 6700, 18866, 13431, 6647, 19353, 18938, 1322, 18867, 13569, 18980, 1351, 1869, 1605, 1323, 16586, 1813, 1328, 187, 1603, 18988, 1127, 183, 16572, 1350, 1457, 13611, 1688, 12892, 7382, 18874, 22016, 1159, 7400, 18998, 1212, 19077, 2527, 6642, 15442, 1321, 13578, 6548, 18978, 13614, 6526, 6677, 13612, 19007, 13606, 3550, 12483, 15149, 19350, 1219, 3579, 2554, 12630, 13567, 1342, 8935, 14214, 1346, 1324, 18994, 1722, 18937, 1687, 19400, 7130, 196, 5408, 5995, 15142, 21373, 182, 6682, 18997, 6640, 3073, 1313, 4835, 206, 19004, 1275, 1312, 7119, 1616, 12984, 3069, 12670, 2529, 6693, 2526, 18919, 7129, 1224, 19311, 172, 1122, 2592, 6681, 1179, 19003, 1765, 13616, 12646, 19076, 1375, 8900, 12495, 1772, 7402, 19026, 1681, 3025, 14258, 18967, 1710, 14224, 2581, 1316, 1641, 13847, 7420, 12537, 1712, 286, 8932, 1830, 11640, 6004, 12511, 12779, 19399, 13568, 18963, 5266, 1685, 7406, 7399, 5990, 7055, 8915, 1237, 18996, 12491, 1304, 2562, 6475, 6644, 6641, 1699, 18956, 3556, 19024, 1683, 6493, 12471, 19358, 1776, 16025, 2605, 21477, 7112, 12985, 18979, 3577, 7421, 3027, 7127, 1124, 7094, 15073, 7053, 19012, 2543, 1286, 7410, 1871, 5387, 1613, 1235, 18960, 19384, 12504, 3066, 16556, 1282, 1344, 18864, 5994, 1160, 1311, 12649, 1388, 18981, 16577, 13822, 19354, 1298, 11652, 15118, 16585, 18982, 3596, 7125, 3615, 19009, 8930, 16557, 1764, 1305, 16578, 4856, 1315, 5392, 19615, 179, 18957, 1768, 1780, 1228, 2575, 18959, 237, 13401, 16566, 1297, 3552, 11852, 18865, 18934, 21471, 2578, 18972, 285, 6552, 5188, 2569, 16553, 1716, 1299, 1529, 6664, 18949, 13463, 7418, 12674, 2531, 1511, 15992, 15046, 1602, 15030, 12624, 1870, 14208, 12668, 7121, 8925, 18968, 4808, 1206, 12637, 1230, 1628, 1363, 15311, 13610, 5268, 1502, 3570, 1373, 12622, 7123, 1232, 7408, 18953, 1598, 5993, 1360, 19555, 13565, 6462, 19397, 1743, 15148, 1778, 1819, 13840, 7401, 16034, 3554, 7115, 1879, 6663, 1787, 1872, 1370, 1209, 1761, 19386, 2571, 1156, 13464, 13823, 21474, 19181, 1133, 16857, 13819, 1217, 18924, 16587, 1781, 195, 19392, 6219, 15079, 174, 5397, 8931, 15421, 16026, 3551, 2532, 3532, 11856, 19391, 1303, 1163, 1611, 16549, 4839, 13339, 5386, 12468, 1270, 15443, 16551, 16547, 15051, 15036, 1634, 12508, 1189, 4844, 11853, 18893, 13548, 19552, 5987, 14265, 1132, 18971, 6497, 1211, 14207, 1366, 2553, 19420, 1755, 2570, 3600, 14226, 1131, 16570, 8933, 15312, 1291, 16584, 12493, 18961, 1723, 331, 1461, 15313, 8913, 19554, 12788, 6934, 15085, 19589, 6541, 1215, 12488, 5409, 1300, 12680, 19393, 18945, 16565, 1392, 19360, 13340, 15080, 3047, 3612, 15430, 12469, 7116, 6520, 1732, 19550, 1793, 12658, 186, 5385, 18930, 1615, 209, 16561, 18920, 2548, 5396, 1141, 1704, 12667, 7409, 12461, 6695, 18886, 1817, 13538, 1784, 1221, 3573, 14262, 3536, 1620, 1614, 16575, 12669, 20458, 6661, 15989, 11643, 5264, 14200, 3572, 1220, 167, 6499, 12659, 199, 12526, 12627, 15103, 3026, 1814, 15425, 1364, 19357, 232, 178, 13849, 284, 12635, 5988, 287, 6500, 1139, 12457, 3065, 210, 1185, 19396, 10745, 212]
[188, 6646, 1287, 1120, 3549, 16576, 1610, 13618, 2535, 15070, 2533, 5998, 7417, 1676, 7414, 6697, 1130, 10748, 6655, 6678, 6651, 1369, 3553, 19352, 13613, 1682, 14247, 6698, 7419, 12509, 18990, 6700, 18866, 13431, 6647, 19353, 18938, 1322, 18867, 13569, 18980, 1351, 1869, 1605, 1323, 16586, 1813, 1328, 187, 1603, 18988, 1127, 183, 16572, 1350, 1457, 13611, 1688, 12892, 7382, 18874, 22016, 1159, 7400, 18998, 1212, 19077, 2527, 6642, 15442, 1321, 13578, 6548, 18978, 13614, 6526, 6677, 13612, 19007, 13606, 3550, 12483, 15149, 19350, 1219, 3579, 2554, 12630, 13567, 1342, 8935, 14214, 1346, 1324, 18994, 1722, 18937, 1687, 19400, 7130, 196, 5408, 5995, 15142, 21373, 182, 6682, 18997, 6640, 3073, 1313, 4835, 206, 19004, 1275, 1312, 7119, 1616, 12984, 3069, 12670, 2529, 6693, 2526, 18919, 7129, 1224, 19311, 172, 1122, 2592, 6681, 1179, 19003, 1765, 13616, 12646, 19076, 1375, 8900, 12495, 1772, 7402, 19026, 1681, 3025, 14258, 18967, 1710, 14224, 2581, 1316, 1641, 13847, 7420, 12537, 1712, 286, 8932, 1830, 11640, 6004, 12511, 12779, 19399, 13568, 18963, 5266, 1685, 7406, 7399, 5990, 7055, 8915, 1237, 18996, 12491, 1304, 2562, 6475, 6644, 6641, 1699, 18956, 3556, 19024, 1683, 6493, 12471, 19358, 1776, 16025, 2605, 21477, 7112, 12985, 18979, 3577, 7421, 3027, 7127, 1124, 7094, 15073, 7053, 19012, 2543, 1286, 7410, 1871, 5387, 1613, 1235, 18960, 19384, 12504, 3066, 16556, 1282, 1344, 18864, 5994, 1160, 1311, 12649, 1388, 18981, 16577, 13822, 19354, 1298, 11652, 15118, 16585, 18982, 3596, 7125, 3615, 19009, 8930, 16557, 1764, 1305, 16578, 4856, 1315, 5392, 19615, 179, 18957, 1768, 1780, 1228, 2575, 18959, 237, 13401, 16566, 1297, 3552, 11852, 18865, 18934, 21471, 2578, 18972, 285, 6552, 5188, 2569, 16553, 1716, 1299, 1529, 6664, 18949, 13463, 7418, 12674, 2531, 1511, 15992, 15046, 1602, 15030, 12624, 1870, 14208, 12668, 7121, 8925, 18968, 4808, 1206, 12637, 1230, 1628, 1363, 15311, 13610, 5268, 1502, 3570, 1373, 12622, 7123, 1232, 7408, 18953, 1598, 5993, 1360, 19555, 13565, 6462, 19397, 1743, 15148, 1778, 1819, 13840, 7401, 16034, 3554, 7115, 1879, 6663, 1787, 1872, 1370, 1209, 1761, 19386, 2571, 1156, 13464, 13823, 21474, 19181, 1133, 16857, 13819, 1217, 18924, 16587, 1781, 195, 19392, 6219, 15079, 174, 5397, 8931, 15421, 16026, 3551, 2532, 3532, 11856, 19391, 1303, 1163, 1611, 16549, 4839, 13339, 5386, 12468, 1270, 15443, 16551, 16547, 15051, 15036, 1634, 12508, 1189, 4844, 11853, 18893, 13548, 19552, 5987, 14265, 1132, 18971, 6497, 1211, 14207, 1366, 2553, 19420, 1755, 2570, 3600, 14226, 1131, 16570, 8933, 15312, 1291, 16584, 12493, 18961, 1723, 331, 1461, 15313, 8913, 19554, 12788, 6934, 15085, 19589, 6541, 1215, 12488, 5409, 1300, 12680, 19393, 18945, 16565, 1392, 19360, 13340, 15080, 3047, 3612, 15430, 12469, 7116, 6520, 1732, 19550, 1793, 12658, 186, 5385, 18930, 1615, 209, 16561, 18920, 2548, 5396, 1141, 1704, 12667, 7409, 12461, 6695, 18886, 1817, 13538, 1784, 1221, 3573, 14262, 3536, 1620, 1614, 16575, 12669, 20458, 6661, 15989, 11643, 5264, 14200, 3572, 1220, 167, 6499, 12659, 199, 12526, 12627, 15103, 3026, 1814, 15425, 1364, 19357, 232, 178, 13849, 284, 12635, 5988, 287, 6500, 1139, 12457, 3065, 210, 1185, 19396, 10745, 212]
