Fault List:
96
96
96
96
96
96
96
96
96
96
96
96
96
96
96
96
96
96
96
96
96
96
96
96
96
96
96
96
96
96
FDR List:
0.32
0.32
0.32
0.32
0.32
0.32
0.32
0.32
0.32
0.32
0.32
0.32
0.32
0.32
0.32
0.32
0.32
0.32
0.32
0.32
0.32
0.32
0.32
0.32
0.32
0.32
0.32
0.32
0.32
0.32
Time List:
3.0918068885803223
2.9167401790618896
2.728523015975952
2.8837320804595947
2.810352087020874
3.058791160583496
3.064126968383789
3.32077693939209
2.8369300365448
2.954469919204712
3.8980350494384766
3.091975212097168
3.1766300201416016
2.1447229385375977
2.019500970840454
2.2171638011932373
2.2137742042541504
2.1824257373809814
2.1309499740600586
2.4924840927124023
2.596687078475952
2.686779260635376
4.195024251937866
2.603553056716919
2.820328950881958
2.415970802307129
2.3497040271759033
2.0591108798980713
2.069209098815918
2.0384421348571777
Subset List:
[196, 6646, 2534, 18942, 1137, 6650, 6679, 12510, 18953, 1873, 5993, 6659, 3068, 6656, 16550, 2556, 6684, 1616, 1795, 1290, 1773, 6660, 19616, 1731, 15121, 198, 19015, 19597, 13617, 1122, 1758, 7412, 13533, 1371, 6647, 14280, 13605, 18917, 1349, 13569, 18980, 1772, 13537, 13532, 16587, 3025, 13535, 1328, 1710, 18992, 18988, 7415, 8931, 19002, 3561, 3551, 13611, 12460, 7054, 1336, 1303, 185, 1608, 19000, 18998, 1295, 1332, 1701, 19388, 1331, 1321, 5990, 2604, 4852, 2591, 12666, 6677, 15750, 11853, 1785, 13548, 1273, 5987, 1325, 13603, 18986, 6497, 1147, 12471, 1366, 1878, 16588, 2605, 1619, 1283, 15749, 3533, 1687, 1229, 3027, 1291, 6662, 1330, 18961, 1723, 1338, 6682, 1286, 1700, 3073, 1678, 1301, 13564, 3562, 12982, 1312, 7119, 2536, 1300, 22028, 15119, 12651, 16565, 2526, 1374, 15418, 19011, 1319, 3076, 3067, 1754, 7116, 19021, 19003, 12656, 1793, 1639, 16027, 7104, 19010, 1615, 12657, 7402, 1679, 2548, 1158, 5392, 18976, 1309, 7409, 1768, 6695, 1641, 3575, 7420, 1784, 1221, 1527, 8932, 16558, 6501, 19020, 13553, 2525, 19398, 13568, 12506, 12633, 5188, 7406, 12889, 1337, 6466, 8915, 18989, 3038, 3581, 1304, 2562, 16568, 6644, 13465, 1880, 19357, 12983, 19024, 13575, 13338, 16591, 14204, 13549, 6500, 16583, 3534, 12637, 2594, 18969, 1363, 7122, 6469, 7127, 12655, 1287, 16582, 12622, 16576, 16579, 11854, 14202, 1380, 2551, 14220, 19005, 12462, 2573, 2542, 1743, 6474, 6696, 1344, 12642, 16581, 6471, 1311, 16569, 16564, 3559, 1877, 13856, 19354, 18936, 3354, 235, 2564, 1156, 5999, 18923, 3597, 7380, 1133, 1294, 15431, 1305, 1605, 12466, 1315, 19023, 15751, 187, 15079, 1713, 3075, 18881, 2575, 1711, 10751, 16028, 238, 16589, 7382, 18874, 1225, 1159, 12458, 3070, 16571, 7128, 18985, 1164, 2569, 5265, 1637, 16562, 1381, 3555, 12508, 2565, 1868, 14221, 6547, 3550, 1750, 6495, 1602, 6694, 1727, 13404, 1211, 1604, 12621, 16567, 12628, 13467, 1646, 2579, 7113, 1131, 19587, 8933, 1783]
[196, 6646, 2534, 18942, 1137, 6650, 6679, 12510, 18953, 1873, 5993, 6659, 3068, 6656, 16550, 2556, 6684, 1616, 1795, 1290, 1773, 6660, 19616, 1731, 15121, 198, 19015, 19597, 13617, 1122, 1758, 7412, 13533, 1371, 6647, 14280, 13605, 18917, 1349, 13569, 18980, 1772, 13537, 13532, 16587, 3025, 13535, 1328, 1710, 18992, 18988, 7415, 8931, 19002, 3561, 3551, 13611, 12460, 7054, 1336, 1303, 185, 1608, 19000, 18998, 1295, 1332, 1701, 19388, 1331, 1321, 5990, 2604, 4852, 2591, 12666, 6677, 15750, 11853, 1785, 13548, 1273, 5987, 1325, 13603, 18986, 6497, 1147, 12471, 1366, 1878, 16588, 2605, 1619, 1283, 15749, 3533, 1687, 1229, 3027, 1291, 6662, 1330, 18961, 1723, 1338, 6682, 1286, 1700, 3073, 1678, 1301, 13564, 3562, 12982, 1312, 7119, 2536, 1300, 22028, 15119, 12651, 16565, 2526, 1374, 15418, 19011, 1319, 3076, 3067, 1754, 7116, 19021, 19003, 12656, 1793, 1639, 16027, 7104, 19010, 1615, 12657, 7402, 1679, 2548, 1158, 5392, 18976, 1309, 7409, 1768, 6695, 1641, 3575, 7420, 1784, 1221, 1527, 8932, 16558, 6501, 19020, 13553, 2525, 19398, 13568, 12506, 12633, 5188, 7406, 12889, 1337, 6466, 8915, 18989, 3038, 3581, 1304, 2562, 16568, 6644, 13465, 1880, 19357, 12983, 19024, 13575, 13338, 16591, 14204, 13549, 6500, 16583, 3534, 12637, 2594, 18969, 1363, 7122, 6469, 7127, 12655, 1287, 16582, 12622, 16576, 16579, 11854, 14202, 1380, 2551, 14220, 19005, 12462, 2573, 2542, 1743, 6474, 6696, 1344, 12642, 16581, 6471, 1311, 16569, 16564, 3559, 1877, 13856, 19354, 18936, 3354, 235, 2564, 1156, 5999, 18923, 3597, 7380, 1133, 1294, 15431, 1305, 1605, 12466, 1315, 19023, 15751, 187, 15079, 1713, 3075, 18881, 2575, 1711, 10751, 16028, 238, 16589, 7382, 18874, 1225, 1159, 12458, 3070, 16571, 7128, 18985, 1164, 2569, 5265, 1637, 16562, 1381, 3555, 12508, 2565, 1868, 14221, 6547, 3550, 1750, 6495, 1602, 6694, 1727, 13404, 1211, 1604, 12621, 16567, 12628, 13467, 1646, 2579, 7113, 1131, 19587, 8933, 1783]
[196, 6646, 2534, 18942, 1137, 6650, 6679, 12510, 18953, 1873, 5993, 6659, 3068, 6656, 16550, 2556, 6684, 1616, 1795, 1290, 1773, 6660, 19616, 1731, 15121, 198, 19015, 19597, 13617, 1122, 1758, 7412, 13533, 1371, 6647, 14280, 13605, 18917, 1349, 13569, 18980, 1772, 13537, 13532, 16587, 3025, 13535, 1328, 1710, 18992, 18988, 7415, 8931, 19002, 3561, 3551, 13611, 12460, 7054, 1336, 1303, 185, 1608, 19000, 18998, 1295, 1332, 1701, 19388, 1331, 1321, 5990, 2604, 4852, 2591, 12666, 6677, 15750, 11853, 1785, 13548, 1273, 5987, 1325, 13603, 18986, 6497, 1147, 12471, 1366, 1878, 16588, 2605, 1619, 1283, 15749, 3533, 1687, 1229, 3027, 1291, 6662, 1330, 18961, 1723, 1338, 6682, 1286, 1700, 3073, 1678, 1301, 13564, 3562, 12982, 1312, 7119, 2536, 1300, 22028, 15119, 12651, 16565, 2526, 1374, 15418, 19011, 1319, 3076, 3067, 1754, 7116, 19021, 19003, 12656, 1793, 1639, 16027, 7104, 19010, 1615, 12657, 7402, 1679, 2548, 1158, 5392, 18976, 1309, 7409, 1768, 6695, 1641, 3575, 7420, 1784, 1221, 1527, 8932, 16558, 6501, 19020, 13553, 2525, 19398, 13568, 12506, 12633, 5188, 7406, 12889, 1337, 6466, 8915, 18989, 3038, 3581, 1304, 2562, 16568, 6644, 13465, 1880, 19357, 12983, 19024, 13575, 13338, 16591, 14204, 13549, 6500, 16583, 3534, 12637, 2594, 18969, 1363, 7122, 6469, 7127, 12655, 1287, 16582, 12622, 16576, 16579, 11854, 14202, 1380, 2551, 14220, 19005, 12462, 2573, 2542, 1743, 6474, 6696, 1344, 12642, 16581, 6471, 1311, 16569, 16564, 3559, 1877, 13856, 19354, 18936, 3354, 235, 2564, 1156, 5999, 18923, 3597, 7380, 1133, 1294, 15431, 1305, 1605, 12466, 1315, 19023, 15751, 187, 15079, 1713, 3075, 18881, 2575, 1711, 10751, 16028, 238, 16589, 7382, 18874, 1225, 1159, 12458, 3070, 16571, 7128, 18985, 1164, 2569, 5265, 1637, 16562, 1381, 3555, 12508, 2565, 1868, 14221, 6547, 3550, 1750, 6495, 1602, 6694, 1727, 13404, 1211, 1604, 12621, 16567, 12628, 13467, 1646, 2579, 7113, 1131, 19587, 8933, 1783]
[196, 6646, 2534, 18942, 1137, 6650, 6679, 12510, 18953, 1873, 5993, 6659, 3068, 6656, 16550, 2556, 6684, 1616, 1795, 1290, 1773, 6660, 19616, 1731, 15121, 198, 19015, 19597, 13617, 1122, 1758, 7412, 13533, 1371, 6647, 14280, 13605, 18917, 1349, 13569, 18980, 1772, 13537, 13532, 16587, 3025, 13535, 1328, 1710, 18992, 18988, 7415, 8931, 19002, 3561, 3551, 13611, 12460, 7054, 1336, 1303, 185, 1608, 19000, 18998, 1295, 1332, 1701, 19388, 1331, 1321, 5990, 2604, 4852, 2591, 12666, 6677, 15750, 11853, 1785, 13548, 1273, 5987, 1325, 13603, 18986, 6497, 1147, 12471, 1366, 1878, 16588, 2605, 1619, 1283, 15749, 3533, 1687, 1229, 3027, 1291, 6662, 1330, 18961, 1723, 1338, 6682, 1286, 1700, 3073, 1678, 1301, 13564, 3562, 12982, 1312, 7119, 2536, 1300, 22028, 15119, 12651, 16565, 2526, 1374, 15418, 19011, 1319, 3076, 3067, 1754, 7116, 19021, 19003, 12656, 1793, 1639, 16027, 7104, 19010, 1615, 12657, 7402, 1679, 2548, 1158, 5392, 18976, 1309, 7409, 1768, 6695, 1641, 3575, 7420, 1784, 1221, 1527, 8932, 16558, 6501, 19020, 13553, 2525, 19398, 13568, 12506, 12633, 5188, 7406, 12889, 1337, 6466, 8915, 18989, 3038, 3581, 1304, 2562, 16568, 6644, 13465, 1880, 19357, 12983, 19024, 13575, 13338, 16591, 14204, 13549, 6500, 16583, 3534, 12637, 2594, 18969, 1363, 7122, 6469, 7127, 12655, 1287, 16582, 12622, 16576, 16579, 11854, 14202, 1380, 2551, 14220, 19005, 12462, 2573, 2542, 1743, 6474, 6696, 1344, 12642, 16581, 6471, 1311, 16569, 16564, 3559, 1877, 13856, 19354, 18936, 3354, 235, 2564, 1156, 5999, 18923, 3597, 7380, 1133, 1294, 15431, 1305, 1605, 12466, 1315, 19023, 15751, 187, 15079, 1713, 3075, 18881, 2575, 1711, 10751, 16028, 238, 16589, 7382, 18874, 1225, 1159, 12458, 3070, 16571, 7128, 18985, 1164, 2569, 5265, 1637, 16562, 1381, 3555, 12508, 2565, 1868, 14221, 6547, 3550, 1750, 6495, 1602, 6694, 1727, 13404, 1211, 1604, 12621, 16567, 12628, 13467, 1646, 2579, 7113, 1131, 19587, 8933, 1783]
[196, 6646, 2534, 18942, 1137, 6650, 6679, 12510, 18953, 1873, 5993, 6659, 3068, 6656, 16550, 2556, 6684, 1616, 1795, 1290, 1773, 6660, 19616, 1731, 15121, 198, 19015, 19597, 13617, 1122, 1758, 7412, 13533, 1371, 6647, 14280, 13605, 18917, 1349, 13569, 18980, 1772, 13537, 13532, 16587, 3025, 13535, 1328, 1710, 18992, 18988, 7415, 8931, 19002, 3561, 3551, 13611, 12460, 7054, 1336, 1303, 185, 1608, 19000, 18998, 1295, 1332, 1701, 19388, 1331, 1321, 5990, 2604, 4852, 2591, 12666, 6677, 15750, 11853, 1785, 13548, 1273, 5987, 1325, 13603, 18986, 6497, 1147, 12471, 1366, 1878, 16588, 2605, 1619, 1283, 15749, 3533, 1687, 1229, 3027, 1291, 6662, 1330, 18961, 1723, 1338, 6682, 1286, 1700, 3073, 1678, 1301, 13564, 3562, 12982, 1312, 7119, 2536, 1300, 22028, 15119, 12651, 16565, 2526, 1374, 15418, 19011, 1319, 3076, 3067, 1754, 7116, 19021, 19003, 12656, 1793, 1639, 16027, 7104, 19010, 1615, 12657, 7402, 1679, 2548, 1158, 5392, 18976, 1309, 7409, 1768, 6695, 1641, 3575, 7420, 1784, 1221, 1527, 8932, 16558, 6501, 19020, 13553, 2525, 19398, 13568, 12506, 12633, 5188, 7406, 12889, 1337, 6466, 8915, 18989, 3038, 3581, 1304, 2562, 16568, 6644, 13465, 1880, 19357, 12983, 19024, 13575, 13338, 16591, 14204, 13549, 6500, 16583, 3534, 12637, 2594, 18969, 1363, 7122, 6469, 7127, 12655, 1287, 16582, 12622, 16576, 16579, 11854, 14202, 1380, 2551, 14220, 19005, 12462, 2573, 2542, 1743, 6474, 6696, 1344, 12642, 16581, 6471, 1311, 16569, 16564, 3559, 1877, 13856, 19354, 18936, 3354, 235, 2564, 1156, 5999, 18923, 3597, 7380, 1133, 1294, 15431, 1305, 1605, 12466, 1315, 19023, 15751, 187, 15079, 1713, 3075, 18881, 2575, 1711, 10751, 16028, 238, 16589, 7382, 18874, 1225, 1159, 12458, 3070, 16571, 7128, 18985, 1164, 2569, 5265, 1637, 16562, 1381, 3555, 12508, 2565, 1868, 14221, 6547, 3550, 1750, 6495, 1602, 6694, 1727, 13404, 1211, 1604, 12621, 16567, 12628, 13467, 1646, 2579, 7113, 1131, 19587, 8933, 1783]
[196, 6646, 2534, 18942, 1137, 6650, 6679, 12510, 18953, 1873, 5993, 6659, 3068, 6656, 16550, 2556, 6684, 1616, 1795, 1290, 1773, 6660, 19616, 1731, 15121, 198, 19015, 19597, 13617, 1122, 1758, 7412, 13533, 1371, 6647, 14280, 13605, 18917, 1349, 13569, 18980, 1772, 13537, 13532, 16587, 3025, 13535, 1328, 1710, 18992, 18988, 7415, 8931, 19002, 3561, 3551, 13611, 12460, 7054, 1336, 1303, 185, 1608, 19000, 18998, 1295, 1332, 1701, 19388, 1331, 1321, 5990, 2604, 4852, 2591, 12666, 6677, 15750, 11853, 1785, 13548, 1273, 5987, 1325, 13603, 18986, 6497, 1147, 12471, 1366, 1878, 16588, 2605, 1619, 1283, 15749, 3533, 1687, 1229, 3027, 1291, 6662, 1330, 18961, 1723, 1338, 6682, 1286, 1700, 3073, 1678, 1301, 13564, 3562, 12982, 1312, 7119, 2536, 1300, 22028, 15119, 12651, 16565, 2526, 1374, 15418, 19011, 1319, 3076, 3067, 1754, 7116, 19021, 19003, 12656, 1793, 1639, 16027, 7104, 19010, 1615, 12657, 7402, 1679, 2548, 1158, 5392, 18976, 1309, 7409, 1768, 6695, 1641, 3575, 7420, 1784, 1221, 1527, 8932, 16558, 6501, 19020, 13553, 2525, 19398, 13568, 12506, 12633, 5188, 7406, 12889, 1337, 6466, 8915, 18989, 3038, 3581, 1304, 2562, 16568, 6644, 13465, 1880, 19357, 12983, 19024, 13575, 13338, 16591, 14204, 13549, 6500, 16583, 3534, 12637, 2594, 18969, 1363, 7122, 6469, 7127, 12655, 1287, 16582, 12622, 16576, 16579, 11854, 14202, 1380, 2551, 14220, 19005, 12462, 2573, 2542, 1743, 6474, 6696, 1344, 12642, 16581, 6471, 1311, 16569, 16564, 3559, 1877, 13856, 19354, 18936, 3354, 235, 2564, 1156, 5999, 18923, 3597, 7380, 1133, 1294, 15431, 1305, 1605, 12466, 1315, 19023, 15751, 187, 15079, 1713, 3075, 18881, 2575, 1711, 10751, 16028, 238, 16589, 7382, 18874, 1225, 1159, 12458, 3070, 16571, 7128, 18985, 1164, 2569, 5265, 1637, 16562, 1381, 3555, 12508, 2565, 1868, 14221, 6547, 3550, 1750, 6495, 1602, 6694, 1727, 13404, 1211, 1604, 12621, 16567, 12628, 13467, 1646, 2579, 7113, 1131, 19587, 8933, 1783]
[196, 6646, 2534, 18942, 1137, 6650, 6679, 12510, 18953, 1873, 5993, 6659, 3068, 6656, 16550, 2556, 6684, 1616, 1795, 1290, 1773, 6660, 19616, 1731, 15121, 198, 19015, 19597, 13617, 1122, 1758, 7412, 13533, 1371, 6647, 14280, 13605, 18917, 1349, 13569, 18980, 1772, 13537, 13532, 16587, 3025, 13535, 1328, 1710, 18992, 18988, 7415, 8931, 19002, 3561, 3551, 13611, 12460, 7054, 1336, 1303, 185, 1608, 19000, 18998, 1295, 1332, 1701, 19388, 1331, 1321, 5990, 2604, 4852, 2591, 12666, 6677, 15750, 11853, 1785, 13548, 1273, 5987, 1325, 13603, 18986, 6497, 1147, 12471, 1366, 1878, 16588, 2605, 1619, 1283, 15749, 3533, 1687, 1229, 3027, 1291, 6662, 1330, 18961, 1723, 1338, 6682, 1286, 1700, 3073, 1678, 1301, 13564, 3562, 12982, 1312, 7119, 2536, 1300, 22028, 15119, 12651, 16565, 2526, 1374, 15418, 19011, 1319, 3076, 3067, 1754, 7116, 19021, 19003, 12656, 1793, 1639, 16027, 7104, 19010, 1615, 12657, 7402, 1679, 2548, 1158, 5392, 18976, 1309, 7409, 1768, 6695, 1641, 3575, 7420, 1784, 1221, 1527, 8932, 16558, 6501, 19020, 13553, 2525, 19398, 13568, 12506, 12633, 5188, 7406, 12889, 1337, 6466, 8915, 18989, 3038, 3581, 1304, 2562, 16568, 6644, 13465, 1880, 19357, 12983, 19024, 13575, 13338, 16591, 14204, 13549, 6500, 16583, 3534, 12637, 2594, 18969, 1363, 7122, 6469, 7127, 12655, 1287, 16582, 12622, 16576, 16579, 11854, 14202, 1380, 2551, 14220, 19005, 12462, 2573, 2542, 1743, 6474, 6696, 1344, 12642, 16581, 6471, 1311, 16569, 16564, 3559, 1877, 13856, 19354, 18936, 3354, 235, 2564, 1156, 5999, 18923, 3597, 7380, 1133, 1294, 15431, 1305, 1605, 12466, 1315, 19023, 15751, 187, 15079, 1713, 3075, 18881, 2575, 1711, 10751, 16028, 238, 16589, 7382, 18874, 1225, 1159, 12458, 3070, 16571, 7128, 18985, 1164, 2569, 5265, 1637, 16562, 1381, 3555, 12508, 2565, 1868, 14221, 6547, 3550, 1750, 6495, 1602, 6694, 1727, 13404, 1211, 1604, 12621, 16567, 12628, 13467, 1646, 2579, 7113, 1131, 19587, 8933, 1783]
[196, 6646, 2534, 18942, 1137, 6650, 6679, 12510, 18953, 1873, 5993, 6659, 3068, 6656, 16550, 2556, 6684, 1616, 1795, 1290, 1773, 6660, 19616, 1731, 15121, 198, 19015, 19597, 13617, 1122, 1758, 7412, 13533, 1371, 6647, 14280, 13605, 18917, 1349, 13569, 18980, 1772, 13537, 13532, 16587, 3025, 13535, 1328, 1710, 18992, 18988, 7415, 8931, 19002, 3561, 3551, 13611, 12460, 7054, 1336, 1303, 185, 1608, 19000, 18998, 1295, 1332, 1701, 19388, 1331, 1321, 5990, 2604, 4852, 2591, 12666, 6677, 15750, 11853, 1785, 13548, 1273, 5987, 1325, 13603, 18986, 6497, 1147, 12471, 1366, 1878, 16588, 2605, 1619, 1283, 15749, 3533, 1687, 1229, 3027, 1291, 6662, 1330, 18961, 1723, 1338, 6682, 1286, 1700, 3073, 1678, 1301, 13564, 3562, 12982, 1312, 7119, 2536, 1300, 22028, 15119, 12651, 16565, 2526, 1374, 15418, 19011, 1319, 3076, 3067, 1754, 7116, 19021, 19003, 12656, 1793, 1639, 16027, 7104, 19010, 1615, 12657, 7402, 1679, 2548, 1158, 5392, 18976, 1309, 7409, 1768, 6695, 1641, 3575, 7420, 1784, 1221, 1527, 8932, 16558, 6501, 19020, 13553, 2525, 19398, 13568, 12506, 12633, 5188, 7406, 12889, 1337, 6466, 8915, 18989, 3038, 3581, 1304, 2562, 16568, 6644, 13465, 1880, 19357, 12983, 19024, 13575, 13338, 16591, 14204, 13549, 6500, 16583, 3534, 12637, 2594, 18969, 1363, 7122, 6469, 7127, 12655, 1287, 16582, 12622, 16576, 16579, 11854, 14202, 1380, 2551, 14220, 19005, 12462, 2573, 2542, 1743, 6474, 6696, 1344, 12642, 16581, 6471, 1311, 16569, 16564, 3559, 1877, 13856, 19354, 18936, 3354, 235, 2564, 1156, 5999, 18923, 3597, 7380, 1133, 1294, 15431, 1305, 1605, 12466, 1315, 19023, 15751, 187, 15079, 1713, 3075, 18881, 2575, 1711, 10751, 16028, 238, 16589, 7382, 18874, 1225, 1159, 12458, 3070, 16571, 7128, 18985, 1164, 2569, 5265, 1637, 16562, 1381, 3555, 12508, 2565, 1868, 14221, 6547, 3550, 1750, 6495, 1602, 6694, 1727, 13404, 1211, 1604, 12621, 16567, 12628, 13467, 1646, 2579, 7113, 1131, 19587, 8933, 1783]
[196, 6646, 2534, 18942, 1137, 6650, 6679, 12510, 18953, 1873, 5993, 6659, 3068, 6656, 16550, 2556, 6684, 1616, 1795, 1290, 1773, 6660, 19616, 1731, 15121, 198, 19015, 19597, 13617, 1122, 1758, 7412, 13533, 1371, 6647, 14280, 13605, 18917, 1349, 13569, 18980, 1772, 13537, 13532, 16587, 3025, 13535, 1328, 1710, 18992, 18988, 7415, 8931, 19002, 3561, 3551, 13611, 12460, 7054, 1336, 1303, 185, 1608, 19000, 18998, 1295, 1332, 1701, 19388, 1331, 1321, 5990, 2604, 4852, 2591, 12666, 6677, 15750, 11853, 1785, 13548, 1273, 5987, 1325, 13603, 18986, 6497, 1147, 12471, 1366, 1878, 16588, 2605, 1619, 1283, 15749, 3533, 1687, 1229, 3027, 1291, 6662, 1330, 18961, 1723, 1338, 6682, 1286, 1700, 3073, 1678, 1301, 13564, 3562, 12982, 1312, 7119, 2536, 1300, 22028, 15119, 12651, 16565, 2526, 1374, 15418, 19011, 1319, 3076, 3067, 1754, 7116, 19021, 19003, 12656, 1793, 1639, 16027, 7104, 19010, 1615, 12657, 7402, 1679, 2548, 1158, 5392, 18976, 1309, 7409, 1768, 6695, 1641, 3575, 7420, 1784, 1221, 1527, 8932, 16558, 6501, 19020, 13553, 2525, 19398, 13568, 12506, 12633, 5188, 7406, 12889, 1337, 6466, 8915, 18989, 3038, 3581, 1304, 2562, 16568, 6644, 13465, 1880, 19357, 12983, 19024, 13575, 13338, 16591, 14204, 13549, 6500, 16583, 3534, 12637, 2594, 18969, 1363, 7122, 6469, 7127, 12655, 1287, 16582, 12622, 16576, 16579, 11854, 14202, 1380, 2551, 14220, 19005, 12462, 2573, 2542, 1743, 6474, 6696, 1344, 12642, 16581, 6471, 1311, 16569, 16564, 3559, 1877, 13856, 19354, 18936, 3354, 235, 2564, 1156, 5999, 18923, 3597, 7380, 1133, 1294, 15431, 1305, 1605, 12466, 1315, 19023, 15751, 187, 15079, 1713, 3075, 18881, 2575, 1711, 10751, 16028, 238, 16589, 7382, 18874, 1225, 1159, 12458, 3070, 16571, 7128, 18985, 1164, 2569, 5265, 1637, 16562, 1381, 3555, 12508, 2565, 1868, 14221, 6547, 3550, 1750, 6495, 1602, 6694, 1727, 13404, 1211, 1604, 12621, 16567, 12628, 13467, 1646, 2579, 7113, 1131, 19587, 8933, 1783]
[196, 6646, 2534, 18942, 1137, 6650, 6679, 12510, 18953, 1873, 5993, 6659, 3068, 6656, 16550, 2556, 6684, 1616, 1795, 1290, 1773, 6660, 19616, 1731, 15121, 198, 19015, 19597, 13617, 1122, 1758, 7412, 13533, 1371, 6647, 14280, 13605, 18917, 1349, 13569, 18980, 1772, 13537, 13532, 16587, 3025, 13535, 1328, 1710, 18992, 18988, 7415, 8931, 19002, 3561, 3551, 13611, 12460, 7054, 1336, 1303, 185, 1608, 19000, 18998, 1295, 1332, 1701, 19388, 1331, 1321, 5990, 2604, 4852, 2591, 12666, 6677, 15750, 11853, 1785, 13548, 1273, 5987, 1325, 13603, 18986, 6497, 1147, 12471, 1366, 1878, 16588, 2605, 1619, 1283, 15749, 3533, 1687, 1229, 3027, 1291, 6662, 1330, 18961, 1723, 1338, 6682, 1286, 1700, 3073, 1678, 1301, 13564, 3562, 12982, 1312, 7119, 2536, 1300, 22028, 15119, 12651, 16565, 2526, 1374, 15418, 19011, 1319, 3076, 3067, 1754, 7116, 19021, 19003, 12656, 1793, 1639, 16027, 7104, 19010, 1615, 12657, 7402, 1679, 2548, 1158, 5392, 18976, 1309, 7409, 1768, 6695, 1641, 3575, 7420, 1784, 1221, 1527, 8932, 16558, 6501, 19020, 13553, 2525, 19398, 13568, 12506, 12633, 5188, 7406, 12889, 1337, 6466, 8915, 18989, 3038, 3581, 1304, 2562, 16568, 6644, 13465, 1880, 19357, 12983, 19024, 13575, 13338, 16591, 14204, 13549, 6500, 16583, 3534, 12637, 2594, 18969, 1363, 7122, 6469, 7127, 12655, 1287, 16582, 12622, 16576, 16579, 11854, 14202, 1380, 2551, 14220, 19005, 12462, 2573, 2542, 1743, 6474, 6696, 1344, 12642, 16581, 6471, 1311, 16569, 16564, 3559, 1877, 13856, 19354, 18936, 3354, 235, 2564, 1156, 5999, 18923, 3597, 7380, 1133, 1294, 15431, 1305, 1605, 12466, 1315, 19023, 15751, 187, 15079, 1713, 3075, 18881, 2575, 1711, 10751, 16028, 238, 16589, 7382, 18874, 1225, 1159, 12458, 3070, 16571, 7128, 18985, 1164, 2569, 5265, 1637, 16562, 1381, 3555, 12508, 2565, 1868, 14221, 6547, 3550, 1750, 6495, 1602, 6694, 1727, 13404, 1211, 1604, 12621, 16567, 12628, 13467, 1646, 2579, 7113, 1131, 19587, 8933, 1783]
[196, 6646, 2534, 18942, 1137, 6650, 6679, 12510, 18953, 1873, 5993, 6659, 3068, 6656, 16550, 2556, 6684, 1616, 1795, 1290, 1773, 6660, 19616, 1731, 15121, 198, 19015, 19597, 13617, 1122, 1758, 7412, 13533, 1371, 6647, 14280, 13605, 18917, 1349, 13569, 18980, 1772, 13537, 13532, 16587, 3025, 13535, 1328, 1710, 18992, 18988, 7415, 8931, 19002, 3561, 3551, 13611, 12460, 7054, 1336, 1303, 185, 1608, 19000, 18998, 1295, 1332, 1701, 19388, 1331, 1321, 5990, 2604, 4852, 2591, 12666, 6677, 15750, 11853, 1785, 13548, 1273, 5987, 1325, 13603, 18986, 6497, 1147, 12471, 1366, 1878, 16588, 2605, 1619, 1283, 15749, 3533, 1687, 1229, 3027, 1291, 6662, 1330, 18961, 1723, 1338, 6682, 1286, 1700, 3073, 1678, 1301, 13564, 3562, 12982, 1312, 7119, 2536, 1300, 22028, 15119, 12651, 16565, 2526, 1374, 15418, 19011, 1319, 3076, 3067, 1754, 7116, 19021, 19003, 12656, 1793, 1639, 16027, 7104, 19010, 1615, 12657, 7402, 1679, 2548, 1158, 5392, 18976, 1309, 7409, 1768, 6695, 1641, 3575, 7420, 1784, 1221, 1527, 8932, 16558, 6501, 19020, 13553, 2525, 19398, 13568, 12506, 12633, 5188, 7406, 12889, 1337, 6466, 8915, 18989, 3038, 3581, 1304, 2562, 16568, 6644, 13465, 1880, 19357, 12983, 19024, 13575, 13338, 16591, 14204, 13549, 6500, 16583, 3534, 12637, 2594, 18969, 1363, 7122, 6469, 7127, 12655, 1287, 16582, 12622, 16576, 16579, 11854, 14202, 1380, 2551, 14220, 19005, 12462, 2573, 2542, 1743, 6474, 6696, 1344, 12642, 16581, 6471, 1311, 16569, 16564, 3559, 1877, 13856, 19354, 18936, 3354, 235, 2564, 1156, 5999, 18923, 3597, 7380, 1133, 1294, 15431, 1305, 1605, 12466, 1315, 19023, 15751, 187, 15079, 1713, 3075, 18881, 2575, 1711, 10751, 16028, 238, 16589, 7382, 18874, 1225, 1159, 12458, 3070, 16571, 7128, 18985, 1164, 2569, 5265, 1637, 16562, 1381, 3555, 12508, 2565, 1868, 14221, 6547, 3550, 1750, 6495, 1602, 6694, 1727, 13404, 1211, 1604, 12621, 16567, 12628, 13467, 1646, 2579, 7113, 1131, 19587, 8933, 1783]
[196, 6646, 2534, 18942, 1137, 6650, 6679, 12510, 18953, 1873, 5993, 6659, 3068, 6656, 16550, 2556, 6684, 1616, 1795, 1290, 1773, 6660, 19616, 1731, 15121, 198, 19015, 19597, 13617, 1122, 1758, 7412, 13533, 1371, 6647, 14280, 13605, 18917, 1349, 13569, 18980, 1772, 13537, 13532, 16587, 3025, 13535, 1328, 1710, 18992, 18988, 7415, 8931, 19002, 3561, 3551, 13611, 12460, 7054, 1336, 1303, 185, 1608, 19000, 18998, 1295, 1332, 1701, 19388, 1331, 1321, 5990, 2604, 4852, 2591, 12666, 6677, 15750, 11853, 1785, 13548, 1273, 5987, 1325, 13603, 18986, 6497, 1147, 12471, 1366, 1878, 16588, 2605, 1619, 1283, 15749, 3533, 1687, 1229, 3027, 1291, 6662, 1330, 18961, 1723, 1338, 6682, 1286, 1700, 3073, 1678, 1301, 13564, 3562, 12982, 1312, 7119, 2536, 1300, 22028, 15119, 12651, 16565, 2526, 1374, 15418, 19011, 1319, 3076, 3067, 1754, 7116, 19021, 19003, 12656, 1793, 1639, 16027, 7104, 19010, 1615, 12657, 7402, 1679, 2548, 1158, 5392, 18976, 1309, 7409, 1768, 6695, 1641, 3575, 7420, 1784, 1221, 1527, 8932, 16558, 6501, 19020, 13553, 2525, 19398, 13568, 12506, 12633, 5188, 7406, 12889, 1337, 6466, 8915, 18989, 3038, 3581, 1304, 2562, 16568, 6644, 13465, 1880, 19357, 12983, 19024, 13575, 13338, 16591, 14204, 13549, 6500, 16583, 3534, 12637, 2594, 18969, 1363, 7122, 6469, 7127, 12655, 1287, 16582, 12622, 16576, 16579, 11854, 14202, 1380, 2551, 14220, 19005, 12462, 2573, 2542, 1743, 6474, 6696, 1344, 12642, 16581, 6471, 1311, 16569, 16564, 3559, 1877, 13856, 19354, 18936, 3354, 235, 2564, 1156, 5999, 18923, 3597, 7380, 1133, 1294, 15431, 1305, 1605, 12466, 1315, 19023, 15751, 187, 15079, 1713, 3075, 18881, 2575, 1711, 10751, 16028, 238, 16589, 7382, 18874, 1225, 1159, 12458, 3070, 16571, 7128, 18985, 1164, 2569, 5265, 1637, 16562, 1381, 3555, 12508, 2565, 1868, 14221, 6547, 3550, 1750, 6495, 1602, 6694, 1727, 13404, 1211, 1604, 12621, 16567, 12628, 13467, 1646, 2579, 7113, 1131, 19587, 8933, 1783]
[196, 6646, 2534, 18942, 1137, 6650, 6679, 12510, 18953, 1873, 5993, 6659, 3068, 6656, 16550, 2556, 6684, 1616, 1795, 1290, 1773, 6660, 19616, 1731, 15121, 198, 19015, 19597, 13617, 1122, 1758, 7412, 13533, 1371, 6647, 14280, 13605, 18917, 1349, 13569, 18980, 1772, 13537, 13532, 16587, 3025, 13535, 1328, 1710, 18992, 18988, 7415, 8931, 19002, 3561, 3551, 13611, 12460, 7054, 1336, 1303, 185, 1608, 19000, 18998, 1295, 1332, 1701, 19388, 1331, 1321, 5990, 2604, 4852, 2591, 12666, 6677, 15750, 11853, 1785, 13548, 1273, 5987, 1325, 13603, 18986, 6497, 1147, 12471, 1366, 1878, 16588, 2605, 1619, 1283, 15749, 3533, 1687, 1229, 3027, 1291, 6662, 1330, 18961, 1723, 1338, 6682, 1286, 1700, 3073, 1678, 1301, 13564, 3562, 12982, 1312, 7119, 2536, 1300, 22028, 15119, 12651, 16565, 2526, 1374, 15418, 19011, 1319, 3076, 3067, 1754, 7116, 19021, 19003, 12656, 1793, 1639, 16027, 7104, 19010, 1615, 12657, 7402, 1679, 2548, 1158, 5392, 18976, 1309, 7409, 1768, 6695, 1641, 3575, 7420, 1784, 1221, 1527, 8932, 16558, 6501, 19020, 13553, 2525, 19398, 13568, 12506, 12633, 5188, 7406, 12889, 1337, 6466, 8915, 18989, 3038, 3581, 1304, 2562, 16568, 6644, 13465, 1880, 19357, 12983, 19024, 13575, 13338, 16591, 14204, 13549, 6500, 16583, 3534, 12637, 2594, 18969, 1363, 7122, 6469, 7127, 12655, 1287, 16582, 12622, 16576, 16579, 11854, 14202, 1380, 2551, 14220, 19005, 12462, 2573, 2542, 1743, 6474, 6696, 1344, 12642, 16581, 6471, 1311, 16569, 16564, 3559, 1877, 13856, 19354, 18936, 3354, 235, 2564, 1156, 5999, 18923, 3597, 7380, 1133, 1294, 15431, 1305, 1605, 12466, 1315, 19023, 15751, 187, 15079, 1713, 3075, 18881, 2575, 1711, 10751, 16028, 238, 16589, 7382, 18874, 1225, 1159, 12458, 3070, 16571, 7128, 18985, 1164, 2569, 5265, 1637, 16562, 1381, 3555, 12508, 2565, 1868, 14221, 6547, 3550, 1750, 6495, 1602, 6694, 1727, 13404, 1211, 1604, 12621, 16567, 12628, 13467, 1646, 2579, 7113, 1131, 19587, 8933, 1783]
[196, 6646, 2534, 18942, 1137, 6650, 6679, 12510, 18953, 1873, 5993, 6659, 3068, 6656, 16550, 2556, 6684, 1616, 1795, 1290, 1773, 6660, 19616, 1731, 15121, 198, 19015, 19597, 13617, 1122, 1758, 7412, 13533, 1371, 6647, 14280, 13605, 18917, 1349, 13569, 18980, 1772, 13537, 13532, 16587, 3025, 13535, 1328, 1710, 18992, 18988, 7415, 8931, 19002, 3561, 3551, 13611, 12460, 7054, 1336, 1303, 185, 1608, 19000, 18998, 1295, 1332, 1701, 19388, 1331, 1321, 5990, 2604, 4852, 2591, 12666, 6677, 15750, 11853, 1785, 13548, 1273, 5987, 1325, 13603, 18986, 6497, 1147, 12471, 1366, 1878, 16588, 2605, 1619, 1283, 15749, 3533, 1687, 1229, 3027, 1291, 6662, 1330, 18961, 1723, 1338, 6682, 1286, 1700, 3073, 1678, 1301, 13564, 3562, 12982, 1312, 7119, 2536, 1300, 22028, 15119, 12651, 16565, 2526, 1374, 15418, 19011, 1319, 3076, 3067, 1754, 7116, 19021, 19003, 12656, 1793, 1639, 16027, 7104, 19010, 1615, 12657, 7402, 1679, 2548, 1158, 5392, 18976, 1309, 7409, 1768, 6695, 1641, 3575, 7420, 1784, 1221, 1527, 8932, 16558, 6501, 19020, 13553, 2525, 19398, 13568, 12506, 12633, 5188, 7406, 12889, 1337, 6466, 8915, 18989, 3038, 3581, 1304, 2562, 16568, 6644, 13465, 1880, 19357, 12983, 19024, 13575, 13338, 16591, 14204, 13549, 6500, 16583, 3534, 12637, 2594, 18969, 1363, 7122, 6469, 7127, 12655, 1287, 16582, 12622, 16576, 16579, 11854, 14202, 1380, 2551, 14220, 19005, 12462, 2573, 2542, 1743, 6474, 6696, 1344, 12642, 16581, 6471, 1311, 16569, 16564, 3559, 1877, 13856, 19354, 18936, 3354, 235, 2564, 1156, 5999, 18923, 3597, 7380, 1133, 1294, 15431, 1305, 1605, 12466, 1315, 19023, 15751, 187, 15079, 1713, 3075, 18881, 2575, 1711, 10751, 16028, 238, 16589, 7382, 18874, 1225, 1159, 12458, 3070, 16571, 7128, 18985, 1164, 2569, 5265, 1637, 16562, 1381, 3555, 12508, 2565, 1868, 14221, 6547, 3550, 1750, 6495, 1602, 6694, 1727, 13404, 1211, 1604, 12621, 16567, 12628, 13467, 1646, 2579, 7113, 1131, 19587, 8933, 1783]
[196, 6646, 2534, 18942, 1137, 6650, 6679, 12510, 18953, 1873, 5993, 6659, 3068, 6656, 16550, 2556, 6684, 1616, 1795, 1290, 1773, 6660, 19616, 1731, 15121, 198, 19015, 19597, 13617, 1122, 1758, 7412, 13533, 1371, 6647, 14280, 13605, 18917, 1349, 13569, 18980, 1772, 13537, 13532, 16587, 3025, 13535, 1328, 1710, 18992, 18988, 7415, 8931, 19002, 3561, 3551, 13611, 12460, 7054, 1336, 1303, 185, 1608, 19000, 18998, 1295, 1332, 1701, 19388, 1331, 1321, 5990, 2604, 4852, 2591, 12666, 6677, 15750, 11853, 1785, 13548, 1273, 5987, 1325, 13603, 18986, 6497, 1147, 12471, 1366, 1878, 16588, 2605, 1619, 1283, 15749, 3533, 1687, 1229, 3027, 1291, 6662, 1330, 18961, 1723, 1338, 6682, 1286, 1700, 3073, 1678, 1301, 13564, 3562, 12982, 1312, 7119, 2536, 1300, 22028, 15119, 12651, 16565, 2526, 1374, 15418, 19011, 1319, 3076, 3067, 1754, 7116, 19021, 19003, 12656, 1793, 1639, 16027, 7104, 19010, 1615, 12657, 7402, 1679, 2548, 1158, 5392, 18976, 1309, 7409, 1768, 6695, 1641, 3575, 7420, 1784, 1221, 1527, 8932, 16558, 6501, 19020, 13553, 2525, 19398, 13568, 12506, 12633, 5188, 7406, 12889, 1337, 6466, 8915, 18989, 3038, 3581, 1304, 2562, 16568, 6644, 13465, 1880, 19357, 12983, 19024, 13575, 13338, 16591, 14204, 13549, 6500, 16583, 3534, 12637, 2594, 18969, 1363, 7122, 6469, 7127, 12655, 1287, 16582, 12622, 16576, 16579, 11854, 14202, 1380, 2551, 14220, 19005, 12462, 2573, 2542, 1743, 6474, 6696, 1344, 12642, 16581, 6471, 1311, 16569, 16564, 3559, 1877, 13856, 19354, 18936, 3354, 235, 2564, 1156, 5999, 18923, 3597, 7380, 1133, 1294, 15431, 1305, 1605, 12466, 1315, 19023, 15751, 187, 15079, 1713, 3075, 18881, 2575, 1711, 10751, 16028, 238, 16589, 7382, 18874, 1225, 1159, 12458, 3070, 16571, 7128, 18985, 1164, 2569, 5265, 1637, 16562, 1381, 3555, 12508, 2565, 1868, 14221, 6547, 3550, 1750, 6495, 1602, 6694, 1727, 13404, 1211, 1604, 12621, 16567, 12628, 13467, 1646, 2579, 7113, 1131, 19587, 8933, 1783]
[196, 6646, 2534, 18942, 1137, 6650, 6679, 12510, 18953, 1873, 5993, 6659, 3068, 6656, 16550, 2556, 6684, 1616, 1795, 1290, 1773, 6660, 19616, 1731, 15121, 198, 19015, 19597, 13617, 1122, 1758, 7412, 13533, 1371, 6647, 14280, 13605, 18917, 1349, 13569, 18980, 1772, 13537, 13532, 16587, 3025, 13535, 1328, 1710, 18992, 18988, 7415, 8931, 19002, 3561, 3551, 13611, 12460, 7054, 1336, 1303, 185, 1608, 19000, 18998, 1295, 1332, 1701, 19388, 1331, 1321, 5990, 2604, 4852, 2591, 12666, 6677, 15750, 11853, 1785, 13548, 1273, 5987, 1325, 13603, 18986, 6497, 1147, 12471, 1366, 1878, 16588, 2605, 1619, 1283, 15749, 3533, 1687, 1229, 3027, 1291, 6662, 1330, 18961, 1723, 1338, 6682, 1286, 1700, 3073, 1678, 1301, 13564, 3562, 12982, 1312, 7119, 2536, 1300, 22028, 15119, 12651, 16565, 2526, 1374, 15418, 19011, 1319, 3076, 3067, 1754, 7116, 19021, 19003, 12656, 1793, 1639, 16027, 7104, 19010, 1615, 12657, 7402, 1679, 2548, 1158, 5392, 18976, 1309, 7409, 1768, 6695, 1641, 3575, 7420, 1784, 1221, 1527, 8932, 16558, 6501, 19020, 13553, 2525, 19398, 13568, 12506, 12633, 5188, 7406, 12889, 1337, 6466, 8915, 18989, 3038, 3581, 1304, 2562, 16568, 6644, 13465, 1880, 19357, 12983, 19024, 13575, 13338, 16591, 14204, 13549, 6500, 16583, 3534, 12637, 2594, 18969, 1363, 7122, 6469, 7127, 12655, 1287, 16582, 12622, 16576, 16579, 11854, 14202, 1380, 2551, 14220, 19005, 12462, 2573, 2542, 1743, 6474, 6696, 1344, 12642, 16581, 6471, 1311, 16569, 16564, 3559, 1877, 13856, 19354, 18936, 3354, 235, 2564, 1156, 5999, 18923, 3597, 7380, 1133, 1294, 15431, 1305, 1605, 12466, 1315, 19023, 15751, 187, 15079, 1713, 3075, 18881, 2575, 1711, 10751, 16028, 238, 16589, 7382, 18874, 1225, 1159, 12458, 3070, 16571, 7128, 18985, 1164, 2569, 5265, 1637, 16562, 1381, 3555, 12508, 2565, 1868, 14221, 6547, 3550, 1750, 6495, 1602, 6694, 1727, 13404, 1211, 1604, 12621, 16567, 12628, 13467, 1646, 2579, 7113, 1131, 19587, 8933, 1783]
[196, 6646, 2534, 18942, 1137, 6650, 6679, 12510, 18953, 1873, 5993, 6659, 3068, 6656, 16550, 2556, 6684, 1616, 1795, 1290, 1773, 6660, 19616, 1731, 15121, 198, 19015, 19597, 13617, 1122, 1758, 7412, 13533, 1371, 6647, 14280, 13605, 18917, 1349, 13569, 18980, 1772, 13537, 13532, 16587, 3025, 13535, 1328, 1710, 18992, 18988, 7415, 8931, 19002, 3561, 3551, 13611, 12460, 7054, 1336, 1303, 185, 1608, 19000, 18998, 1295, 1332, 1701, 19388, 1331, 1321, 5990, 2604, 4852, 2591, 12666, 6677, 15750, 11853, 1785, 13548, 1273, 5987, 1325, 13603, 18986, 6497, 1147, 12471, 1366, 1878, 16588, 2605, 1619, 1283, 15749, 3533, 1687, 1229, 3027, 1291, 6662, 1330, 18961, 1723, 1338, 6682, 1286, 1700, 3073, 1678, 1301, 13564, 3562, 12982, 1312, 7119, 2536, 1300, 22028, 15119, 12651, 16565, 2526, 1374, 15418, 19011, 1319, 3076, 3067, 1754, 7116, 19021, 19003, 12656, 1793, 1639, 16027, 7104, 19010, 1615, 12657, 7402, 1679, 2548, 1158, 5392, 18976, 1309, 7409, 1768, 6695, 1641, 3575, 7420, 1784, 1221, 1527, 8932, 16558, 6501, 19020, 13553, 2525, 19398, 13568, 12506, 12633, 5188, 7406, 12889, 1337, 6466, 8915, 18989, 3038, 3581, 1304, 2562, 16568, 6644, 13465, 1880, 19357, 12983, 19024, 13575, 13338, 16591, 14204, 13549, 6500, 16583, 3534, 12637, 2594, 18969, 1363, 7122, 6469, 7127, 12655, 1287, 16582, 12622, 16576, 16579, 11854, 14202, 1380, 2551, 14220, 19005, 12462, 2573, 2542, 1743, 6474, 6696, 1344, 12642, 16581, 6471, 1311, 16569, 16564, 3559, 1877, 13856, 19354, 18936, 3354, 235, 2564, 1156, 5999, 18923, 3597, 7380, 1133, 1294, 15431, 1305, 1605, 12466, 1315, 19023, 15751, 187, 15079, 1713, 3075, 18881, 2575, 1711, 10751, 16028, 238, 16589, 7382, 18874, 1225, 1159, 12458, 3070, 16571, 7128, 18985, 1164, 2569, 5265, 1637, 16562, 1381, 3555, 12508, 2565, 1868, 14221, 6547, 3550, 1750, 6495, 1602, 6694, 1727, 13404, 1211, 1604, 12621, 16567, 12628, 13467, 1646, 2579, 7113, 1131, 19587, 8933, 1783]
[196, 6646, 2534, 18942, 1137, 6650, 6679, 12510, 18953, 1873, 5993, 6659, 3068, 6656, 16550, 2556, 6684, 1616, 1795, 1290, 1773, 6660, 19616, 1731, 15121, 198, 19015, 19597, 13617, 1122, 1758, 7412, 13533, 1371, 6647, 14280, 13605, 18917, 1349, 13569, 18980, 1772, 13537, 13532, 16587, 3025, 13535, 1328, 1710, 18992, 18988, 7415, 8931, 19002, 3561, 3551, 13611, 12460, 7054, 1336, 1303, 185, 1608, 19000, 18998, 1295, 1332, 1701, 19388, 1331, 1321, 5990, 2604, 4852, 2591, 12666, 6677, 15750, 11853, 1785, 13548, 1273, 5987, 1325, 13603, 18986, 6497, 1147, 12471, 1366, 1878, 16588, 2605, 1619, 1283, 15749, 3533, 1687, 1229, 3027, 1291, 6662, 1330, 18961, 1723, 1338, 6682, 1286, 1700, 3073, 1678, 1301, 13564, 3562, 12982, 1312, 7119, 2536, 1300, 22028, 15119, 12651, 16565, 2526, 1374, 15418, 19011, 1319, 3076, 3067, 1754, 7116, 19021, 19003, 12656, 1793, 1639, 16027, 7104, 19010, 1615, 12657, 7402, 1679, 2548, 1158, 5392, 18976, 1309, 7409, 1768, 6695, 1641, 3575, 7420, 1784, 1221, 1527, 8932, 16558, 6501, 19020, 13553, 2525, 19398, 13568, 12506, 12633, 5188, 7406, 12889, 1337, 6466, 8915, 18989, 3038, 3581, 1304, 2562, 16568, 6644, 13465, 1880, 19357, 12983, 19024, 13575, 13338, 16591, 14204, 13549, 6500, 16583, 3534, 12637, 2594, 18969, 1363, 7122, 6469, 7127, 12655, 1287, 16582, 12622, 16576, 16579, 11854, 14202, 1380, 2551, 14220, 19005, 12462, 2573, 2542, 1743, 6474, 6696, 1344, 12642, 16581, 6471, 1311, 16569, 16564, 3559, 1877, 13856, 19354, 18936, 3354, 235, 2564, 1156, 5999, 18923, 3597, 7380, 1133, 1294, 15431, 1305, 1605, 12466, 1315, 19023, 15751, 187, 15079, 1713, 3075, 18881, 2575, 1711, 10751, 16028, 238, 16589, 7382, 18874, 1225, 1159, 12458, 3070, 16571, 7128, 18985, 1164, 2569, 5265, 1637, 16562, 1381, 3555, 12508, 2565, 1868, 14221, 6547, 3550, 1750, 6495, 1602, 6694, 1727, 13404, 1211, 1604, 12621, 16567, 12628, 13467, 1646, 2579, 7113, 1131, 19587, 8933, 1783]
[196, 6646, 2534, 18942, 1137, 6650, 6679, 12510, 18953, 1873, 5993, 6659, 3068, 6656, 16550, 2556, 6684, 1616, 1795, 1290, 1773, 6660, 19616, 1731, 15121, 198, 19015, 19597, 13617, 1122, 1758, 7412, 13533, 1371, 6647, 14280, 13605, 18917, 1349, 13569, 18980, 1772, 13537, 13532, 16587, 3025, 13535, 1328, 1710, 18992, 18988, 7415, 8931, 19002, 3561, 3551, 13611, 12460, 7054, 1336, 1303, 185, 1608, 19000, 18998, 1295, 1332, 1701, 19388, 1331, 1321, 5990, 2604, 4852, 2591, 12666, 6677, 15750, 11853, 1785, 13548, 1273, 5987, 1325, 13603, 18986, 6497, 1147, 12471, 1366, 1878, 16588, 2605, 1619, 1283, 15749, 3533, 1687, 1229, 3027, 1291, 6662, 1330, 18961, 1723, 1338, 6682, 1286, 1700, 3073, 1678, 1301, 13564, 3562, 12982, 1312, 7119, 2536, 1300, 22028, 15119, 12651, 16565, 2526, 1374, 15418, 19011, 1319, 3076, 3067, 1754, 7116, 19021, 19003, 12656, 1793, 1639, 16027, 7104, 19010, 1615, 12657, 7402, 1679, 2548, 1158, 5392, 18976, 1309, 7409, 1768, 6695, 1641, 3575, 7420, 1784, 1221, 1527, 8932, 16558, 6501, 19020, 13553, 2525, 19398, 13568, 12506, 12633, 5188, 7406, 12889, 1337, 6466, 8915, 18989, 3038, 3581, 1304, 2562, 16568, 6644, 13465, 1880, 19357, 12983, 19024, 13575, 13338, 16591, 14204, 13549, 6500, 16583, 3534, 12637, 2594, 18969, 1363, 7122, 6469, 7127, 12655, 1287, 16582, 12622, 16576, 16579, 11854, 14202, 1380, 2551, 14220, 19005, 12462, 2573, 2542, 1743, 6474, 6696, 1344, 12642, 16581, 6471, 1311, 16569, 16564, 3559, 1877, 13856, 19354, 18936, 3354, 235, 2564, 1156, 5999, 18923, 3597, 7380, 1133, 1294, 15431, 1305, 1605, 12466, 1315, 19023, 15751, 187, 15079, 1713, 3075, 18881, 2575, 1711, 10751, 16028, 238, 16589, 7382, 18874, 1225, 1159, 12458, 3070, 16571, 7128, 18985, 1164, 2569, 5265, 1637, 16562, 1381, 3555, 12508, 2565, 1868, 14221, 6547, 3550, 1750, 6495, 1602, 6694, 1727, 13404, 1211, 1604, 12621, 16567, 12628, 13467, 1646, 2579, 7113, 1131, 19587, 8933, 1783]
[196, 6646, 2534, 18942, 1137, 6650, 6679, 12510, 18953, 1873, 5993, 6659, 3068, 6656, 16550, 2556, 6684, 1616, 1795, 1290, 1773, 6660, 19616, 1731, 15121, 198, 19015, 19597, 13617, 1122, 1758, 7412, 13533, 1371, 6647, 14280, 13605, 18917, 1349, 13569, 18980, 1772, 13537, 13532, 16587, 3025, 13535, 1328, 1710, 18992, 18988, 7415, 8931, 19002, 3561, 3551, 13611, 12460, 7054, 1336, 1303, 185, 1608, 19000, 18998, 1295, 1332, 1701, 19388, 1331, 1321, 5990, 2604, 4852, 2591, 12666, 6677, 15750, 11853, 1785, 13548, 1273, 5987, 1325, 13603, 18986, 6497, 1147, 12471, 1366, 1878, 16588, 2605, 1619, 1283, 15749, 3533, 1687, 1229, 3027, 1291, 6662, 1330, 18961, 1723, 1338, 6682, 1286, 1700, 3073, 1678, 1301, 13564, 3562, 12982, 1312, 7119, 2536, 1300, 22028, 15119, 12651, 16565, 2526, 1374, 15418, 19011, 1319, 3076, 3067, 1754, 7116, 19021, 19003, 12656, 1793, 1639, 16027, 7104, 19010, 1615, 12657, 7402, 1679, 2548, 1158, 5392, 18976, 1309, 7409, 1768, 6695, 1641, 3575, 7420, 1784, 1221, 1527, 8932, 16558, 6501, 19020, 13553, 2525, 19398, 13568, 12506, 12633, 5188, 7406, 12889, 1337, 6466, 8915, 18989, 3038, 3581, 1304, 2562, 16568, 6644, 13465, 1880, 19357, 12983, 19024, 13575, 13338, 16591, 14204, 13549, 6500, 16583, 3534, 12637, 2594, 18969, 1363, 7122, 6469, 7127, 12655, 1287, 16582, 12622, 16576, 16579, 11854, 14202, 1380, 2551, 14220, 19005, 12462, 2573, 2542, 1743, 6474, 6696, 1344, 12642, 16581, 6471, 1311, 16569, 16564, 3559, 1877, 13856, 19354, 18936, 3354, 235, 2564, 1156, 5999, 18923, 3597, 7380, 1133, 1294, 15431, 1305, 1605, 12466, 1315, 19023, 15751, 187, 15079, 1713, 3075, 18881, 2575, 1711, 10751, 16028, 238, 16589, 7382, 18874, 1225, 1159, 12458, 3070, 16571, 7128, 18985, 1164, 2569, 5265, 1637, 16562, 1381, 3555, 12508, 2565, 1868, 14221, 6547, 3550, 1750, 6495, 1602, 6694, 1727, 13404, 1211, 1604, 12621, 16567, 12628, 13467, 1646, 2579, 7113, 1131, 19587, 8933, 1783]
[196, 6646, 2534, 18942, 1137, 6650, 6679, 12510, 18953, 1873, 5993, 6659, 3068, 6656, 16550, 2556, 6684, 1616, 1795, 1290, 1773, 6660, 19616, 1731, 15121, 198, 19015, 19597, 13617, 1122, 1758, 7412, 13533, 1371, 6647, 14280, 13605, 18917, 1349, 13569, 18980, 1772, 13537, 13532, 16587, 3025, 13535, 1328, 1710, 18992, 18988, 7415, 8931, 19002, 3561, 3551, 13611, 12460, 7054, 1336, 1303, 185, 1608, 19000, 18998, 1295, 1332, 1701, 19388, 1331, 1321, 5990, 2604, 4852, 2591, 12666, 6677, 15750, 11853, 1785, 13548, 1273, 5987, 1325, 13603, 18986, 6497, 1147, 12471, 1366, 1878, 16588, 2605, 1619, 1283, 15749, 3533, 1687, 1229, 3027, 1291, 6662, 1330, 18961, 1723, 1338, 6682, 1286, 1700, 3073, 1678, 1301, 13564, 3562, 12982, 1312, 7119, 2536, 1300, 22028, 15119, 12651, 16565, 2526, 1374, 15418, 19011, 1319, 3076, 3067, 1754, 7116, 19021, 19003, 12656, 1793, 1639, 16027, 7104, 19010, 1615, 12657, 7402, 1679, 2548, 1158, 5392, 18976, 1309, 7409, 1768, 6695, 1641, 3575, 7420, 1784, 1221, 1527, 8932, 16558, 6501, 19020, 13553, 2525, 19398, 13568, 12506, 12633, 5188, 7406, 12889, 1337, 6466, 8915, 18989, 3038, 3581, 1304, 2562, 16568, 6644, 13465, 1880, 19357, 12983, 19024, 13575, 13338, 16591, 14204, 13549, 6500, 16583, 3534, 12637, 2594, 18969, 1363, 7122, 6469, 7127, 12655, 1287, 16582, 12622, 16576, 16579, 11854, 14202, 1380, 2551, 14220, 19005, 12462, 2573, 2542, 1743, 6474, 6696, 1344, 12642, 16581, 6471, 1311, 16569, 16564, 3559, 1877, 13856, 19354, 18936, 3354, 235, 2564, 1156, 5999, 18923, 3597, 7380, 1133, 1294, 15431, 1305, 1605, 12466, 1315, 19023, 15751, 187, 15079, 1713, 3075, 18881, 2575, 1711, 10751, 16028, 238, 16589, 7382, 18874, 1225, 1159, 12458, 3070, 16571, 7128, 18985, 1164, 2569, 5265, 1637, 16562, 1381, 3555, 12508, 2565, 1868, 14221, 6547, 3550, 1750, 6495, 1602, 6694, 1727, 13404, 1211, 1604, 12621, 16567, 12628, 13467, 1646, 2579, 7113, 1131, 19587, 8933, 1783]
[196, 6646, 2534, 18942, 1137, 6650, 6679, 12510, 18953, 1873, 5993, 6659, 3068, 6656, 16550, 2556, 6684, 1616, 1795, 1290, 1773, 6660, 19616, 1731, 15121, 198, 19015, 19597, 13617, 1122, 1758, 7412, 13533, 1371, 6647, 14280, 13605, 18917, 1349, 13569, 18980, 1772, 13537, 13532, 16587, 3025, 13535, 1328, 1710, 18992, 18988, 7415, 8931, 19002, 3561, 3551, 13611, 12460, 7054, 1336, 1303, 185, 1608, 19000, 18998, 1295, 1332, 1701, 19388, 1331, 1321, 5990, 2604, 4852, 2591, 12666, 6677, 15750, 11853, 1785, 13548, 1273, 5987, 1325, 13603, 18986, 6497, 1147, 12471, 1366, 1878, 16588, 2605, 1619, 1283, 15749, 3533, 1687, 1229, 3027, 1291, 6662, 1330, 18961, 1723, 1338, 6682, 1286, 1700, 3073, 1678, 1301, 13564, 3562, 12982, 1312, 7119, 2536, 1300, 22028, 15119, 12651, 16565, 2526, 1374, 15418, 19011, 1319, 3076, 3067, 1754, 7116, 19021, 19003, 12656, 1793, 1639, 16027, 7104, 19010, 1615, 12657, 7402, 1679, 2548, 1158, 5392, 18976, 1309, 7409, 1768, 6695, 1641, 3575, 7420, 1784, 1221, 1527, 8932, 16558, 6501, 19020, 13553, 2525, 19398, 13568, 12506, 12633, 5188, 7406, 12889, 1337, 6466, 8915, 18989, 3038, 3581, 1304, 2562, 16568, 6644, 13465, 1880, 19357, 12983, 19024, 13575, 13338, 16591, 14204, 13549, 6500, 16583, 3534, 12637, 2594, 18969, 1363, 7122, 6469, 7127, 12655, 1287, 16582, 12622, 16576, 16579, 11854, 14202, 1380, 2551, 14220, 19005, 12462, 2573, 2542, 1743, 6474, 6696, 1344, 12642, 16581, 6471, 1311, 16569, 16564, 3559, 1877, 13856, 19354, 18936, 3354, 235, 2564, 1156, 5999, 18923, 3597, 7380, 1133, 1294, 15431, 1305, 1605, 12466, 1315, 19023, 15751, 187, 15079, 1713, 3075, 18881, 2575, 1711, 10751, 16028, 238, 16589, 7382, 18874, 1225, 1159, 12458, 3070, 16571, 7128, 18985, 1164, 2569, 5265, 1637, 16562, 1381, 3555, 12508, 2565, 1868, 14221, 6547, 3550, 1750, 6495, 1602, 6694, 1727, 13404, 1211, 1604, 12621, 16567, 12628, 13467, 1646, 2579, 7113, 1131, 19587, 8933, 1783]
[196, 6646, 2534, 18942, 1137, 6650, 6679, 12510, 18953, 1873, 5993, 6659, 3068, 6656, 16550, 2556, 6684, 1616, 1795, 1290, 1773, 6660, 19616, 1731, 15121, 198, 19015, 19597, 13617, 1122, 1758, 7412, 13533, 1371, 6647, 14280, 13605, 18917, 1349, 13569, 18980, 1772, 13537, 13532, 16587, 3025, 13535, 1328, 1710, 18992, 18988, 7415, 8931, 19002, 3561, 3551, 13611, 12460, 7054, 1336, 1303, 185, 1608, 19000, 18998, 1295, 1332, 1701, 19388, 1331, 1321, 5990, 2604, 4852, 2591, 12666, 6677, 15750, 11853, 1785, 13548, 1273, 5987, 1325, 13603, 18986, 6497, 1147, 12471, 1366, 1878, 16588, 2605, 1619, 1283, 15749, 3533, 1687, 1229, 3027, 1291, 6662, 1330, 18961, 1723, 1338, 6682, 1286, 1700, 3073, 1678, 1301, 13564, 3562, 12982, 1312, 7119, 2536, 1300, 22028, 15119, 12651, 16565, 2526, 1374, 15418, 19011, 1319, 3076, 3067, 1754, 7116, 19021, 19003, 12656, 1793, 1639, 16027, 7104, 19010, 1615, 12657, 7402, 1679, 2548, 1158, 5392, 18976, 1309, 7409, 1768, 6695, 1641, 3575, 7420, 1784, 1221, 1527, 8932, 16558, 6501, 19020, 13553, 2525, 19398, 13568, 12506, 12633, 5188, 7406, 12889, 1337, 6466, 8915, 18989, 3038, 3581, 1304, 2562, 16568, 6644, 13465, 1880, 19357, 12983, 19024, 13575, 13338, 16591, 14204, 13549, 6500, 16583, 3534, 12637, 2594, 18969, 1363, 7122, 6469, 7127, 12655, 1287, 16582, 12622, 16576, 16579, 11854, 14202, 1380, 2551, 14220, 19005, 12462, 2573, 2542, 1743, 6474, 6696, 1344, 12642, 16581, 6471, 1311, 16569, 16564, 3559, 1877, 13856, 19354, 18936, 3354, 235, 2564, 1156, 5999, 18923, 3597, 7380, 1133, 1294, 15431, 1305, 1605, 12466, 1315, 19023, 15751, 187, 15079, 1713, 3075, 18881, 2575, 1711, 10751, 16028, 238, 16589, 7382, 18874, 1225, 1159, 12458, 3070, 16571, 7128, 18985, 1164, 2569, 5265, 1637, 16562, 1381, 3555, 12508, 2565, 1868, 14221, 6547, 3550, 1750, 6495, 1602, 6694, 1727, 13404, 1211, 1604, 12621, 16567, 12628, 13467, 1646, 2579, 7113, 1131, 19587, 8933, 1783]
[196, 6646, 2534, 18942, 1137, 6650, 6679, 12510, 18953, 1873, 5993, 6659, 3068, 6656, 16550, 2556, 6684, 1616, 1795, 1290, 1773, 6660, 19616, 1731, 15121, 198, 19015, 19597, 13617, 1122, 1758, 7412, 13533, 1371, 6647, 14280, 13605, 18917, 1349, 13569, 18980, 1772, 13537, 13532, 16587, 3025, 13535, 1328, 1710, 18992, 18988, 7415, 8931, 19002, 3561, 3551, 13611, 12460, 7054, 1336, 1303, 185, 1608, 19000, 18998, 1295, 1332, 1701, 19388, 1331, 1321, 5990, 2604, 4852, 2591, 12666, 6677, 15750, 11853, 1785, 13548, 1273, 5987, 1325, 13603, 18986, 6497, 1147, 12471, 1366, 1878, 16588, 2605, 1619, 1283, 15749, 3533, 1687, 1229, 3027, 1291, 6662, 1330, 18961, 1723, 1338, 6682, 1286, 1700, 3073, 1678, 1301, 13564, 3562, 12982, 1312, 7119, 2536, 1300, 22028, 15119, 12651, 16565, 2526, 1374, 15418, 19011, 1319, 3076, 3067, 1754, 7116, 19021, 19003, 12656, 1793, 1639, 16027, 7104, 19010, 1615, 12657, 7402, 1679, 2548, 1158, 5392, 18976, 1309, 7409, 1768, 6695, 1641, 3575, 7420, 1784, 1221, 1527, 8932, 16558, 6501, 19020, 13553, 2525, 19398, 13568, 12506, 12633, 5188, 7406, 12889, 1337, 6466, 8915, 18989, 3038, 3581, 1304, 2562, 16568, 6644, 13465, 1880, 19357, 12983, 19024, 13575, 13338, 16591, 14204, 13549, 6500, 16583, 3534, 12637, 2594, 18969, 1363, 7122, 6469, 7127, 12655, 1287, 16582, 12622, 16576, 16579, 11854, 14202, 1380, 2551, 14220, 19005, 12462, 2573, 2542, 1743, 6474, 6696, 1344, 12642, 16581, 6471, 1311, 16569, 16564, 3559, 1877, 13856, 19354, 18936, 3354, 235, 2564, 1156, 5999, 18923, 3597, 7380, 1133, 1294, 15431, 1305, 1605, 12466, 1315, 19023, 15751, 187, 15079, 1713, 3075, 18881, 2575, 1711, 10751, 16028, 238, 16589, 7382, 18874, 1225, 1159, 12458, 3070, 16571, 7128, 18985, 1164, 2569, 5265, 1637, 16562, 1381, 3555, 12508, 2565, 1868, 14221, 6547, 3550, 1750, 6495, 1602, 6694, 1727, 13404, 1211, 1604, 12621, 16567, 12628, 13467, 1646, 2579, 7113, 1131, 19587, 8933, 1783]
[196, 6646, 2534, 18942, 1137, 6650, 6679, 12510, 18953, 1873, 5993, 6659, 3068, 6656, 16550, 2556, 6684, 1616, 1795, 1290, 1773, 6660, 19616, 1731, 15121, 198, 19015, 19597, 13617, 1122, 1758, 7412, 13533, 1371, 6647, 14280, 13605, 18917, 1349, 13569, 18980, 1772, 13537, 13532, 16587, 3025, 13535, 1328, 1710, 18992, 18988, 7415, 8931, 19002, 3561, 3551, 13611, 12460, 7054, 1336, 1303, 185, 1608, 19000, 18998, 1295, 1332, 1701, 19388, 1331, 1321, 5990, 2604, 4852, 2591, 12666, 6677, 15750, 11853, 1785, 13548, 1273, 5987, 1325, 13603, 18986, 6497, 1147, 12471, 1366, 1878, 16588, 2605, 1619, 1283, 15749, 3533, 1687, 1229, 3027, 1291, 6662, 1330, 18961, 1723, 1338, 6682, 1286, 1700, 3073, 1678, 1301, 13564, 3562, 12982, 1312, 7119, 2536, 1300, 22028, 15119, 12651, 16565, 2526, 1374, 15418, 19011, 1319, 3076, 3067, 1754, 7116, 19021, 19003, 12656, 1793, 1639, 16027, 7104, 19010, 1615, 12657, 7402, 1679, 2548, 1158, 5392, 18976, 1309, 7409, 1768, 6695, 1641, 3575, 7420, 1784, 1221, 1527, 8932, 16558, 6501, 19020, 13553, 2525, 19398, 13568, 12506, 12633, 5188, 7406, 12889, 1337, 6466, 8915, 18989, 3038, 3581, 1304, 2562, 16568, 6644, 13465, 1880, 19357, 12983, 19024, 13575, 13338, 16591, 14204, 13549, 6500, 16583, 3534, 12637, 2594, 18969, 1363, 7122, 6469, 7127, 12655, 1287, 16582, 12622, 16576, 16579, 11854, 14202, 1380, 2551, 14220, 19005, 12462, 2573, 2542, 1743, 6474, 6696, 1344, 12642, 16581, 6471, 1311, 16569, 16564, 3559, 1877, 13856, 19354, 18936, 3354, 235, 2564, 1156, 5999, 18923, 3597, 7380, 1133, 1294, 15431, 1305, 1605, 12466, 1315, 19023, 15751, 187, 15079, 1713, 3075, 18881, 2575, 1711, 10751, 16028, 238, 16589, 7382, 18874, 1225, 1159, 12458, 3070, 16571, 7128, 18985, 1164, 2569, 5265, 1637, 16562, 1381, 3555, 12508, 2565, 1868, 14221, 6547, 3550, 1750, 6495, 1602, 6694, 1727, 13404, 1211, 1604, 12621, 16567, 12628, 13467, 1646, 2579, 7113, 1131, 19587, 8933, 1783]
[196, 6646, 2534, 18942, 1137, 6650, 6679, 12510, 18953, 1873, 5993, 6659, 3068, 6656, 16550, 2556, 6684, 1616, 1795, 1290, 1773, 6660, 19616, 1731, 15121, 198, 19015, 19597, 13617, 1122, 1758, 7412, 13533, 1371, 6647, 14280, 13605, 18917, 1349, 13569, 18980, 1772, 13537, 13532, 16587, 3025, 13535, 1328, 1710, 18992, 18988, 7415, 8931, 19002, 3561, 3551, 13611, 12460, 7054, 1336, 1303, 185, 1608, 19000, 18998, 1295, 1332, 1701, 19388, 1331, 1321, 5990, 2604, 4852, 2591, 12666, 6677, 15750, 11853, 1785, 13548, 1273, 5987, 1325, 13603, 18986, 6497, 1147, 12471, 1366, 1878, 16588, 2605, 1619, 1283, 15749, 3533, 1687, 1229, 3027, 1291, 6662, 1330, 18961, 1723, 1338, 6682, 1286, 1700, 3073, 1678, 1301, 13564, 3562, 12982, 1312, 7119, 2536, 1300, 22028, 15119, 12651, 16565, 2526, 1374, 15418, 19011, 1319, 3076, 3067, 1754, 7116, 19021, 19003, 12656, 1793, 1639, 16027, 7104, 19010, 1615, 12657, 7402, 1679, 2548, 1158, 5392, 18976, 1309, 7409, 1768, 6695, 1641, 3575, 7420, 1784, 1221, 1527, 8932, 16558, 6501, 19020, 13553, 2525, 19398, 13568, 12506, 12633, 5188, 7406, 12889, 1337, 6466, 8915, 18989, 3038, 3581, 1304, 2562, 16568, 6644, 13465, 1880, 19357, 12983, 19024, 13575, 13338, 16591, 14204, 13549, 6500, 16583, 3534, 12637, 2594, 18969, 1363, 7122, 6469, 7127, 12655, 1287, 16582, 12622, 16576, 16579, 11854, 14202, 1380, 2551, 14220, 19005, 12462, 2573, 2542, 1743, 6474, 6696, 1344, 12642, 16581, 6471, 1311, 16569, 16564, 3559, 1877, 13856, 19354, 18936, 3354, 235, 2564, 1156, 5999, 18923, 3597, 7380, 1133, 1294, 15431, 1305, 1605, 12466, 1315, 19023, 15751, 187, 15079, 1713, 3075, 18881, 2575, 1711, 10751, 16028, 238, 16589, 7382, 18874, 1225, 1159, 12458, 3070, 16571, 7128, 18985, 1164, 2569, 5265, 1637, 16562, 1381, 3555, 12508, 2565, 1868, 14221, 6547, 3550, 1750, 6495, 1602, 6694, 1727, 13404, 1211, 1604, 12621, 16567, 12628, 13467, 1646, 2579, 7113, 1131, 19587, 8933, 1783]
[196, 6646, 2534, 18942, 1137, 6650, 6679, 12510, 18953, 1873, 5993, 6659, 3068, 6656, 16550, 2556, 6684, 1616, 1795, 1290, 1773, 6660, 19616, 1731, 15121, 198, 19015, 19597, 13617, 1122, 1758, 7412, 13533, 1371, 6647, 14280, 13605, 18917, 1349, 13569, 18980, 1772, 13537, 13532, 16587, 3025, 13535, 1328, 1710, 18992, 18988, 7415, 8931, 19002, 3561, 3551, 13611, 12460, 7054, 1336, 1303, 185, 1608, 19000, 18998, 1295, 1332, 1701, 19388, 1331, 1321, 5990, 2604, 4852, 2591, 12666, 6677, 15750, 11853, 1785, 13548, 1273, 5987, 1325, 13603, 18986, 6497, 1147, 12471, 1366, 1878, 16588, 2605, 1619, 1283, 15749, 3533, 1687, 1229, 3027, 1291, 6662, 1330, 18961, 1723, 1338, 6682, 1286, 1700, 3073, 1678, 1301, 13564, 3562, 12982, 1312, 7119, 2536, 1300, 22028, 15119, 12651, 16565, 2526, 1374, 15418, 19011, 1319, 3076, 3067, 1754, 7116, 19021, 19003, 12656, 1793, 1639, 16027, 7104, 19010, 1615, 12657, 7402, 1679, 2548, 1158, 5392, 18976, 1309, 7409, 1768, 6695, 1641, 3575, 7420, 1784, 1221, 1527, 8932, 16558, 6501, 19020, 13553, 2525, 19398, 13568, 12506, 12633, 5188, 7406, 12889, 1337, 6466, 8915, 18989, 3038, 3581, 1304, 2562, 16568, 6644, 13465, 1880, 19357, 12983, 19024, 13575, 13338, 16591, 14204, 13549, 6500, 16583, 3534, 12637, 2594, 18969, 1363, 7122, 6469, 7127, 12655, 1287, 16582, 12622, 16576, 16579, 11854, 14202, 1380, 2551, 14220, 19005, 12462, 2573, 2542, 1743, 6474, 6696, 1344, 12642, 16581, 6471, 1311, 16569, 16564, 3559, 1877, 13856, 19354, 18936, 3354, 235, 2564, 1156, 5999, 18923, 3597, 7380, 1133, 1294, 15431, 1305, 1605, 12466, 1315, 19023, 15751, 187, 15079, 1713, 3075, 18881, 2575, 1711, 10751, 16028, 238, 16589, 7382, 18874, 1225, 1159, 12458, 3070, 16571, 7128, 18985, 1164, 2569, 5265, 1637, 16562, 1381, 3555, 12508, 2565, 1868, 14221, 6547, 3550, 1750, 6495, 1602, 6694, 1727, 13404, 1211, 1604, 12621, 16567, 12628, 13467, 1646, 2579, 7113, 1131, 19587, 8933, 1783]
[196, 6646, 2534, 18942, 1137, 6650, 6679, 12510, 18953, 1873, 5993, 6659, 3068, 6656, 16550, 2556, 6684, 1616, 1795, 1290, 1773, 6660, 19616, 1731, 15121, 198, 19015, 19597, 13617, 1122, 1758, 7412, 13533, 1371, 6647, 14280, 13605, 18917, 1349, 13569, 18980, 1772, 13537, 13532, 16587, 3025, 13535, 1328, 1710, 18992, 18988, 7415, 8931, 19002, 3561, 3551, 13611, 12460, 7054, 1336, 1303, 185, 1608, 19000, 18998, 1295, 1332, 1701, 19388, 1331, 1321, 5990, 2604, 4852, 2591, 12666, 6677, 15750, 11853, 1785, 13548, 1273, 5987, 1325, 13603, 18986, 6497, 1147, 12471, 1366, 1878, 16588, 2605, 1619, 1283, 15749, 3533, 1687, 1229, 3027, 1291, 6662, 1330, 18961, 1723, 1338, 6682, 1286, 1700, 3073, 1678, 1301, 13564, 3562, 12982, 1312, 7119, 2536, 1300, 22028, 15119, 12651, 16565, 2526, 1374, 15418, 19011, 1319, 3076, 3067, 1754, 7116, 19021, 19003, 12656, 1793, 1639, 16027, 7104, 19010, 1615, 12657, 7402, 1679, 2548, 1158, 5392, 18976, 1309, 7409, 1768, 6695, 1641, 3575, 7420, 1784, 1221, 1527, 8932, 16558, 6501, 19020, 13553, 2525, 19398, 13568, 12506, 12633, 5188, 7406, 12889, 1337, 6466, 8915, 18989, 3038, 3581, 1304, 2562, 16568, 6644, 13465, 1880, 19357, 12983, 19024, 13575, 13338, 16591, 14204, 13549, 6500, 16583, 3534, 12637, 2594, 18969, 1363, 7122, 6469, 7127, 12655, 1287, 16582, 12622, 16576, 16579, 11854, 14202, 1380, 2551, 14220, 19005, 12462, 2573, 2542, 1743, 6474, 6696, 1344, 12642, 16581, 6471, 1311, 16569, 16564, 3559, 1877, 13856, 19354, 18936, 3354, 235, 2564, 1156, 5999, 18923, 3597, 7380, 1133, 1294, 15431, 1305, 1605, 12466, 1315, 19023, 15751, 187, 15079, 1713, 3075, 18881, 2575, 1711, 10751, 16028, 238, 16589, 7382, 18874, 1225, 1159, 12458, 3070, 16571, 7128, 18985, 1164, 2569, 5265, 1637, 16562, 1381, 3555, 12508, 2565, 1868, 14221, 6547, 3550, 1750, 6495, 1602, 6694, 1727, 13404, 1211, 1604, 12621, 16567, 12628, 13467, 1646, 2579, 7113, 1131, 19587, 8933, 1783]
[196, 6646, 2534, 18942, 1137, 6650, 6679, 12510, 18953, 1873, 5993, 6659, 3068, 6656, 16550, 2556, 6684, 1616, 1795, 1290, 1773, 6660, 19616, 1731, 15121, 198, 19015, 19597, 13617, 1122, 1758, 7412, 13533, 1371, 6647, 14280, 13605, 18917, 1349, 13569, 18980, 1772, 13537, 13532, 16587, 3025, 13535, 1328, 1710, 18992, 18988, 7415, 8931, 19002, 3561, 3551, 13611, 12460, 7054, 1336, 1303, 185, 1608, 19000, 18998, 1295, 1332, 1701, 19388, 1331, 1321, 5990, 2604, 4852, 2591, 12666, 6677, 15750, 11853, 1785, 13548, 1273, 5987, 1325, 13603, 18986, 6497, 1147, 12471, 1366, 1878, 16588, 2605, 1619, 1283, 15749, 3533, 1687, 1229, 3027, 1291, 6662, 1330, 18961, 1723, 1338, 6682, 1286, 1700, 3073, 1678, 1301, 13564, 3562, 12982, 1312, 7119, 2536, 1300, 22028, 15119, 12651, 16565, 2526, 1374, 15418, 19011, 1319, 3076, 3067, 1754, 7116, 19021, 19003, 12656, 1793, 1639, 16027, 7104, 19010, 1615, 12657, 7402, 1679, 2548, 1158, 5392, 18976, 1309, 7409, 1768, 6695, 1641, 3575, 7420, 1784, 1221, 1527, 8932, 16558, 6501, 19020, 13553, 2525, 19398, 13568, 12506, 12633, 5188, 7406, 12889, 1337, 6466, 8915, 18989, 3038, 3581, 1304, 2562, 16568, 6644, 13465, 1880, 19357, 12983, 19024, 13575, 13338, 16591, 14204, 13549, 6500, 16583, 3534, 12637, 2594, 18969, 1363, 7122, 6469, 7127, 12655, 1287, 16582, 12622, 16576, 16579, 11854, 14202, 1380, 2551, 14220, 19005, 12462, 2573, 2542, 1743, 6474, 6696, 1344, 12642, 16581, 6471, 1311, 16569, 16564, 3559, 1877, 13856, 19354, 18936, 3354, 235, 2564, 1156, 5999, 18923, 3597, 7380, 1133, 1294, 15431, 1305, 1605, 12466, 1315, 19023, 15751, 187, 15079, 1713, 3075, 18881, 2575, 1711, 10751, 16028, 238, 16589, 7382, 18874, 1225, 1159, 12458, 3070, 16571, 7128, 18985, 1164, 2569, 5265, 1637, 16562, 1381, 3555, 12508, 2565, 1868, 14221, 6547, 3550, 1750, 6495, 1602, 6694, 1727, 13404, 1211, 1604, 12621, 16567, 12628, 13467, 1646, 2579, 7113, 1131, 19587, 8933, 1783]
[196, 6646, 2534, 18942, 1137, 6650, 6679, 12510, 18953, 1873, 5993, 6659, 3068, 6656, 16550, 2556, 6684, 1616, 1795, 1290, 1773, 6660, 19616, 1731, 15121, 198, 19015, 19597, 13617, 1122, 1758, 7412, 13533, 1371, 6647, 14280, 13605, 18917, 1349, 13569, 18980, 1772, 13537, 13532, 16587, 3025, 13535, 1328, 1710, 18992, 18988, 7415, 8931, 19002, 3561, 3551, 13611, 12460, 7054, 1336, 1303, 185, 1608, 19000, 18998, 1295, 1332, 1701, 19388, 1331, 1321, 5990, 2604, 4852, 2591, 12666, 6677, 15750, 11853, 1785, 13548, 1273, 5987, 1325, 13603, 18986, 6497, 1147, 12471, 1366, 1878, 16588, 2605, 1619, 1283, 15749, 3533, 1687, 1229, 3027, 1291, 6662, 1330, 18961, 1723, 1338, 6682, 1286, 1700, 3073, 1678, 1301, 13564, 3562, 12982, 1312, 7119, 2536, 1300, 22028, 15119, 12651, 16565, 2526, 1374, 15418, 19011, 1319, 3076, 3067, 1754, 7116, 19021, 19003, 12656, 1793, 1639, 16027, 7104, 19010, 1615, 12657, 7402, 1679, 2548, 1158, 5392, 18976, 1309, 7409, 1768, 6695, 1641, 3575, 7420, 1784, 1221, 1527, 8932, 16558, 6501, 19020, 13553, 2525, 19398, 13568, 12506, 12633, 5188, 7406, 12889, 1337, 6466, 8915, 18989, 3038, 3581, 1304, 2562, 16568, 6644, 13465, 1880, 19357, 12983, 19024, 13575, 13338, 16591, 14204, 13549, 6500, 16583, 3534, 12637, 2594, 18969, 1363, 7122, 6469, 7127, 12655, 1287, 16582, 12622, 16576, 16579, 11854, 14202, 1380, 2551, 14220, 19005, 12462, 2573, 2542, 1743, 6474, 6696, 1344, 12642, 16581, 6471, 1311, 16569, 16564, 3559, 1877, 13856, 19354, 18936, 3354, 235, 2564, 1156, 5999, 18923, 3597, 7380, 1133, 1294, 15431, 1305, 1605, 12466, 1315, 19023, 15751, 187, 15079, 1713, 3075, 18881, 2575, 1711, 10751, 16028, 238, 16589, 7382, 18874, 1225, 1159, 12458, 3070, 16571, 7128, 18985, 1164, 2569, 5265, 1637, 16562, 1381, 3555, 12508, 2565, 1868, 14221, 6547, 3550, 1750, 6495, 1602, 6694, 1727, 13404, 1211, 1604, 12621, 16567, 12628, 13467, 1646, 2579, 7113, 1131, 19587, 8933, 1783]
