Fault List:
45
45
45
45
45
45
45
45
45
45
45
45
45
45
45
45
45
45
45
45
45
45
45
45
45
45
45
45
45
45
FDR List:
0.45
0.45
0.45
0.45
0.45
0.45
0.45
0.45
0.45
0.45
0.45
0.45
0.45
0.45
0.45
0.45
0.45
0.45
0.45
0.45
0.45
0.45
0.45
0.45
0.45
0.45
0.45
0.45
0.45
0.45
Time List:
0.16684603691101074
0.2284409999847412
0.24405503273010254
0.2216789722442627
0.17794489860534668
0.1861581802368164
0.18126368522644043
0.18360495567321777
0.17981791496276855
0.1693711280822754
0.17979979515075684
0.19467496871948242
0.18755412101745605
0.15548229217529297
0.1703341007232666
0.17937898635864258
0.19657397270202637
0.2044510841369629
0.19159913063049316
0.19301390647888184
0.19025897979736328
0.3157482147216797
0.22491908073425293
0.19786906242370605
0.18298602104187012
0.28539395332336426
0.2629969120025635
1.1290218830108643
0.45468783378601074
0.32189488410949707
Subset List:
[7127, 6646, 7413, 16582, 1343, 6650, 6679, 18997, 6640, 1871, 2551, 1613, 19005, 18960, 2573, 6697, 3066, 6498, 6696, 3069, 1310, 6660, 6693, 1311, 13613, 1682, 19011, 1333, 7419, 1320, 18990, 7412, 13533, 19003, 12656, 2540, 19025, 1322, 7104, 8930, 16557, 13607, 7402, 16578, 1323, 18993, 13535, 1718, 16560, 18992, 1713, 7415, 1641, 18974, 7420, 18954, 12645, 19008, 8932, 1336, 13550, 19020, 13553, 18984, 18998, 13568, 7128, 2527, 1715, 7406, 1321, 1716, 1299, 8915, 13614, 18987, 2565, 13612, 2552, 2531, 18991, 6641, 6495, 1325, 13603, 18986, 1335, 1308, 13567, 1342, 16567, 7108, 13551, 3534, 7112, 7113, 3533, 3074, 16031, 6469]
[7127, 6646, 7413, 16582, 1343, 6650, 6679, 18997, 6640, 1871, 2551, 1613, 19005, 18960, 2573, 6697, 3066, 6498, 6696, 3069, 1310, 6660, 6693, 1311, 13613, 1682, 19011, 1333, 7419, 1320, 18990, 7412, 13533, 19003, 12656, 2540, 19025, 1322, 7104, 8930, 16557, 13607, 7402, 16578, 1323, 18993, 13535, 1718, 16560, 18992, 1713, 7415, 1641, 18974, 7420, 18954, 12645, 19008, 8932, 1336, 13550, 19020, 13553, 18984, 18998, 13568, 7128, 2527, 1715, 7406, 1321, 1716, 1299, 8915, 13614, 18987, 2565, 13612, 2552, 2531, 18991, 6641, 6495, 1325, 13603, 18986, 1335, 1308, 13567, 1342, 16567, 7108, 13551, 3534, 7112, 7113, 3533, 3074, 16031, 6469]
[7127, 6646, 7413, 16582, 1343, 6650, 6679, 18997, 6640, 1871, 2551, 1613, 19005, 18960, 2573, 6697, 3066, 6498, 6696, 3069, 1310, 6660, 6693, 1311, 13613, 1682, 19011, 1333, 7419, 1320, 18990, 7412, 13533, 19003, 12656, 2540, 19025, 1322, 7104, 8930, 16557, 13607, 7402, 16578, 1323, 18993, 13535, 1718, 16560, 18992, 1713, 7415, 1641, 18974, 7420, 18954, 12645, 19008, 8932, 1336, 13550, 19020, 13553, 18984, 18998, 13568, 7128, 2527, 1715, 7406, 1321, 1716, 1299, 8915, 13614, 18987, 2565, 13612, 2552, 2531, 18991, 6641, 6495, 1325, 13603, 18986, 1335, 1308, 13567, 1342, 16567, 7108, 13551, 3534, 7112, 7113, 3533, 3074, 16031, 6469]
[7127, 6646, 7413, 16582, 1343, 6650, 6679, 18997, 6640, 1871, 2551, 1613, 19005, 18960, 2573, 6697, 3066, 6498, 6696, 3069, 1310, 6660, 6693, 1311, 13613, 1682, 19011, 1333, 7419, 1320, 18990, 7412, 13533, 19003, 12656, 2540, 19025, 1322, 7104, 8930, 16557, 13607, 7402, 16578, 1323, 18993, 13535, 1718, 16560, 18992, 1713, 7415, 1641, 18974, 7420, 18954, 12645, 19008, 8932, 1336, 13550, 19020, 13553, 18984, 18998, 13568, 7128, 2527, 1715, 7406, 1321, 1716, 1299, 8915, 13614, 18987, 2565, 13612, 2552, 2531, 18991, 6641, 6495, 1325, 13603, 18986, 1335, 1308, 13567, 1342, 16567, 7108, 13551, 3534, 7112, 7113, 3533, 3074, 16031, 6469]
[7127, 6646, 7413, 16582, 1343, 6650, 6679, 18997, 6640, 1871, 2551, 1613, 19005, 18960, 2573, 6697, 3066, 6498, 6696, 3069, 1310, 6660, 6693, 1311, 13613, 1682, 19011, 1333, 7419, 1320, 18990, 7412, 13533, 19003, 12656, 2540, 19025, 1322, 7104, 8930, 16557, 13607, 7402, 16578, 1323, 18993, 13535, 1718, 16560, 18992, 1713, 7415, 1641, 18974, 7420, 18954, 12645, 19008, 8932, 1336, 13550, 19020, 13553, 18984, 18998, 13568, 7128, 2527, 1715, 7406, 1321, 1716, 1299, 8915, 13614, 18987, 2565, 13612, 2552, 2531, 18991, 6641, 6495, 1325, 13603, 18986, 1335, 1308, 13567, 1342, 16567, 7108, 13551, 3534, 7112, 7113, 3533, 3074, 16031, 6469]
[7127, 6646, 7413, 16582, 1343, 6650, 6679, 18997, 6640, 1871, 2551, 1613, 19005, 18960, 2573, 6697, 3066, 6498, 6696, 3069, 1310, 6660, 6693, 1311, 13613, 1682, 19011, 1333, 7419, 1320, 18990, 7412, 13533, 19003, 12656, 2540, 19025, 1322, 7104, 8930, 16557, 13607, 7402, 16578, 1323, 18993, 13535, 1718, 16560, 18992, 1713, 7415, 1641, 18974, 7420, 18954, 12645, 19008, 8932, 1336, 13550, 19020, 13553, 18984, 18998, 13568, 7128, 2527, 1715, 7406, 1321, 1716, 1299, 8915, 13614, 18987, 2565, 13612, 2552, 2531, 18991, 6641, 6495, 1325, 13603, 18986, 1335, 1308, 13567, 1342, 16567, 7108, 13551, 3534, 7112, 7113, 3533, 3074, 16031, 6469]
[7127, 6646, 7413, 16582, 1343, 6650, 6679, 18997, 6640, 1871, 2551, 1613, 19005, 18960, 2573, 6697, 3066, 6498, 6696, 3069, 1310, 6660, 6693, 1311, 13613, 1682, 19011, 1333, 7419, 1320, 18990, 7412, 13533, 19003, 12656, 2540, 19025, 1322, 7104, 8930, 16557, 13607, 7402, 16578, 1323, 18993, 13535, 1718, 16560, 18992, 1713, 7415, 1641, 18974, 7420, 18954, 12645, 19008, 8932, 1336, 13550, 19020, 13553, 18984, 18998, 13568, 7128, 2527, 1715, 7406, 1321, 1716, 1299, 8915, 13614, 18987, 2565, 13612, 2552, 2531, 18991, 6641, 6495, 1325, 13603, 18986, 1335, 1308, 13567, 1342, 16567, 7108, 13551, 3534, 7112, 7113, 3533, 3074, 16031, 6469]
[7127, 6646, 7413, 16582, 1343, 6650, 6679, 18997, 6640, 1871, 2551, 1613, 19005, 18960, 2573, 6697, 3066, 6498, 6696, 3069, 1310, 6660, 6693, 1311, 13613, 1682, 19011, 1333, 7419, 1320, 18990, 7412, 13533, 19003, 12656, 2540, 19025, 1322, 7104, 8930, 16557, 13607, 7402, 16578, 1323, 18993, 13535, 1718, 16560, 18992, 1713, 7415, 1641, 18974, 7420, 18954, 12645, 19008, 8932, 1336, 13550, 19020, 13553, 18984, 18998, 13568, 7128, 2527, 1715, 7406, 1321, 1716, 1299, 8915, 13614, 18987, 2565, 13612, 2552, 2531, 18991, 6641, 6495, 1325, 13603, 18986, 1335, 1308, 13567, 1342, 16567, 7108, 13551, 3534, 7112, 7113, 3533, 3074, 16031, 6469]
[7127, 6646, 7413, 16582, 1343, 6650, 6679, 18997, 6640, 1871, 2551, 1613, 19005, 18960, 2573, 6697, 3066, 6498, 6696, 3069, 1310, 6660, 6693, 1311, 13613, 1682, 19011, 1333, 7419, 1320, 18990, 7412, 13533, 19003, 12656, 2540, 19025, 1322, 7104, 8930, 16557, 13607, 7402, 16578, 1323, 18993, 13535, 1718, 16560, 18992, 1713, 7415, 1641, 18974, 7420, 18954, 12645, 19008, 8932, 1336, 13550, 19020, 13553, 18984, 18998, 13568, 7128, 2527, 1715, 7406, 1321, 1716, 1299, 8915, 13614, 18987, 2565, 13612, 2552, 2531, 18991, 6641, 6495, 1325, 13603, 18986, 1335, 1308, 13567, 1342, 16567, 7108, 13551, 3534, 7112, 7113, 3533, 3074, 16031, 6469]
[7127, 6646, 7413, 16582, 1343, 6650, 6679, 18997, 6640, 1871, 2551, 1613, 19005, 18960, 2573, 6697, 3066, 6498, 6696, 3069, 1310, 6660, 6693, 1311, 13613, 1682, 19011, 1333, 7419, 1320, 18990, 7412, 13533, 19003, 12656, 2540, 19025, 1322, 7104, 8930, 16557, 13607, 7402, 16578, 1323, 18993, 13535, 1718, 16560, 18992, 1713, 7415, 1641, 18974, 7420, 18954, 12645, 19008, 8932, 1336, 13550, 19020, 13553, 18984, 18998, 13568, 7128, 2527, 1715, 7406, 1321, 1716, 1299, 8915, 13614, 18987, 2565, 13612, 2552, 2531, 18991, 6641, 6495, 1325, 13603, 18986, 1335, 1308, 13567, 1342, 16567, 7108, 13551, 3534, 7112, 7113, 3533, 3074, 16031, 6469]
[7127, 6646, 7413, 16582, 1343, 6650, 6679, 18997, 6640, 1871, 2551, 1613, 19005, 18960, 2573, 6697, 3066, 6498, 6696, 3069, 1310, 6660, 6693, 1311, 13613, 1682, 19011, 1333, 7419, 1320, 18990, 7412, 13533, 19003, 12656, 2540, 19025, 1322, 7104, 8930, 16557, 13607, 7402, 16578, 1323, 18993, 13535, 1718, 16560, 18992, 1713, 7415, 1641, 18974, 7420, 18954, 12645, 19008, 8932, 1336, 13550, 19020, 13553, 18984, 18998, 13568, 7128, 2527, 1715, 7406, 1321, 1716, 1299, 8915, 13614, 18987, 2565, 13612, 2552, 2531, 18991, 6641, 6495, 1325, 13603, 18986, 1335, 1308, 13567, 1342, 16567, 7108, 13551, 3534, 7112, 7113, 3533, 3074, 16031, 6469]
[7127, 6646, 7413, 16582, 1343, 6650, 6679, 18997, 6640, 1871, 2551, 1613, 19005, 18960, 2573, 6697, 3066, 6498, 6696, 3069, 1310, 6660, 6693, 1311, 13613, 1682, 19011, 1333, 7419, 1320, 18990, 7412, 13533, 19003, 12656, 2540, 19025, 1322, 7104, 8930, 16557, 13607, 7402, 16578, 1323, 18993, 13535, 1718, 16560, 18992, 1713, 7415, 1641, 18974, 7420, 18954, 12645, 19008, 8932, 1336, 13550, 19020, 13553, 18984, 18998, 13568, 7128, 2527, 1715, 7406, 1321, 1716, 1299, 8915, 13614, 18987, 2565, 13612, 2552, 2531, 18991, 6641, 6495, 1325, 13603, 18986, 1335, 1308, 13567, 1342, 16567, 7108, 13551, 3534, 7112, 7113, 3533, 3074, 16031, 6469]
[7127, 6646, 7413, 16582, 1343, 6650, 6679, 18997, 6640, 1871, 2551, 1613, 19005, 18960, 2573, 6697, 3066, 6498, 6696, 3069, 1310, 6660, 6693, 1311, 13613, 1682, 19011, 1333, 7419, 1320, 18990, 7412, 13533, 19003, 12656, 2540, 19025, 1322, 7104, 8930, 16557, 13607, 7402, 16578, 1323, 18993, 13535, 1718, 16560, 18992, 1713, 7415, 1641, 18974, 7420, 18954, 12645, 19008, 8932, 1336, 13550, 19020, 13553, 18984, 18998, 13568, 7128, 2527, 1715, 7406, 1321, 1716, 1299, 8915, 13614, 18987, 2565, 13612, 2552, 2531, 18991, 6641, 6495, 1325, 13603, 18986, 1335, 1308, 13567, 1342, 16567, 7108, 13551, 3534, 7112, 7113, 3533, 3074, 16031, 6469]
[7127, 6646, 7413, 16582, 1343, 6650, 6679, 18997, 6640, 1871, 2551, 1613, 19005, 18960, 2573, 6697, 3066, 6498, 6696, 3069, 1310, 6660, 6693, 1311, 13613, 1682, 19011, 1333, 7419, 1320, 18990, 7412, 13533, 19003, 12656, 2540, 19025, 1322, 7104, 8930, 16557, 13607, 7402, 16578, 1323, 18993, 13535, 1718, 16560, 18992, 1713, 7415, 1641, 18974, 7420, 18954, 12645, 19008, 8932, 1336, 13550, 19020, 13553, 18984, 18998, 13568, 7128, 2527, 1715, 7406, 1321, 1716, 1299, 8915, 13614, 18987, 2565, 13612, 2552, 2531, 18991, 6641, 6495, 1325, 13603, 18986, 1335, 1308, 13567, 1342, 16567, 7108, 13551, 3534, 7112, 7113, 3533, 3074, 16031, 6469]
[7127, 6646, 7413, 16582, 1343, 6650, 6679, 18997, 6640, 1871, 2551, 1613, 19005, 18960, 2573, 6697, 3066, 6498, 6696, 3069, 1310, 6660, 6693, 1311, 13613, 1682, 19011, 1333, 7419, 1320, 18990, 7412, 13533, 19003, 12656, 2540, 19025, 1322, 7104, 8930, 16557, 13607, 7402, 16578, 1323, 18993, 13535, 1718, 16560, 18992, 1713, 7415, 1641, 18974, 7420, 18954, 12645, 19008, 8932, 1336, 13550, 19020, 13553, 18984, 18998, 13568, 7128, 2527, 1715, 7406, 1321, 1716, 1299, 8915, 13614, 18987, 2565, 13612, 2552, 2531, 18991, 6641, 6495, 1325, 13603, 18986, 1335, 1308, 13567, 1342, 16567, 7108, 13551, 3534, 7112, 7113, 3533, 3074, 16031, 6469]
[7127, 6646, 7413, 16582, 1343, 6650, 6679, 18997, 6640, 1871, 2551, 1613, 19005, 18960, 2573, 6697, 3066, 6498, 6696, 3069, 1310, 6660, 6693, 1311, 13613, 1682, 19011, 1333, 7419, 1320, 18990, 7412, 13533, 19003, 12656, 2540, 19025, 1322, 7104, 8930, 16557, 13607, 7402, 16578, 1323, 18993, 13535, 1718, 16560, 18992, 1713, 7415, 1641, 18974, 7420, 18954, 12645, 19008, 8932, 1336, 13550, 19020, 13553, 18984, 18998, 13568, 7128, 2527, 1715, 7406, 1321, 1716, 1299, 8915, 13614, 18987, 2565, 13612, 2552, 2531, 18991, 6641, 6495, 1325, 13603, 18986, 1335, 1308, 13567, 1342, 16567, 7108, 13551, 3534, 7112, 7113, 3533, 3074, 16031, 6469]
[7127, 6646, 7413, 16582, 1343, 6650, 6679, 18997, 6640, 1871, 2551, 1613, 19005, 18960, 2573, 6697, 3066, 6498, 6696, 3069, 1310, 6660, 6693, 1311, 13613, 1682, 19011, 1333, 7419, 1320, 18990, 7412, 13533, 19003, 12656, 2540, 19025, 1322, 7104, 8930, 16557, 13607, 7402, 16578, 1323, 18993, 13535, 1718, 16560, 18992, 1713, 7415, 1641, 18974, 7420, 18954, 12645, 19008, 8932, 1336, 13550, 19020, 13553, 18984, 18998, 13568, 7128, 2527, 1715, 7406, 1321, 1716, 1299, 8915, 13614, 18987, 2565, 13612, 2552, 2531, 18991, 6641, 6495, 1325, 13603, 18986, 1335, 1308, 13567, 1342, 16567, 7108, 13551, 3534, 7112, 7113, 3533, 3074, 16031, 6469]
[7127, 6646, 7413, 16582, 1343, 6650, 6679, 18997, 6640, 1871, 2551, 1613, 19005, 18960, 2573, 6697, 3066, 6498, 6696, 3069, 1310, 6660, 6693, 1311, 13613, 1682, 19011, 1333, 7419, 1320, 18990, 7412, 13533, 19003, 12656, 2540, 19025, 1322, 7104, 8930, 16557, 13607, 7402, 16578, 1323, 18993, 13535, 1718, 16560, 18992, 1713, 7415, 1641, 18974, 7420, 18954, 12645, 19008, 8932, 1336, 13550, 19020, 13553, 18984, 18998, 13568, 7128, 2527, 1715, 7406, 1321, 1716, 1299, 8915, 13614, 18987, 2565, 13612, 2552, 2531, 18991, 6641, 6495, 1325, 13603, 18986, 1335, 1308, 13567, 1342, 16567, 7108, 13551, 3534, 7112, 7113, 3533, 3074, 16031, 6469]
[7127, 6646, 7413, 16582, 1343, 6650, 6679, 18997, 6640, 1871, 2551, 1613, 19005, 18960, 2573, 6697, 3066, 6498, 6696, 3069, 1310, 6660, 6693, 1311, 13613, 1682, 19011, 1333, 7419, 1320, 18990, 7412, 13533, 19003, 12656, 2540, 19025, 1322, 7104, 8930, 16557, 13607, 7402, 16578, 1323, 18993, 13535, 1718, 16560, 18992, 1713, 7415, 1641, 18974, 7420, 18954, 12645, 19008, 8932, 1336, 13550, 19020, 13553, 18984, 18998, 13568, 7128, 2527, 1715, 7406, 1321, 1716, 1299, 8915, 13614, 18987, 2565, 13612, 2552, 2531, 18991, 6641, 6495, 1325, 13603, 18986, 1335, 1308, 13567, 1342, 16567, 7108, 13551, 3534, 7112, 7113, 3533, 3074, 16031, 6469]
[7127, 6646, 7413, 16582, 1343, 6650, 6679, 18997, 6640, 1871, 2551, 1613, 19005, 18960, 2573, 6697, 3066, 6498, 6696, 3069, 1310, 6660, 6693, 1311, 13613, 1682, 19011, 1333, 7419, 1320, 18990, 7412, 13533, 19003, 12656, 2540, 19025, 1322, 7104, 8930, 16557, 13607, 7402, 16578, 1323, 18993, 13535, 1718, 16560, 18992, 1713, 7415, 1641, 18974, 7420, 18954, 12645, 19008, 8932, 1336, 13550, 19020, 13553, 18984, 18998, 13568, 7128, 2527, 1715, 7406, 1321, 1716, 1299, 8915, 13614, 18987, 2565, 13612, 2552, 2531, 18991, 6641, 6495, 1325, 13603, 18986, 1335, 1308, 13567, 1342, 16567, 7108, 13551, 3534, 7112, 7113, 3533, 3074, 16031, 6469]
[7127, 6646, 7413, 16582, 1343, 6650, 6679, 18997, 6640, 1871, 2551, 1613, 19005, 18960, 2573, 6697, 3066, 6498, 6696, 3069, 1310, 6660, 6693, 1311, 13613, 1682, 19011, 1333, 7419, 1320, 18990, 7412, 13533, 19003, 12656, 2540, 19025, 1322, 7104, 8930, 16557, 13607, 7402, 16578, 1323, 18993, 13535, 1718, 16560, 18992, 1713, 7415, 1641, 18974, 7420, 18954, 12645, 19008, 8932, 1336, 13550, 19020, 13553, 18984, 18998, 13568, 7128, 2527, 1715, 7406, 1321, 1716, 1299, 8915, 13614, 18987, 2565, 13612, 2552, 2531, 18991, 6641, 6495, 1325, 13603, 18986, 1335, 1308, 13567, 1342, 16567, 7108, 13551, 3534, 7112, 7113, 3533, 3074, 16031, 6469]
[7127, 6646, 7413, 16582, 1343, 6650, 6679, 18997, 6640, 1871, 2551, 1613, 19005, 18960, 2573, 6697, 3066, 6498, 6696, 3069, 1310, 6660, 6693, 1311, 13613, 1682, 19011, 1333, 7419, 1320, 18990, 7412, 13533, 19003, 12656, 2540, 19025, 1322, 7104, 8930, 16557, 13607, 7402, 16578, 1323, 18993, 13535, 1718, 16560, 18992, 1713, 7415, 1641, 18974, 7420, 18954, 12645, 19008, 8932, 1336, 13550, 19020, 13553, 18984, 18998, 13568, 7128, 2527, 1715, 7406, 1321, 1716, 1299, 8915, 13614, 18987, 2565, 13612, 2552, 2531, 18991, 6641, 6495, 1325, 13603, 18986, 1335, 1308, 13567, 1342, 16567, 7108, 13551, 3534, 7112, 7113, 3533, 3074, 16031, 6469]
[7127, 6646, 7413, 16582, 1343, 6650, 6679, 18997, 6640, 1871, 2551, 1613, 19005, 18960, 2573, 6697, 3066, 6498, 6696, 3069, 1310, 6660, 6693, 1311, 13613, 1682, 19011, 1333, 7419, 1320, 18990, 7412, 13533, 19003, 12656, 2540, 19025, 1322, 7104, 8930, 16557, 13607, 7402, 16578, 1323, 18993, 13535, 1718, 16560, 18992, 1713, 7415, 1641, 18974, 7420, 18954, 12645, 19008, 8932, 1336, 13550, 19020, 13553, 18984, 18998, 13568, 7128, 2527, 1715, 7406, 1321, 1716, 1299, 8915, 13614, 18987, 2565, 13612, 2552, 2531, 18991, 6641, 6495, 1325, 13603, 18986, 1335, 1308, 13567, 1342, 16567, 7108, 13551, 3534, 7112, 7113, 3533, 3074, 16031, 6469]
[7127, 6646, 7413, 16582, 1343, 6650, 6679, 18997, 6640, 1871, 2551, 1613, 19005, 18960, 2573, 6697, 3066, 6498, 6696, 3069, 1310, 6660, 6693, 1311, 13613, 1682, 19011, 1333, 7419, 1320, 18990, 7412, 13533, 19003, 12656, 2540, 19025, 1322, 7104, 8930, 16557, 13607, 7402, 16578, 1323, 18993, 13535, 1718, 16560, 18992, 1713, 7415, 1641, 18974, 7420, 18954, 12645, 19008, 8932, 1336, 13550, 19020, 13553, 18984, 18998, 13568, 7128, 2527, 1715, 7406, 1321, 1716, 1299, 8915, 13614, 18987, 2565, 13612, 2552, 2531, 18991, 6641, 6495, 1325, 13603, 18986, 1335, 1308, 13567, 1342, 16567, 7108, 13551, 3534, 7112, 7113, 3533, 3074, 16031, 6469]
[7127, 6646, 7413, 16582, 1343, 6650, 6679, 18997, 6640, 1871, 2551, 1613, 19005, 18960, 2573, 6697, 3066, 6498, 6696, 3069, 1310, 6660, 6693, 1311, 13613, 1682, 19011, 1333, 7419, 1320, 18990, 7412, 13533, 19003, 12656, 2540, 19025, 1322, 7104, 8930, 16557, 13607, 7402, 16578, 1323, 18993, 13535, 1718, 16560, 18992, 1713, 7415, 1641, 18974, 7420, 18954, 12645, 19008, 8932, 1336, 13550, 19020, 13553, 18984, 18998, 13568, 7128, 2527, 1715, 7406, 1321, 1716, 1299, 8915, 13614, 18987, 2565, 13612, 2552, 2531, 18991, 6641, 6495, 1325, 13603, 18986, 1335, 1308, 13567, 1342, 16567, 7108, 13551, 3534, 7112, 7113, 3533, 3074, 16031, 6469]
[7127, 6646, 7413, 16582, 1343, 6650, 6679, 18997, 6640, 1871, 2551, 1613, 19005, 18960, 2573, 6697, 3066, 6498, 6696, 3069, 1310, 6660, 6693, 1311, 13613, 1682, 19011, 1333, 7419, 1320, 18990, 7412, 13533, 19003, 12656, 2540, 19025, 1322, 7104, 8930, 16557, 13607, 7402, 16578, 1323, 18993, 13535, 1718, 16560, 18992, 1713, 7415, 1641, 18974, 7420, 18954, 12645, 19008, 8932, 1336, 13550, 19020, 13553, 18984, 18998, 13568, 7128, 2527, 1715, 7406, 1321, 1716, 1299, 8915, 13614, 18987, 2565, 13612, 2552, 2531, 18991, 6641, 6495, 1325, 13603, 18986, 1335, 1308, 13567, 1342, 16567, 7108, 13551, 3534, 7112, 7113, 3533, 3074, 16031, 6469]
[7127, 6646, 7413, 16582, 1343, 6650, 6679, 18997, 6640, 1871, 2551, 1613, 19005, 18960, 2573, 6697, 3066, 6498, 6696, 3069, 1310, 6660, 6693, 1311, 13613, 1682, 19011, 1333, 7419, 1320, 18990, 7412, 13533, 19003, 12656, 2540, 19025, 1322, 7104, 8930, 16557, 13607, 7402, 16578, 1323, 18993, 13535, 1718, 16560, 18992, 1713, 7415, 1641, 18974, 7420, 18954, 12645, 19008, 8932, 1336, 13550, 19020, 13553, 18984, 18998, 13568, 7128, 2527, 1715, 7406, 1321, 1716, 1299, 8915, 13614, 18987, 2565, 13612, 2552, 2531, 18991, 6641, 6495, 1325, 13603, 18986, 1335, 1308, 13567, 1342, 16567, 7108, 13551, 3534, 7112, 7113, 3533, 3074, 16031, 6469]
[7127, 6646, 7413, 16582, 1343, 6650, 6679, 18997, 6640, 1871, 2551, 1613, 19005, 18960, 2573, 6697, 3066, 6498, 6696, 3069, 1310, 6660, 6693, 1311, 13613, 1682, 19011, 1333, 7419, 1320, 18990, 7412, 13533, 19003, 12656, 2540, 19025, 1322, 7104, 8930, 16557, 13607, 7402, 16578, 1323, 18993, 13535, 1718, 16560, 18992, 1713, 7415, 1641, 18974, 7420, 18954, 12645, 19008, 8932, 1336, 13550, 19020, 13553, 18984, 18998, 13568, 7128, 2527, 1715, 7406, 1321, 1716, 1299, 8915, 13614, 18987, 2565, 13612, 2552, 2531, 18991, 6641, 6495, 1325, 13603, 18986, 1335, 1308, 13567, 1342, 16567, 7108, 13551, 3534, 7112, 7113, 3533, 3074, 16031, 6469]
[7127, 6646, 7413, 16582, 1343, 6650, 6679, 18997, 6640, 1871, 2551, 1613, 19005, 18960, 2573, 6697, 3066, 6498, 6696, 3069, 1310, 6660, 6693, 1311, 13613, 1682, 19011, 1333, 7419, 1320, 18990, 7412, 13533, 19003, 12656, 2540, 19025, 1322, 7104, 8930, 16557, 13607, 7402, 16578, 1323, 18993, 13535, 1718, 16560, 18992, 1713, 7415, 1641, 18974, 7420, 18954, 12645, 19008, 8932, 1336, 13550, 19020, 13553, 18984, 18998, 13568, 7128, 2527, 1715, 7406, 1321, 1716, 1299, 8915, 13614, 18987, 2565, 13612, 2552, 2531, 18991, 6641, 6495, 1325, 13603, 18986, 1335, 1308, 13567, 1342, 16567, 7108, 13551, 3534, 7112, 7113, 3533, 3074, 16031, 6469]
[7127, 6646, 7413, 16582, 1343, 6650, 6679, 18997, 6640, 1871, 2551, 1613, 19005, 18960, 2573, 6697, 3066, 6498, 6696, 3069, 1310, 6660, 6693, 1311, 13613, 1682, 19011, 1333, 7419, 1320, 18990, 7412, 13533, 19003, 12656, 2540, 19025, 1322, 7104, 8930, 16557, 13607, 7402, 16578, 1323, 18993, 13535, 1718, 16560, 18992, 1713, 7415, 1641, 18974, 7420, 18954, 12645, 19008, 8932, 1336, 13550, 19020, 13553, 18984, 18998, 13568, 7128, 2527, 1715, 7406, 1321, 1716, 1299, 8915, 13614, 18987, 2565, 13612, 2552, 2531, 18991, 6641, 6495, 1325, 13603, 18986, 1335, 1308, 13567, 1342, 16567, 7108, 13551, 3534, 7112, 7113, 3533, 3074, 16031, 6469]
