Fault List:
62
62
62
62
62
62
62
62
62
62
62
62
62
62
62
62
62
62
62
62
62
62
62
62
62
62
62
62
62
62
FDR List:
0.7294117647058823
0.7294117647058823
0.7294117647058823
0.7294117647058823
0.7294117647058823
0.7294117647058823
0.7294117647058823
0.7294117647058823
0.7294117647058823
0.7294117647058823
0.7294117647058823
0.7294117647058823
0.7294117647058823
0.7294117647058823
0.7294117647058823
0.7294117647058823
0.7294117647058823
0.7294117647058823
0.7294117647058823
0.7294117647058823
0.7294117647058823
0.7294117647058823
0.7294117647058823
0.7294117647058823
0.7294117647058823
0.7294117647058823
0.7294117647058823
0.7294117647058823
0.7294117647058823
0.7294117647058823
Time List:
2.7334351539611816
2.1689248085021973
2.202101945877075
2.077694892883301
2.4587819576263428
2.1055119037628174
2.4861490726470947
2.9379849433898926
1.979680061340332
2.6261439323425293
3.8296430110931396
3.096261978149414
3.3394360542297363
2.879547119140625
3.3928802013397217
3.111521005630493
2.542257785797119
3.0313808917999268
3.108607053756714
2.8184001445770264
3.0420982837677
2.138414144515991
2.5634403228759766
2.3902390003204346
2.1670830249786377
2.1841049194335938
2.218309164047241
2.428163766860962
1.9833240509033203
2.076188802719116
Subset List:
[195, 3751, 8272, 7826, 1384, 9677, 7917, 7945, 1896, 7043, 3511, 5824, 5923, 837, 7521, 619, 4419, 2393, 4356, 2348, 2369, 2198, 149, 800, 6560, 7504, 1952, 4487, 9203, 7498, 9182, 5173, 577, 4808, 2758, 6737, 8061, 4369, 3336, 3818, 9253, 8327, 2989, 3381, 9211, 1772, 6625, 4065, 2850, 2063, 5176, 3848, 1694, 3681, 4031, 8292, 2394, 4761, 4423, 3698, 3893, 4657, 9046, 6668, 3549, 301, 6460, 2658, 1941, 9883, 6756, 9634, 6613, 9652, 3757, 7241, 1775, 2820, 1785, 1938, 511, 1886, 2233, 4814, 1219, 4248, 2004, 1655, 952, 3820, 7620, 691, 8294, 7850, 1185, 1701, 2229, 66, 4997, 951, 435, 2699, 4505, 1751, 2009, 6769, 3269, 5054, 4966, 3723, 6312, 3763, 4187, 3989, 3836, 1931, 1981, 8889, 9733, 2578, 7349, 2925, 3441, 5083, 3262, 6080, 486, 2573, 2969, 4425, 1865, 1357, 4159, 1855, 6627, 4433, 9924, 1263, 6418, 1344, 3365, 6872, 3166, 567, 2628, 324, 5973, 4852, 4238, 97, 1467, 9892, 1317, 498, 515, 2456, 358, 171, 6645, 944, 730, 7736, 6495, 528, 2358, 6021, 5890, 1609, 7451, 3263, 3151, 7049, 3476, 4205, 3879, 1362, 3189, 3691, 4731, 2508, 1128, 1494, 1737, 6004, 2131, 3762, 341, 7240, 5525, 9013, 827, 1024, 2300, 7127, 9746, 9731, 4548, 2770, 527, 8444, 3599, 133, 7777, 3795, 7459, 3962, 4013, 3785, 4451, 8507, 9891, 9110, 7764, 5360, 4086, 2047, 1003, 922, 582, 998, 9669, 1033, 6391, 8279, 2793, 7262, 6741, 5735, 478, 900, 4131, 1072, 4738, 3150, 1247, 7915, 4259, 2810, 9743, 6940, 502, 9926, 960, 245, 4658, 3093, 6905, 2109, 3490, 4896, 3806, 3414, 6027, 9831, 7876, 7472, 8091, 2515, 2598, 6722, 8107, 9103, 787, 7583, 1640, 5522, 8735, 5644, 3122, 3305, 8397, 9560, 9905, 8020, 3436, 9749, 3951, 1078, 6446, 1204, 2668, 9513, 2351, 2214, 552, 2028, 2374, 874, 6730, 3534, 9595, 2125, 2404, 2215, 8115, 9011, 9071, 3167, 9023, 6694]
[195, 3751, 8272, 7826, 1384, 9677, 7917, 7945, 1896, 7043, 3511, 5824, 5923, 837, 7521, 619, 4419, 2393, 4356, 2348, 2369, 2198, 149, 800, 6560, 7504, 1952, 4487, 9203, 7498, 9182, 5173, 577, 4808, 2758, 6737, 8061, 4369, 3336, 3818, 9253, 8327, 2989, 3381, 9211, 1772, 6625, 4065, 2850, 2063, 5176, 3848, 1694, 3681, 4031, 8292, 2394, 4761, 4423, 3698, 3893, 4657, 9046, 6668, 3549, 301, 6460, 2658, 1941, 9883, 6756, 9634, 6613, 9652, 3757, 7241, 1775, 2820, 1785, 1938, 511, 1886, 2233, 4814, 1219, 4248, 2004, 1655, 952, 3820, 7620, 691, 8294, 7850, 1185, 1701, 2229, 66, 4997, 951, 435, 2699, 4505, 1751, 2009, 6769, 3269, 5054, 4966, 3723, 6312, 3763, 4187, 3989, 3836, 1931, 1981, 8889, 9733, 2578, 7349, 2925, 3441, 5083, 3262, 6080, 486, 2573, 2969, 4425, 1865, 1357, 4159, 1855, 6627, 4433, 9924, 1263, 6418, 1344, 3365, 6872, 3166, 567, 2628, 324, 5973, 4852, 4238, 97, 1467, 9892, 1317, 498, 515, 2456, 358, 171, 6645, 944, 730, 7736, 6495, 528, 2358, 6021, 5890, 1609, 7451, 3263, 3151, 7049, 3476, 4205, 3879, 1362, 3189, 3691, 4731, 2508, 1128, 1494, 1737, 6004, 2131, 3762, 341, 7240, 5525, 9013, 827, 1024, 2300, 7127, 9746, 9731, 4548, 2770, 527, 8444, 3599, 133, 7777, 3795, 7459, 3962, 4013, 3785, 4451, 8507, 9891, 9110, 7764, 5360, 4086, 2047, 1003, 922, 582, 998, 9669, 1033, 6391, 8279, 2793, 7262, 6741, 5735, 478, 900, 4131, 1072, 4738, 3150, 1247, 7915, 4259, 2810, 9743, 6940, 502, 9926, 960, 245, 4658, 3093, 6905, 2109, 3490, 4896, 3806, 3414, 6027, 9831, 7876, 7472, 8091, 2515, 2598, 6722, 8107, 9103, 787, 7583, 1640, 5522, 8735, 5644, 3122, 3305, 8397, 9560, 9905, 8020, 3436, 9749, 3951, 1078, 6446, 1204, 2668, 9513, 2351, 2214, 552, 2028, 2374, 874, 6730, 3534, 9595, 2125, 2404, 2215, 8115, 9011, 9071, 3167, 9023, 6694]
[195, 3751, 8272, 7826, 1384, 9677, 7917, 7945, 1896, 7043, 3511, 5824, 5923, 837, 7521, 619, 4419, 2393, 4356, 2348, 2369, 2198, 149, 800, 6560, 7504, 1952, 4487, 9203, 7498, 9182, 5173, 577, 4808, 2758, 6737, 8061, 4369, 3336, 3818, 9253, 8327, 2989, 3381, 9211, 1772, 6625, 4065, 2850, 2063, 5176, 3848, 1694, 3681, 4031, 8292, 2394, 4761, 4423, 3698, 3893, 4657, 9046, 6668, 3549, 301, 6460, 2658, 1941, 9883, 6756, 9634, 6613, 9652, 3757, 7241, 1775, 2820, 1785, 1938, 511, 1886, 2233, 4814, 1219, 4248, 2004, 1655, 952, 3820, 7620, 691, 8294, 7850, 1185, 1701, 2229, 66, 4997, 951, 435, 2699, 4505, 1751, 2009, 6769, 3269, 5054, 4966, 3723, 6312, 3763, 4187, 3989, 3836, 1931, 1981, 8889, 9733, 2578, 7349, 2925, 3441, 5083, 3262, 6080, 486, 2573, 2969, 4425, 1865, 1357, 4159, 1855, 6627, 4433, 9924, 1263, 6418, 1344, 3365, 6872, 3166, 567, 2628, 324, 5973, 4852, 4238, 97, 1467, 9892, 1317, 498, 515, 2456, 358, 171, 6645, 944, 730, 7736, 6495, 528, 2358, 6021, 5890, 1609, 7451, 3263, 3151, 7049, 3476, 4205, 3879, 1362, 3189, 3691, 4731, 2508, 1128, 1494, 1737, 6004, 2131, 3762, 341, 7240, 5525, 9013, 827, 1024, 2300, 7127, 9746, 9731, 4548, 2770, 527, 8444, 3599, 133, 7777, 3795, 7459, 3962, 4013, 3785, 4451, 8507, 9891, 9110, 7764, 5360, 4086, 2047, 1003, 922, 582, 998, 9669, 1033, 6391, 8279, 2793, 7262, 6741, 5735, 478, 900, 4131, 1072, 4738, 3150, 1247, 7915, 4259, 2810, 9743, 6940, 502, 9926, 960, 245, 4658, 3093, 6905, 2109, 3490, 4896, 3806, 3414, 6027, 9831, 7876, 7472, 8091, 2515, 2598, 6722, 8107, 9103, 787, 7583, 1640, 5522, 8735, 5644, 3122, 3305, 8397, 9560, 9905, 8020, 3436, 9749, 3951, 1078, 6446, 1204, 2668, 9513, 2351, 2214, 552, 2028, 2374, 874, 6730, 3534, 9595, 2125, 2404, 2215, 8115, 9011, 9071, 3167, 9023, 6694]
[195, 3751, 8272, 7826, 1384, 9677, 7917, 7945, 1896, 7043, 3511, 5824, 5923, 837, 7521, 619, 4419, 2393, 4356, 2348, 2369, 2198, 149, 800, 6560, 7504, 1952, 4487, 9203, 7498, 9182, 5173, 577, 4808, 2758, 6737, 8061, 4369, 3336, 3818, 9253, 8327, 2989, 3381, 9211, 1772, 6625, 4065, 2850, 2063, 5176, 3848, 1694, 3681, 4031, 8292, 2394, 4761, 4423, 3698, 3893, 4657, 9046, 6668, 3549, 301, 6460, 2658, 1941, 9883, 6756, 9634, 6613, 9652, 3757, 7241, 1775, 2820, 1785, 1938, 511, 1886, 2233, 4814, 1219, 4248, 2004, 1655, 952, 3820, 7620, 691, 8294, 7850, 1185, 1701, 2229, 66, 4997, 951, 435, 2699, 4505, 1751, 2009, 6769, 3269, 5054, 4966, 3723, 6312, 3763, 4187, 3989, 3836, 1931, 1981, 8889, 9733, 2578, 7349, 2925, 3441, 5083, 3262, 6080, 486, 2573, 2969, 4425, 1865, 1357, 4159, 1855, 6627, 4433, 9924, 1263, 6418, 1344, 3365, 6872, 3166, 567, 2628, 324, 5973, 4852, 4238, 97, 1467, 9892, 1317, 498, 515, 2456, 358, 171, 6645, 944, 730, 7736, 6495, 528, 2358, 6021, 5890, 1609, 7451, 3263, 3151, 7049, 3476, 4205, 3879, 1362, 3189, 3691, 4731, 2508, 1128, 1494, 1737, 6004, 2131, 3762, 341, 7240, 5525, 9013, 827, 1024, 2300, 7127, 9746, 9731, 4548, 2770, 527, 8444, 3599, 133, 7777, 3795, 7459, 3962, 4013, 3785, 4451, 8507, 9891, 9110, 7764, 5360, 4086, 2047, 1003, 922, 582, 998, 9669, 1033, 6391, 8279, 2793, 7262, 6741, 5735, 478, 900, 4131, 1072, 4738, 3150, 1247, 7915, 4259, 2810, 9743, 6940, 502, 9926, 960, 245, 4658, 3093, 6905, 2109, 3490, 4896, 3806, 3414, 6027, 9831, 7876, 7472, 8091, 2515, 2598, 6722, 8107, 9103, 787, 7583, 1640, 5522, 8735, 5644, 3122, 3305, 8397, 9560, 9905, 8020, 3436, 9749, 3951, 1078, 6446, 1204, 2668, 9513, 2351, 2214, 552, 2028, 2374, 874, 6730, 3534, 9595, 2125, 2404, 2215, 8115, 9011, 9071, 3167, 9023, 6694]
[195, 3751, 8272, 7826, 1384, 9677, 7917, 7945, 1896, 7043, 3511, 5824, 5923, 837, 7521, 619, 4419, 2393, 4356, 2348, 2369, 2198, 149, 800, 6560, 7504, 1952, 4487, 9203, 7498, 9182, 5173, 577, 4808, 2758, 6737, 8061, 4369, 3336, 3818, 9253, 8327, 2989, 3381, 9211, 1772, 6625, 4065, 2850, 2063, 5176, 3848, 1694, 3681, 4031, 8292, 2394, 4761, 4423, 3698, 3893, 4657, 9046, 6668, 3549, 301, 6460, 2658, 1941, 9883, 6756, 9634, 6613, 9652, 3757, 7241, 1775, 2820, 1785, 1938, 511, 1886, 2233, 4814, 1219, 4248, 2004, 1655, 952, 3820, 7620, 691, 8294, 7850, 1185, 1701, 2229, 66, 4997, 951, 435, 2699, 4505, 1751, 2009, 6769, 3269, 5054, 4966, 3723, 6312, 3763, 4187, 3989, 3836, 1931, 1981, 8889, 9733, 2578, 7349, 2925, 3441, 5083, 3262, 6080, 486, 2573, 2969, 4425, 1865, 1357, 4159, 1855, 6627, 4433, 9924, 1263, 6418, 1344, 3365, 6872, 3166, 567, 2628, 324, 5973, 4852, 4238, 97, 1467, 9892, 1317, 498, 515, 2456, 358, 171, 6645, 944, 730, 7736, 6495, 528, 2358, 6021, 5890, 1609, 7451, 3263, 3151, 7049, 3476, 4205, 3879, 1362, 3189, 3691, 4731, 2508, 1128, 1494, 1737, 6004, 2131, 3762, 341, 7240, 5525, 9013, 827, 1024, 2300, 7127, 9746, 9731, 4548, 2770, 527, 8444, 3599, 133, 7777, 3795, 7459, 3962, 4013, 3785, 4451, 8507, 9891, 9110, 7764, 5360, 4086, 2047, 1003, 922, 582, 998, 9669, 1033, 6391, 8279, 2793, 7262, 6741, 5735, 478, 900, 4131, 1072, 4738, 3150, 1247, 7915, 4259, 2810, 9743, 6940, 502, 9926, 960, 245, 4658, 3093, 6905, 2109, 3490, 4896, 3806, 3414, 6027, 9831, 7876, 7472, 8091, 2515, 2598, 6722, 8107, 9103, 787, 7583, 1640, 5522, 8735, 5644, 3122, 3305, 8397, 9560, 9905, 8020, 3436, 9749, 3951, 1078, 6446, 1204, 2668, 9513, 2351, 2214, 552, 2028, 2374, 874, 6730, 3534, 9595, 2125, 2404, 2215, 8115, 9011, 9071, 3167, 9023, 6694]
[195, 3751, 8272, 7826, 1384, 9677, 7917, 7945, 1896, 7043, 3511, 5824, 5923, 837, 7521, 619, 4419, 2393, 4356, 2348, 2369, 2198, 149, 800, 6560, 7504, 1952, 4487, 9203, 7498, 9182, 5173, 577, 4808, 2758, 6737, 8061, 4369, 3336, 3818, 9253, 8327, 2989, 3381, 9211, 1772, 6625, 4065, 2850, 2063, 5176, 3848, 1694, 3681, 4031, 8292, 2394, 4761, 4423, 3698, 3893, 4657, 9046, 6668, 3549, 301, 6460, 2658, 1941, 9883, 6756, 9634, 6613, 9652, 3757, 7241, 1775, 2820, 1785, 1938, 511, 1886, 2233, 4814, 1219, 4248, 2004, 1655, 952, 3820, 7620, 691, 8294, 7850, 1185, 1701, 2229, 66, 4997, 951, 435, 2699, 4505, 1751, 2009, 6769, 3269, 5054, 4966, 3723, 6312, 3763, 4187, 3989, 3836, 1931, 1981, 8889, 9733, 2578, 7349, 2925, 3441, 5083, 3262, 6080, 486, 2573, 2969, 4425, 1865, 1357, 4159, 1855, 6627, 4433, 9924, 1263, 6418, 1344, 3365, 6872, 3166, 567, 2628, 324, 5973, 4852, 4238, 97, 1467, 9892, 1317, 498, 515, 2456, 358, 171, 6645, 944, 730, 7736, 6495, 528, 2358, 6021, 5890, 1609, 7451, 3263, 3151, 7049, 3476, 4205, 3879, 1362, 3189, 3691, 4731, 2508, 1128, 1494, 1737, 6004, 2131, 3762, 341, 7240, 5525, 9013, 827, 1024, 2300, 7127, 9746, 9731, 4548, 2770, 527, 8444, 3599, 133, 7777, 3795, 7459, 3962, 4013, 3785, 4451, 8507, 9891, 9110, 7764, 5360, 4086, 2047, 1003, 922, 582, 998, 9669, 1033, 6391, 8279, 2793, 7262, 6741, 5735, 478, 900, 4131, 1072, 4738, 3150, 1247, 7915, 4259, 2810, 9743, 6940, 502, 9926, 960, 245, 4658, 3093, 6905, 2109, 3490, 4896, 3806, 3414, 6027, 9831, 7876, 7472, 8091, 2515, 2598, 6722, 8107, 9103, 787, 7583, 1640, 5522, 8735, 5644, 3122, 3305, 8397, 9560, 9905, 8020, 3436, 9749, 3951, 1078, 6446, 1204, 2668, 9513, 2351, 2214, 552, 2028, 2374, 874, 6730, 3534, 9595, 2125, 2404, 2215, 8115, 9011, 9071, 3167, 9023, 6694]
[195, 3751, 8272, 7826, 1384, 9677, 7917, 7945, 1896, 7043, 3511, 5824, 5923, 837, 7521, 619, 4419, 2393, 4356, 2348, 2369, 2198, 149, 800, 6560, 7504, 1952, 4487, 9203, 7498, 9182, 5173, 577, 4808, 2758, 6737, 8061, 4369, 3336, 3818, 9253, 8327, 2989, 3381, 9211, 1772, 6625, 4065, 2850, 2063, 5176, 3848, 1694, 3681, 4031, 8292, 2394, 4761, 4423, 3698, 3893, 4657, 9046, 6668, 3549, 301, 6460, 2658, 1941, 9883, 6756, 9634, 6613, 9652, 3757, 7241, 1775, 2820, 1785, 1938, 511, 1886, 2233, 4814, 1219, 4248, 2004, 1655, 952, 3820, 7620, 691, 8294, 7850, 1185, 1701, 2229, 66, 4997, 951, 435, 2699, 4505, 1751, 2009, 6769, 3269, 5054, 4966, 3723, 6312, 3763, 4187, 3989, 3836, 1931, 1981, 8889, 9733, 2578, 7349, 2925, 3441, 5083, 3262, 6080, 486, 2573, 2969, 4425, 1865, 1357, 4159, 1855, 6627, 4433, 9924, 1263, 6418, 1344, 3365, 6872, 3166, 567, 2628, 324, 5973, 4852, 4238, 97, 1467, 9892, 1317, 498, 515, 2456, 358, 171, 6645, 944, 730, 7736, 6495, 528, 2358, 6021, 5890, 1609, 7451, 3263, 3151, 7049, 3476, 4205, 3879, 1362, 3189, 3691, 4731, 2508, 1128, 1494, 1737, 6004, 2131, 3762, 341, 7240, 5525, 9013, 827, 1024, 2300, 7127, 9746, 9731, 4548, 2770, 527, 8444, 3599, 133, 7777, 3795, 7459, 3962, 4013, 3785, 4451, 8507, 9891, 9110, 7764, 5360, 4086, 2047, 1003, 922, 582, 998, 9669, 1033, 6391, 8279, 2793, 7262, 6741, 5735, 478, 900, 4131, 1072, 4738, 3150, 1247, 7915, 4259, 2810, 9743, 6940, 502, 9926, 960, 245, 4658, 3093, 6905, 2109, 3490, 4896, 3806, 3414, 6027, 9831, 7876, 7472, 8091, 2515, 2598, 6722, 8107, 9103, 787, 7583, 1640, 5522, 8735, 5644, 3122, 3305, 8397, 9560, 9905, 8020, 3436, 9749, 3951, 1078, 6446, 1204, 2668, 9513, 2351, 2214, 552, 2028, 2374, 874, 6730, 3534, 9595, 2125, 2404, 2215, 8115, 9011, 9071, 3167, 9023, 6694]
[195, 3751, 8272, 7826, 1384, 9677, 7917, 7945, 1896, 7043, 3511, 5824, 5923, 837, 7521, 619, 4419, 2393, 4356, 2348, 2369, 2198, 149, 800, 6560, 7504, 1952, 4487, 9203, 7498, 9182, 5173, 577, 4808, 2758, 6737, 8061, 4369, 3336, 3818, 9253, 8327, 2989, 3381, 9211, 1772, 6625, 4065, 2850, 2063, 5176, 3848, 1694, 3681, 4031, 8292, 2394, 4761, 4423, 3698, 3893, 4657, 9046, 6668, 3549, 301, 6460, 2658, 1941, 9883, 6756, 9634, 6613, 9652, 3757, 7241, 1775, 2820, 1785, 1938, 511, 1886, 2233, 4814, 1219, 4248, 2004, 1655, 952, 3820, 7620, 691, 8294, 7850, 1185, 1701, 2229, 66, 4997, 951, 435, 2699, 4505, 1751, 2009, 6769, 3269, 5054, 4966, 3723, 6312, 3763, 4187, 3989, 3836, 1931, 1981, 8889, 9733, 2578, 7349, 2925, 3441, 5083, 3262, 6080, 486, 2573, 2969, 4425, 1865, 1357, 4159, 1855, 6627, 4433, 9924, 1263, 6418, 1344, 3365, 6872, 3166, 567, 2628, 324, 5973, 4852, 4238, 97, 1467, 9892, 1317, 498, 515, 2456, 358, 171, 6645, 944, 730, 7736, 6495, 528, 2358, 6021, 5890, 1609, 7451, 3263, 3151, 7049, 3476, 4205, 3879, 1362, 3189, 3691, 4731, 2508, 1128, 1494, 1737, 6004, 2131, 3762, 341, 7240, 5525, 9013, 827, 1024, 2300, 7127, 9746, 9731, 4548, 2770, 527, 8444, 3599, 133, 7777, 3795, 7459, 3962, 4013, 3785, 4451, 8507, 9891, 9110, 7764, 5360, 4086, 2047, 1003, 922, 582, 998, 9669, 1033, 6391, 8279, 2793, 7262, 6741, 5735, 478, 900, 4131, 1072, 4738, 3150, 1247, 7915, 4259, 2810, 9743, 6940, 502, 9926, 960, 245, 4658, 3093, 6905, 2109, 3490, 4896, 3806, 3414, 6027, 9831, 7876, 7472, 8091, 2515, 2598, 6722, 8107, 9103, 787, 7583, 1640, 5522, 8735, 5644, 3122, 3305, 8397, 9560, 9905, 8020, 3436, 9749, 3951, 1078, 6446, 1204, 2668, 9513, 2351, 2214, 552, 2028, 2374, 874, 6730, 3534, 9595, 2125, 2404, 2215, 8115, 9011, 9071, 3167, 9023, 6694]
[195, 3751, 8272, 7826, 1384, 9677, 7917, 7945, 1896, 7043, 3511, 5824, 5923, 837, 7521, 619, 4419, 2393, 4356, 2348, 2369, 2198, 149, 800, 6560, 7504, 1952, 4487, 9203, 7498, 9182, 5173, 577, 4808, 2758, 6737, 8061, 4369, 3336, 3818, 9253, 8327, 2989, 3381, 9211, 1772, 6625, 4065, 2850, 2063, 5176, 3848, 1694, 3681, 4031, 8292, 2394, 4761, 4423, 3698, 3893, 4657, 9046, 6668, 3549, 301, 6460, 2658, 1941, 9883, 6756, 9634, 6613, 9652, 3757, 7241, 1775, 2820, 1785, 1938, 511, 1886, 2233, 4814, 1219, 4248, 2004, 1655, 952, 3820, 7620, 691, 8294, 7850, 1185, 1701, 2229, 66, 4997, 951, 435, 2699, 4505, 1751, 2009, 6769, 3269, 5054, 4966, 3723, 6312, 3763, 4187, 3989, 3836, 1931, 1981, 8889, 9733, 2578, 7349, 2925, 3441, 5083, 3262, 6080, 486, 2573, 2969, 4425, 1865, 1357, 4159, 1855, 6627, 4433, 9924, 1263, 6418, 1344, 3365, 6872, 3166, 567, 2628, 324, 5973, 4852, 4238, 97, 1467, 9892, 1317, 498, 515, 2456, 358, 171, 6645, 944, 730, 7736, 6495, 528, 2358, 6021, 5890, 1609, 7451, 3263, 3151, 7049, 3476, 4205, 3879, 1362, 3189, 3691, 4731, 2508, 1128, 1494, 1737, 6004, 2131, 3762, 341, 7240, 5525, 9013, 827, 1024, 2300, 7127, 9746, 9731, 4548, 2770, 527, 8444, 3599, 133, 7777, 3795, 7459, 3962, 4013, 3785, 4451, 8507, 9891, 9110, 7764, 5360, 4086, 2047, 1003, 922, 582, 998, 9669, 1033, 6391, 8279, 2793, 7262, 6741, 5735, 478, 900, 4131, 1072, 4738, 3150, 1247, 7915, 4259, 2810, 9743, 6940, 502, 9926, 960, 245, 4658, 3093, 6905, 2109, 3490, 4896, 3806, 3414, 6027, 9831, 7876, 7472, 8091, 2515, 2598, 6722, 8107, 9103, 787, 7583, 1640, 5522, 8735, 5644, 3122, 3305, 8397, 9560, 9905, 8020, 3436, 9749, 3951, 1078, 6446, 1204, 2668, 9513, 2351, 2214, 552, 2028, 2374, 874, 6730, 3534, 9595, 2125, 2404, 2215, 8115, 9011, 9071, 3167, 9023, 6694]
[195, 3751, 8272, 7826, 1384, 9677, 7917, 7945, 1896, 7043, 3511, 5824, 5923, 837, 7521, 619, 4419, 2393, 4356, 2348, 2369, 2198, 149, 800, 6560, 7504, 1952, 4487, 9203, 7498, 9182, 5173, 577, 4808, 2758, 6737, 8061, 4369, 3336, 3818, 9253, 8327, 2989, 3381, 9211, 1772, 6625, 4065, 2850, 2063, 5176, 3848, 1694, 3681, 4031, 8292, 2394, 4761, 4423, 3698, 3893, 4657, 9046, 6668, 3549, 301, 6460, 2658, 1941, 9883, 6756, 9634, 6613, 9652, 3757, 7241, 1775, 2820, 1785, 1938, 511, 1886, 2233, 4814, 1219, 4248, 2004, 1655, 952, 3820, 7620, 691, 8294, 7850, 1185, 1701, 2229, 66, 4997, 951, 435, 2699, 4505, 1751, 2009, 6769, 3269, 5054, 4966, 3723, 6312, 3763, 4187, 3989, 3836, 1931, 1981, 8889, 9733, 2578, 7349, 2925, 3441, 5083, 3262, 6080, 486, 2573, 2969, 4425, 1865, 1357, 4159, 1855, 6627, 4433, 9924, 1263, 6418, 1344, 3365, 6872, 3166, 567, 2628, 324, 5973, 4852, 4238, 97, 1467, 9892, 1317, 498, 515, 2456, 358, 171, 6645, 944, 730, 7736, 6495, 528, 2358, 6021, 5890, 1609, 7451, 3263, 3151, 7049, 3476, 4205, 3879, 1362, 3189, 3691, 4731, 2508, 1128, 1494, 1737, 6004, 2131, 3762, 341, 7240, 5525, 9013, 827, 1024, 2300, 7127, 9746, 9731, 4548, 2770, 527, 8444, 3599, 133, 7777, 3795, 7459, 3962, 4013, 3785, 4451, 8507, 9891, 9110, 7764, 5360, 4086, 2047, 1003, 922, 582, 998, 9669, 1033, 6391, 8279, 2793, 7262, 6741, 5735, 478, 900, 4131, 1072, 4738, 3150, 1247, 7915, 4259, 2810, 9743, 6940, 502, 9926, 960, 245, 4658, 3093, 6905, 2109, 3490, 4896, 3806, 3414, 6027, 9831, 7876, 7472, 8091, 2515, 2598, 6722, 8107, 9103, 787, 7583, 1640, 5522, 8735, 5644, 3122, 3305, 8397, 9560, 9905, 8020, 3436, 9749, 3951, 1078, 6446, 1204, 2668, 9513, 2351, 2214, 552, 2028, 2374, 874, 6730, 3534, 9595, 2125, 2404, 2215, 8115, 9011, 9071, 3167, 9023, 6694]
[195, 3751, 8272, 7826, 1384, 9677, 7917, 7945, 1896, 7043, 3511, 5824, 5923, 837, 7521, 619, 4419, 2393, 4356, 2348, 2369, 2198, 149, 800, 6560, 7504, 1952, 4487, 9203, 7498, 9182, 5173, 577, 4808, 2758, 6737, 8061, 4369, 3336, 3818, 9253, 8327, 2989, 3381, 9211, 1772, 6625, 4065, 2850, 2063, 5176, 3848, 1694, 3681, 4031, 8292, 2394, 4761, 4423, 3698, 3893, 4657, 9046, 6668, 3549, 301, 6460, 2658, 1941, 9883, 6756, 9634, 6613, 9652, 3757, 7241, 1775, 2820, 1785, 1938, 511, 1886, 2233, 4814, 1219, 4248, 2004, 1655, 952, 3820, 7620, 691, 8294, 7850, 1185, 1701, 2229, 66, 4997, 951, 435, 2699, 4505, 1751, 2009, 6769, 3269, 5054, 4966, 3723, 6312, 3763, 4187, 3989, 3836, 1931, 1981, 8889, 9733, 2578, 7349, 2925, 3441, 5083, 3262, 6080, 486, 2573, 2969, 4425, 1865, 1357, 4159, 1855, 6627, 4433, 9924, 1263, 6418, 1344, 3365, 6872, 3166, 567, 2628, 324, 5973, 4852, 4238, 97, 1467, 9892, 1317, 498, 515, 2456, 358, 171, 6645, 944, 730, 7736, 6495, 528, 2358, 6021, 5890, 1609, 7451, 3263, 3151, 7049, 3476, 4205, 3879, 1362, 3189, 3691, 4731, 2508, 1128, 1494, 1737, 6004, 2131, 3762, 341, 7240, 5525, 9013, 827, 1024, 2300, 7127, 9746, 9731, 4548, 2770, 527, 8444, 3599, 133, 7777, 3795, 7459, 3962, 4013, 3785, 4451, 8507, 9891, 9110, 7764, 5360, 4086, 2047, 1003, 922, 582, 998, 9669, 1033, 6391, 8279, 2793, 7262, 6741, 5735, 478, 900, 4131, 1072, 4738, 3150, 1247, 7915, 4259, 2810, 9743, 6940, 502, 9926, 960, 245, 4658, 3093, 6905, 2109, 3490, 4896, 3806, 3414, 6027, 9831, 7876, 7472, 8091, 2515, 2598, 6722, 8107, 9103, 787, 7583, 1640, 5522, 8735, 5644, 3122, 3305, 8397, 9560, 9905, 8020, 3436, 9749, 3951, 1078, 6446, 1204, 2668, 9513, 2351, 2214, 552, 2028, 2374, 874, 6730, 3534, 9595, 2125, 2404, 2215, 8115, 9011, 9071, 3167, 9023, 6694]
[195, 3751, 8272, 7826, 1384, 9677, 7917, 7945, 1896, 7043, 3511, 5824, 5923, 837, 7521, 619, 4419, 2393, 4356, 2348, 2369, 2198, 149, 800, 6560, 7504, 1952, 4487, 9203, 7498, 9182, 5173, 577, 4808, 2758, 6737, 8061, 4369, 3336, 3818, 9253, 8327, 2989, 3381, 9211, 1772, 6625, 4065, 2850, 2063, 5176, 3848, 1694, 3681, 4031, 8292, 2394, 4761, 4423, 3698, 3893, 4657, 9046, 6668, 3549, 301, 6460, 2658, 1941, 9883, 6756, 9634, 6613, 9652, 3757, 7241, 1775, 2820, 1785, 1938, 511, 1886, 2233, 4814, 1219, 4248, 2004, 1655, 952, 3820, 7620, 691, 8294, 7850, 1185, 1701, 2229, 66, 4997, 951, 435, 2699, 4505, 1751, 2009, 6769, 3269, 5054, 4966, 3723, 6312, 3763, 4187, 3989, 3836, 1931, 1981, 8889, 9733, 2578, 7349, 2925, 3441, 5083, 3262, 6080, 486, 2573, 2969, 4425, 1865, 1357, 4159, 1855, 6627, 4433, 9924, 1263, 6418, 1344, 3365, 6872, 3166, 567, 2628, 324, 5973, 4852, 4238, 97, 1467, 9892, 1317, 498, 515, 2456, 358, 171, 6645, 944, 730, 7736, 6495, 528, 2358, 6021, 5890, 1609, 7451, 3263, 3151, 7049, 3476, 4205, 3879, 1362, 3189, 3691, 4731, 2508, 1128, 1494, 1737, 6004, 2131, 3762, 341, 7240, 5525, 9013, 827, 1024, 2300, 7127, 9746, 9731, 4548, 2770, 527, 8444, 3599, 133, 7777, 3795, 7459, 3962, 4013, 3785, 4451, 8507, 9891, 9110, 7764, 5360, 4086, 2047, 1003, 922, 582, 998, 9669, 1033, 6391, 8279, 2793, 7262, 6741, 5735, 478, 900, 4131, 1072, 4738, 3150, 1247, 7915, 4259, 2810, 9743, 6940, 502, 9926, 960, 245, 4658, 3093, 6905, 2109, 3490, 4896, 3806, 3414, 6027, 9831, 7876, 7472, 8091, 2515, 2598, 6722, 8107, 9103, 787, 7583, 1640, 5522, 8735, 5644, 3122, 3305, 8397, 9560, 9905, 8020, 3436, 9749, 3951, 1078, 6446, 1204, 2668, 9513, 2351, 2214, 552, 2028, 2374, 874, 6730, 3534, 9595, 2125, 2404, 2215, 8115, 9011, 9071, 3167, 9023, 6694]
[195, 3751, 8272, 7826, 1384, 9677, 7917, 7945, 1896, 7043, 3511, 5824, 5923, 837, 7521, 619, 4419, 2393, 4356, 2348, 2369, 2198, 149, 800, 6560, 7504, 1952, 4487, 9203, 7498, 9182, 5173, 577, 4808, 2758, 6737, 8061, 4369, 3336, 3818, 9253, 8327, 2989, 3381, 9211, 1772, 6625, 4065, 2850, 2063, 5176, 3848, 1694, 3681, 4031, 8292, 2394, 4761, 4423, 3698, 3893, 4657, 9046, 6668, 3549, 301, 6460, 2658, 1941, 9883, 6756, 9634, 6613, 9652, 3757, 7241, 1775, 2820, 1785, 1938, 511, 1886, 2233, 4814, 1219, 4248, 2004, 1655, 952, 3820, 7620, 691, 8294, 7850, 1185, 1701, 2229, 66, 4997, 951, 435, 2699, 4505, 1751, 2009, 6769, 3269, 5054, 4966, 3723, 6312, 3763, 4187, 3989, 3836, 1931, 1981, 8889, 9733, 2578, 7349, 2925, 3441, 5083, 3262, 6080, 486, 2573, 2969, 4425, 1865, 1357, 4159, 1855, 6627, 4433, 9924, 1263, 6418, 1344, 3365, 6872, 3166, 567, 2628, 324, 5973, 4852, 4238, 97, 1467, 9892, 1317, 498, 515, 2456, 358, 171, 6645, 944, 730, 7736, 6495, 528, 2358, 6021, 5890, 1609, 7451, 3263, 3151, 7049, 3476, 4205, 3879, 1362, 3189, 3691, 4731, 2508, 1128, 1494, 1737, 6004, 2131, 3762, 341, 7240, 5525, 9013, 827, 1024, 2300, 7127, 9746, 9731, 4548, 2770, 527, 8444, 3599, 133, 7777, 3795, 7459, 3962, 4013, 3785, 4451, 8507, 9891, 9110, 7764, 5360, 4086, 2047, 1003, 922, 582, 998, 9669, 1033, 6391, 8279, 2793, 7262, 6741, 5735, 478, 900, 4131, 1072, 4738, 3150, 1247, 7915, 4259, 2810, 9743, 6940, 502, 9926, 960, 245, 4658, 3093, 6905, 2109, 3490, 4896, 3806, 3414, 6027, 9831, 7876, 7472, 8091, 2515, 2598, 6722, 8107, 9103, 787, 7583, 1640, 5522, 8735, 5644, 3122, 3305, 8397, 9560, 9905, 8020, 3436, 9749, 3951, 1078, 6446, 1204, 2668, 9513, 2351, 2214, 552, 2028, 2374, 874, 6730, 3534, 9595, 2125, 2404, 2215, 8115, 9011, 9071, 3167, 9023, 6694]
[195, 3751, 8272, 7826, 1384, 9677, 7917, 7945, 1896, 7043, 3511, 5824, 5923, 837, 7521, 619, 4419, 2393, 4356, 2348, 2369, 2198, 149, 800, 6560, 7504, 1952, 4487, 9203, 7498, 9182, 5173, 577, 4808, 2758, 6737, 8061, 4369, 3336, 3818, 9253, 8327, 2989, 3381, 9211, 1772, 6625, 4065, 2850, 2063, 5176, 3848, 1694, 3681, 4031, 8292, 2394, 4761, 4423, 3698, 3893, 4657, 9046, 6668, 3549, 301, 6460, 2658, 1941, 9883, 6756, 9634, 6613, 9652, 3757, 7241, 1775, 2820, 1785, 1938, 511, 1886, 2233, 4814, 1219, 4248, 2004, 1655, 952, 3820, 7620, 691, 8294, 7850, 1185, 1701, 2229, 66, 4997, 951, 435, 2699, 4505, 1751, 2009, 6769, 3269, 5054, 4966, 3723, 6312, 3763, 4187, 3989, 3836, 1931, 1981, 8889, 9733, 2578, 7349, 2925, 3441, 5083, 3262, 6080, 486, 2573, 2969, 4425, 1865, 1357, 4159, 1855, 6627, 4433, 9924, 1263, 6418, 1344, 3365, 6872, 3166, 567, 2628, 324, 5973, 4852, 4238, 97, 1467, 9892, 1317, 498, 515, 2456, 358, 171, 6645, 944, 730, 7736, 6495, 528, 2358, 6021, 5890, 1609, 7451, 3263, 3151, 7049, 3476, 4205, 3879, 1362, 3189, 3691, 4731, 2508, 1128, 1494, 1737, 6004, 2131, 3762, 341, 7240, 5525, 9013, 827, 1024, 2300, 7127, 9746, 9731, 4548, 2770, 527, 8444, 3599, 133, 7777, 3795, 7459, 3962, 4013, 3785, 4451, 8507, 9891, 9110, 7764, 5360, 4086, 2047, 1003, 922, 582, 998, 9669, 1033, 6391, 8279, 2793, 7262, 6741, 5735, 478, 900, 4131, 1072, 4738, 3150, 1247, 7915, 4259, 2810, 9743, 6940, 502, 9926, 960, 245, 4658, 3093, 6905, 2109, 3490, 4896, 3806, 3414, 6027, 9831, 7876, 7472, 8091, 2515, 2598, 6722, 8107, 9103, 787, 7583, 1640, 5522, 8735, 5644, 3122, 3305, 8397, 9560, 9905, 8020, 3436, 9749, 3951, 1078, 6446, 1204, 2668, 9513, 2351, 2214, 552, 2028, 2374, 874, 6730, 3534, 9595, 2125, 2404, 2215, 8115, 9011, 9071, 3167, 9023, 6694]
[195, 3751, 8272, 7826, 1384, 9677, 7917, 7945, 1896, 7043, 3511, 5824, 5923, 837, 7521, 619, 4419, 2393, 4356, 2348, 2369, 2198, 149, 800, 6560, 7504, 1952, 4487, 9203, 7498, 9182, 5173, 577, 4808, 2758, 6737, 8061, 4369, 3336, 3818, 9253, 8327, 2989, 3381, 9211, 1772, 6625, 4065, 2850, 2063, 5176, 3848, 1694, 3681, 4031, 8292, 2394, 4761, 4423, 3698, 3893, 4657, 9046, 6668, 3549, 301, 6460, 2658, 1941, 9883, 6756, 9634, 6613, 9652, 3757, 7241, 1775, 2820, 1785, 1938, 511, 1886, 2233, 4814, 1219, 4248, 2004, 1655, 952, 3820, 7620, 691, 8294, 7850, 1185, 1701, 2229, 66, 4997, 951, 435, 2699, 4505, 1751, 2009, 6769, 3269, 5054, 4966, 3723, 6312, 3763, 4187, 3989, 3836, 1931, 1981, 8889, 9733, 2578, 7349, 2925, 3441, 5083, 3262, 6080, 486, 2573, 2969, 4425, 1865, 1357, 4159, 1855, 6627, 4433, 9924, 1263, 6418, 1344, 3365, 6872, 3166, 567, 2628, 324, 5973, 4852, 4238, 97, 1467, 9892, 1317, 498, 515, 2456, 358, 171, 6645, 944, 730, 7736, 6495, 528, 2358, 6021, 5890, 1609, 7451, 3263, 3151, 7049, 3476, 4205, 3879, 1362, 3189, 3691, 4731, 2508, 1128, 1494, 1737, 6004, 2131, 3762, 341, 7240, 5525, 9013, 827, 1024, 2300, 7127, 9746, 9731, 4548, 2770, 527, 8444, 3599, 133, 7777, 3795, 7459, 3962, 4013, 3785, 4451, 8507, 9891, 9110, 7764, 5360, 4086, 2047, 1003, 922, 582, 998, 9669, 1033, 6391, 8279, 2793, 7262, 6741, 5735, 478, 900, 4131, 1072, 4738, 3150, 1247, 7915, 4259, 2810, 9743, 6940, 502, 9926, 960, 245, 4658, 3093, 6905, 2109, 3490, 4896, 3806, 3414, 6027, 9831, 7876, 7472, 8091, 2515, 2598, 6722, 8107, 9103, 787, 7583, 1640, 5522, 8735, 5644, 3122, 3305, 8397, 9560, 9905, 8020, 3436, 9749, 3951, 1078, 6446, 1204, 2668, 9513, 2351, 2214, 552, 2028, 2374, 874, 6730, 3534, 9595, 2125, 2404, 2215, 8115, 9011, 9071, 3167, 9023, 6694]
[195, 3751, 8272, 7826, 1384, 9677, 7917, 7945, 1896, 7043, 3511, 5824, 5923, 837, 7521, 619, 4419, 2393, 4356, 2348, 2369, 2198, 149, 800, 6560, 7504, 1952, 4487, 9203, 7498, 9182, 5173, 577, 4808, 2758, 6737, 8061, 4369, 3336, 3818, 9253, 8327, 2989, 3381, 9211, 1772, 6625, 4065, 2850, 2063, 5176, 3848, 1694, 3681, 4031, 8292, 2394, 4761, 4423, 3698, 3893, 4657, 9046, 6668, 3549, 301, 6460, 2658, 1941, 9883, 6756, 9634, 6613, 9652, 3757, 7241, 1775, 2820, 1785, 1938, 511, 1886, 2233, 4814, 1219, 4248, 2004, 1655, 952, 3820, 7620, 691, 8294, 7850, 1185, 1701, 2229, 66, 4997, 951, 435, 2699, 4505, 1751, 2009, 6769, 3269, 5054, 4966, 3723, 6312, 3763, 4187, 3989, 3836, 1931, 1981, 8889, 9733, 2578, 7349, 2925, 3441, 5083, 3262, 6080, 486, 2573, 2969, 4425, 1865, 1357, 4159, 1855, 6627, 4433, 9924, 1263, 6418, 1344, 3365, 6872, 3166, 567, 2628, 324, 5973, 4852, 4238, 97, 1467, 9892, 1317, 498, 515, 2456, 358, 171, 6645, 944, 730, 7736, 6495, 528, 2358, 6021, 5890, 1609, 7451, 3263, 3151, 7049, 3476, 4205, 3879, 1362, 3189, 3691, 4731, 2508, 1128, 1494, 1737, 6004, 2131, 3762, 341, 7240, 5525, 9013, 827, 1024, 2300, 7127, 9746, 9731, 4548, 2770, 527, 8444, 3599, 133, 7777, 3795, 7459, 3962, 4013, 3785, 4451, 8507, 9891, 9110, 7764, 5360, 4086, 2047, 1003, 922, 582, 998, 9669, 1033, 6391, 8279, 2793, 7262, 6741, 5735, 478, 900, 4131, 1072, 4738, 3150, 1247, 7915, 4259, 2810, 9743, 6940, 502, 9926, 960, 245, 4658, 3093, 6905, 2109, 3490, 4896, 3806, 3414, 6027, 9831, 7876, 7472, 8091, 2515, 2598, 6722, 8107, 9103, 787, 7583, 1640, 5522, 8735, 5644, 3122, 3305, 8397, 9560, 9905, 8020, 3436, 9749, 3951, 1078, 6446, 1204, 2668, 9513, 2351, 2214, 552, 2028, 2374, 874, 6730, 3534, 9595, 2125, 2404, 2215, 8115, 9011, 9071, 3167, 9023, 6694]
[195, 3751, 8272, 7826, 1384, 9677, 7917, 7945, 1896, 7043, 3511, 5824, 5923, 837, 7521, 619, 4419, 2393, 4356, 2348, 2369, 2198, 149, 800, 6560, 7504, 1952, 4487, 9203, 7498, 9182, 5173, 577, 4808, 2758, 6737, 8061, 4369, 3336, 3818, 9253, 8327, 2989, 3381, 9211, 1772, 6625, 4065, 2850, 2063, 5176, 3848, 1694, 3681, 4031, 8292, 2394, 4761, 4423, 3698, 3893, 4657, 9046, 6668, 3549, 301, 6460, 2658, 1941, 9883, 6756, 9634, 6613, 9652, 3757, 7241, 1775, 2820, 1785, 1938, 511, 1886, 2233, 4814, 1219, 4248, 2004, 1655, 952, 3820, 7620, 691, 8294, 7850, 1185, 1701, 2229, 66, 4997, 951, 435, 2699, 4505, 1751, 2009, 6769, 3269, 5054, 4966, 3723, 6312, 3763, 4187, 3989, 3836, 1931, 1981, 8889, 9733, 2578, 7349, 2925, 3441, 5083, 3262, 6080, 486, 2573, 2969, 4425, 1865, 1357, 4159, 1855, 6627, 4433, 9924, 1263, 6418, 1344, 3365, 6872, 3166, 567, 2628, 324, 5973, 4852, 4238, 97, 1467, 9892, 1317, 498, 515, 2456, 358, 171, 6645, 944, 730, 7736, 6495, 528, 2358, 6021, 5890, 1609, 7451, 3263, 3151, 7049, 3476, 4205, 3879, 1362, 3189, 3691, 4731, 2508, 1128, 1494, 1737, 6004, 2131, 3762, 341, 7240, 5525, 9013, 827, 1024, 2300, 7127, 9746, 9731, 4548, 2770, 527, 8444, 3599, 133, 7777, 3795, 7459, 3962, 4013, 3785, 4451, 8507, 9891, 9110, 7764, 5360, 4086, 2047, 1003, 922, 582, 998, 9669, 1033, 6391, 8279, 2793, 7262, 6741, 5735, 478, 900, 4131, 1072, 4738, 3150, 1247, 7915, 4259, 2810, 9743, 6940, 502, 9926, 960, 245, 4658, 3093, 6905, 2109, 3490, 4896, 3806, 3414, 6027, 9831, 7876, 7472, 8091, 2515, 2598, 6722, 8107, 9103, 787, 7583, 1640, 5522, 8735, 5644, 3122, 3305, 8397, 9560, 9905, 8020, 3436, 9749, 3951, 1078, 6446, 1204, 2668, 9513, 2351, 2214, 552, 2028, 2374, 874, 6730, 3534, 9595, 2125, 2404, 2215, 8115, 9011, 9071, 3167, 9023, 6694]
[195, 3751, 8272, 7826, 1384, 9677, 7917, 7945, 1896, 7043, 3511, 5824, 5923, 837, 7521, 619, 4419, 2393, 4356, 2348, 2369, 2198, 149, 800, 6560, 7504, 1952, 4487, 9203, 7498, 9182, 5173, 577, 4808, 2758, 6737, 8061, 4369, 3336, 3818, 9253, 8327, 2989, 3381, 9211, 1772, 6625, 4065, 2850, 2063, 5176, 3848, 1694, 3681, 4031, 8292, 2394, 4761, 4423, 3698, 3893, 4657, 9046, 6668, 3549, 301, 6460, 2658, 1941, 9883, 6756, 9634, 6613, 9652, 3757, 7241, 1775, 2820, 1785, 1938, 511, 1886, 2233, 4814, 1219, 4248, 2004, 1655, 952, 3820, 7620, 691, 8294, 7850, 1185, 1701, 2229, 66, 4997, 951, 435, 2699, 4505, 1751, 2009, 6769, 3269, 5054, 4966, 3723, 6312, 3763, 4187, 3989, 3836, 1931, 1981, 8889, 9733, 2578, 7349, 2925, 3441, 5083, 3262, 6080, 486, 2573, 2969, 4425, 1865, 1357, 4159, 1855, 6627, 4433, 9924, 1263, 6418, 1344, 3365, 6872, 3166, 567, 2628, 324, 5973, 4852, 4238, 97, 1467, 9892, 1317, 498, 515, 2456, 358, 171, 6645, 944, 730, 7736, 6495, 528, 2358, 6021, 5890, 1609, 7451, 3263, 3151, 7049, 3476, 4205, 3879, 1362, 3189, 3691, 4731, 2508, 1128, 1494, 1737, 6004, 2131, 3762, 341, 7240, 5525, 9013, 827, 1024, 2300, 7127, 9746, 9731, 4548, 2770, 527, 8444, 3599, 133, 7777, 3795, 7459, 3962, 4013, 3785, 4451, 8507, 9891, 9110, 7764, 5360, 4086, 2047, 1003, 922, 582, 998, 9669, 1033, 6391, 8279, 2793, 7262, 6741, 5735, 478, 900, 4131, 1072, 4738, 3150, 1247, 7915, 4259, 2810, 9743, 6940, 502, 9926, 960, 245, 4658, 3093, 6905, 2109, 3490, 4896, 3806, 3414, 6027, 9831, 7876, 7472, 8091, 2515, 2598, 6722, 8107, 9103, 787, 7583, 1640, 5522, 8735, 5644, 3122, 3305, 8397, 9560, 9905, 8020, 3436, 9749, 3951, 1078, 6446, 1204, 2668, 9513, 2351, 2214, 552, 2028, 2374, 874, 6730, 3534, 9595, 2125, 2404, 2215, 8115, 9011, 9071, 3167, 9023, 6694]
[195, 3751, 8272, 7826, 1384, 9677, 7917, 7945, 1896, 7043, 3511, 5824, 5923, 837, 7521, 619, 4419, 2393, 4356, 2348, 2369, 2198, 149, 800, 6560, 7504, 1952, 4487, 9203, 7498, 9182, 5173, 577, 4808, 2758, 6737, 8061, 4369, 3336, 3818, 9253, 8327, 2989, 3381, 9211, 1772, 6625, 4065, 2850, 2063, 5176, 3848, 1694, 3681, 4031, 8292, 2394, 4761, 4423, 3698, 3893, 4657, 9046, 6668, 3549, 301, 6460, 2658, 1941, 9883, 6756, 9634, 6613, 9652, 3757, 7241, 1775, 2820, 1785, 1938, 511, 1886, 2233, 4814, 1219, 4248, 2004, 1655, 952, 3820, 7620, 691, 8294, 7850, 1185, 1701, 2229, 66, 4997, 951, 435, 2699, 4505, 1751, 2009, 6769, 3269, 5054, 4966, 3723, 6312, 3763, 4187, 3989, 3836, 1931, 1981, 8889, 9733, 2578, 7349, 2925, 3441, 5083, 3262, 6080, 486, 2573, 2969, 4425, 1865, 1357, 4159, 1855, 6627, 4433, 9924, 1263, 6418, 1344, 3365, 6872, 3166, 567, 2628, 324, 5973, 4852, 4238, 97, 1467, 9892, 1317, 498, 515, 2456, 358, 171, 6645, 944, 730, 7736, 6495, 528, 2358, 6021, 5890, 1609, 7451, 3263, 3151, 7049, 3476, 4205, 3879, 1362, 3189, 3691, 4731, 2508, 1128, 1494, 1737, 6004, 2131, 3762, 341, 7240, 5525, 9013, 827, 1024, 2300, 7127, 9746, 9731, 4548, 2770, 527, 8444, 3599, 133, 7777, 3795, 7459, 3962, 4013, 3785, 4451, 8507, 9891, 9110, 7764, 5360, 4086, 2047, 1003, 922, 582, 998, 9669, 1033, 6391, 8279, 2793, 7262, 6741, 5735, 478, 900, 4131, 1072, 4738, 3150, 1247, 7915, 4259, 2810, 9743, 6940, 502, 9926, 960, 245, 4658, 3093, 6905, 2109, 3490, 4896, 3806, 3414, 6027, 9831, 7876, 7472, 8091, 2515, 2598, 6722, 8107, 9103, 787, 7583, 1640, 5522, 8735, 5644, 3122, 3305, 8397, 9560, 9905, 8020, 3436, 9749, 3951, 1078, 6446, 1204, 2668, 9513, 2351, 2214, 552, 2028, 2374, 874, 6730, 3534, 9595, 2125, 2404, 2215, 8115, 9011, 9071, 3167, 9023, 6694]
[195, 3751, 8272, 7826, 1384, 9677, 7917, 7945, 1896, 7043, 3511, 5824, 5923, 837, 7521, 619, 4419, 2393, 4356, 2348, 2369, 2198, 149, 800, 6560, 7504, 1952, 4487, 9203, 7498, 9182, 5173, 577, 4808, 2758, 6737, 8061, 4369, 3336, 3818, 9253, 8327, 2989, 3381, 9211, 1772, 6625, 4065, 2850, 2063, 5176, 3848, 1694, 3681, 4031, 8292, 2394, 4761, 4423, 3698, 3893, 4657, 9046, 6668, 3549, 301, 6460, 2658, 1941, 9883, 6756, 9634, 6613, 9652, 3757, 7241, 1775, 2820, 1785, 1938, 511, 1886, 2233, 4814, 1219, 4248, 2004, 1655, 952, 3820, 7620, 691, 8294, 7850, 1185, 1701, 2229, 66, 4997, 951, 435, 2699, 4505, 1751, 2009, 6769, 3269, 5054, 4966, 3723, 6312, 3763, 4187, 3989, 3836, 1931, 1981, 8889, 9733, 2578, 7349, 2925, 3441, 5083, 3262, 6080, 486, 2573, 2969, 4425, 1865, 1357, 4159, 1855, 6627, 4433, 9924, 1263, 6418, 1344, 3365, 6872, 3166, 567, 2628, 324, 5973, 4852, 4238, 97, 1467, 9892, 1317, 498, 515, 2456, 358, 171, 6645, 944, 730, 7736, 6495, 528, 2358, 6021, 5890, 1609, 7451, 3263, 3151, 7049, 3476, 4205, 3879, 1362, 3189, 3691, 4731, 2508, 1128, 1494, 1737, 6004, 2131, 3762, 341, 7240, 5525, 9013, 827, 1024, 2300, 7127, 9746, 9731, 4548, 2770, 527, 8444, 3599, 133, 7777, 3795, 7459, 3962, 4013, 3785, 4451, 8507, 9891, 9110, 7764, 5360, 4086, 2047, 1003, 922, 582, 998, 9669, 1033, 6391, 8279, 2793, 7262, 6741, 5735, 478, 900, 4131, 1072, 4738, 3150, 1247, 7915, 4259, 2810, 9743, 6940, 502, 9926, 960, 245, 4658, 3093, 6905, 2109, 3490, 4896, 3806, 3414, 6027, 9831, 7876, 7472, 8091, 2515, 2598, 6722, 8107, 9103, 787, 7583, 1640, 5522, 8735, 5644, 3122, 3305, 8397, 9560, 9905, 8020, 3436, 9749, 3951, 1078, 6446, 1204, 2668, 9513, 2351, 2214, 552, 2028, 2374, 874, 6730, 3534, 9595, 2125, 2404, 2215, 8115, 9011, 9071, 3167, 9023, 6694]
[195, 3751, 8272, 7826, 1384, 9677, 7917, 7945, 1896, 7043, 3511, 5824, 5923, 837, 7521, 619, 4419, 2393, 4356, 2348, 2369, 2198, 149, 800, 6560, 7504, 1952, 4487, 9203, 7498, 9182, 5173, 577, 4808, 2758, 6737, 8061, 4369, 3336, 3818, 9253, 8327, 2989, 3381, 9211, 1772, 6625, 4065, 2850, 2063, 5176, 3848, 1694, 3681, 4031, 8292, 2394, 4761, 4423, 3698, 3893, 4657, 9046, 6668, 3549, 301, 6460, 2658, 1941, 9883, 6756, 9634, 6613, 9652, 3757, 7241, 1775, 2820, 1785, 1938, 511, 1886, 2233, 4814, 1219, 4248, 2004, 1655, 952, 3820, 7620, 691, 8294, 7850, 1185, 1701, 2229, 66, 4997, 951, 435, 2699, 4505, 1751, 2009, 6769, 3269, 5054, 4966, 3723, 6312, 3763, 4187, 3989, 3836, 1931, 1981, 8889, 9733, 2578, 7349, 2925, 3441, 5083, 3262, 6080, 486, 2573, 2969, 4425, 1865, 1357, 4159, 1855, 6627, 4433, 9924, 1263, 6418, 1344, 3365, 6872, 3166, 567, 2628, 324, 5973, 4852, 4238, 97, 1467, 9892, 1317, 498, 515, 2456, 358, 171, 6645, 944, 730, 7736, 6495, 528, 2358, 6021, 5890, 1609, 7451, 3263, 3151, 7049, 3476, 4205, 3879, 1362, 3189, 3691, 4731, 2508, 1128, 1494, 1737, 6004, 2131, 3762, 341, 7240, 5525, 9013, 827, 1024, 2300, 7127, 9746, 9731, 4548, 2770, 527, 8444, 3599, 133, 7777, 3795, 7459, 3962, 4013, 3785, 4451, 8507, 9891, 9110, 7764, 5360, 4086, 2047, 1003, 922, 582, 998, 9669, 1033, 6391, 8279, 2793, 7262, 6741, 5735, 478, 900, 4131, 1072, 4738, 3150, 1247, 7915, 4259, 2810, 9743, 6940, 502, 9926, 960, 245, 4658, 3093, 6905, 2109, 3490, 4896, 3806, 3414, 6027, 9831, 7876, 7472, 8091, 2515, 2598, 6722, 8107, 9103, 787, 7583, 1640, 5522, 8735, 5644, 3122, 3305, 8397, 9560, 9905, 8020, 3436, 9749, 3951, 1078, 6446, 1204, 2668, 9513, 2351, 2214, 552, 2028, 2374, 874, 6730, 3534, 9595, 2125, 2404, 2215, 8115, 9011, 9071, 3167, 9023, 6694]
[195, 3751, 8272, 7826, 1384, 9677, 7917, 7945, 1896, 7043, 3511, 5824, 5923, 837, 7521, 619, 4419, 2393, 4356, 2348, 2369, 2198, 149, 800, 6560, 7504, 1952, 4487, 9203, 7498, 9182, 5173, 577, 4808, 2758, 6737, 8061, 4369, 3336, 3818, 9253, 8327, 2989, 3381, 9211, 1772, 6625, 4065, 2850, 2063, 5176, 3848, 1694, 3681, 4031, 8292, 2394, 4761, 4423, 3698, 3893, 4657, 9046, 6668, 3549, 301, 6460, 2658, 1941, 9883, 6756, 9634, 6613, 9652, 3757, 7241, 1775, 2820, 1785, 1938, 511, 1886, 2233, 4814, 1219, 4248, 2004, 1655, 952, 3820, 7620, 691, 8294, 7850, 1185, 1701, 2229, 66, 4997, 951, 435, 2699, 4505, 1751, 2009, 6769, 3269, 5054, 4966, 3723, 6312, 3763, 4187, 3989, 3836, 1931, 1981, 8889, 9733, 2578, 7349, 2925, 3441, 5083, 3262, 6080, 486, 2573, 2969, 4425, 1865, 1357, 4159, 1855, 6627, 4433, 9924, 1263, 6418, 1344, 3365, 6872, 3166, 567, 2628, 324, 5973, 4852, 4238, 97, 1467, 9892, 1317, 498, 515, 2456, 358, 171, 6645, 944, 730, 7736, 6495, 528, 2358, 6021, 5890, 1609, 7451, 3263, 3151, 7049, 3476, 4205, 3879, 1362, 3189, 3691, 4731, 2508, 1128, 1494, 1737, 6004, 2131, 3762, 341, 7240, 5525, 9013, 827, 1024, 2300, 7127, 9746, 9731, 4548, 2770, 527, 8444, 3599, 133, 7777, 3795, 7459, 3962, 4013, 3785, 4451, 8507, 9891, 9110, 7764, 5360, 4086, 2047, 1003, 922, 582, 998, 9669, 1033, 6391, 8279, 2793, 7262, 6741, 5735, 478, 900, 4131, 1072, 4738, 3150, 1247, 7915, 4259, 2810, 9743, 6940, 502, 9926, 960, 245, 4658, 3093, 6905, 2109, 3490, 4896, 3806, 3414, 6027, 9831, 7876, 7472, 8091, 2515, 2598, 6722, 8107, 9103, 787, 7583, 1640, 5522, 8735, 5644, 3122, 3305, 8397, 9560, 9905, 8020, 3436, 9749, 3951, 1078, 6446, 1204, 2668, 9513, 2351, 2214, 552, 2028, 2374, 874, 6730, 3534, 9595, 2125, 2404, 2215, 8115, 9011, 9071, 3167, 9023, 6694]
[195, 3751, 8272, 7826, 1384, 9677, 7917, 7945, 1896, 7043, 3511, 5824, 5923, 837, 7521, 619, 4419, 2393, 4356, 2348, 2369, 2198, 149, 800, 6560, 7504, 1952, 4487, 9203, 7498, 9182, 5173, 577, 4808, 2758, 6737, 8061, 4369, 3336, 3818, 9253, 8327, 2989, 3381, 9211, 1772, 6625, 4065, 2850, 2063, 5176, 3848, 1694, 3681, 4031, 8292, 2394, 4761, 4423, 3698, 3893, 4657, 9046, 6668, 3549, 301, 6460, 2658, 1941, 9883, 6756, 9634, 6613, 9652, 3757, 7241, 1775, 2820, 1785, 1938, 511, 1886, 2233, 4814, 1219, 4248, 2004, 1655, 952, 3820, 7620, 691, 8294, 7850, 1185, 1701, 2229, 66, 4997, 951, 435, 2699, 4505, 1751, 2009, 6769, 3269, 5054, 4966, 3723, 6312, 3763, 4187, 3989, 3836, 1931, 1981, 8889, 9733, 2578, 7349, 2925, 3441, 5083, 3262, 6080, 486, 2573, 2969, 4425, 1865, 1357, 4159, 1855, 6627, 4433, 9924, 1263, 6418, 1344, 3365, 6872, 3166, 567, 2628, 324, 5973, 4852, 4238, 97, 1467, 9892, 1317, 498, 515, 2456, 358, 171, 6645, 944, 730, 7736, 6495, 528, 2358, 6021, 5890, 1609, 7451, 3263, 3151, 7049, 3476, 4205, 3879, 1362, 3189, 3691, 4731, 2508, 1128, 1494, 1737, 6004, 2131, 3762, 341, 7240, 5525, 9013, 827, 1024, 2300, 7127, 9746, 9731, 4548, 2770, 527, 8444, 3599, 133, 7777, 3795, 7459, 3962, 4013, 3785, 4451, 8507, 9891, 9110, 7764, 5360, 4086, 2047, 1003, 922, 582, 998, 9669, 1033, 6391, 8279, 2793, 7262, 6741, 5735, 478, 900, 4131, 1072, 4738, 3150, 1247, 7915, 4259, 2810, 9743, 6940, 502, 9926, 960, 245, 4658, 3093, 6905, 2109, 3490, 4896, 3806, 3414, 6027, 9831, 7876, 7472, 8091, 2515, 2598, 6722, 8107, 9103, 787, 7583, 1640, 5522, 8735, 5644, 3122, 3305, 8397, 9560, 9905, 8020, 3436, 9749, 3951, 1078, 6446, 1204, 2668, 9513, 2351, 2214, 552, 2028, 2374, 874, 6730, 3534, 9595, 2125, 2404, 2215, 8115, 9011, 9071, 3167, 9023, 6694]
[195, 3751, 8272, 7826, 1384, 9677, 7917, 7945, 1896, 7043, 3511, 5824, 5923, 837, 7521, 619, 4419, 2393, 4356, 2348, 2369, 2198, 149, 800, 6560, 7504, 1952, 4487, 9203, 7498, 9182, 5173, 577, 4808, 2758, 6737, 8061, 4369, 3336, 3818, 9253, 8327, 2989, 3381, 9211, 1772, 6625, 4065, 2850, 2063, 5176, 3848, 1694, 3681, 4031, 8292, 2394, 4761, 4423, 3698, 3893, 4657, 9046, 6668, 3549, 301, 6460, 2658, 1941, 9883, 6756, 9634, 6613, 9652, 3757, 7241, 1775, 2820, 1785, 1938, 511, 1886, 2233, 4814, 1219, 4248, 2004, 1655, 952, 3820, 7620, 691, 8294, 7850, 1185, 1701, 2229, 66, 4997, 951, 435, 2699, 4505, 1751, 2009, 6769, 3269, 5054, 4966, 3723, 6312, 3763, 4187, 3989, 3836, 1931, 1981, 8889, 9733, 2578, 7349, 2925, 3441, 5083, 3262, 6080, 486, 2573, 2969, 4425, 1865, 1357, 4159, 1855, 6627, 4433, 9924, 1263, 6418, 1344, 3365, 6872, 3166, 567, 2628, 324, 5973, 4852, 4238, 97, 1467, 9892, 1317, 498, 515, 2456, 358, 171, 6645, 944, 730, 7736, 6495, 528, 2358, 6021, 5890, 1609, 7451, 3263, 3151, 7049, 3476, 4205, 3879, 1362, 3189, 3691, 4731, 2508, 1128, 1494, 1737, 6004, 2131, 3762, 341, 7240, 5525, 9013, 827, 1024, 2300, 7127, 9746, 9731, 4548, 2770, 527, 8444, 3599, 133, 7777, 3795, 7459, 3962, 4013, 3785, 4451, 8507, 9891, 9110, 7764, 5360, 4086, 2047, 1003, 922, 582, 998, 9669, 1033, 6391, 8279, 2793, 7262, 6741, 5735, 478, 900, 4131, 1072, 4738, 3150, 1247, 7915, 4259, 2810, 9743, 6940, 502, 9926, 960, 245, 4658, 3093, 6905, 2109, 3490, 4896, 3806, 3414, 6027, 9831, 7876, 7472, 8091, 2515, 2598, 6722, 8107, 9103, 787, 7583, 1640, 5522, 8735, 5644, 3122, 3305, 8397, 9560, 9905, 8020, 3436, 9749, 3951, 1078, 6446, 1204, 2668, 9513, 2351, 2214, 552, 2028, 2374, 874, 6730, 3534, 9595, 2125, 2404, 2215, 8115, 9011, 9071, 3167, 9023, 6694]
[195, 3751, 8272, 7826, 1384, 9677, 7917, 7945, 1896, 7043, 3511, 5824, 5923, 837, 7521, 619, 4419, 2393, 4356, 2348, 2369, 2198, 149, 800, 6560, 7504, 1952, 4487, 9203, 7498, 9182, 5173, 577, 4808, 2758, 6737, 8061, 4369, 3336, 3818, 9253, 8327, 2989, 3381, 9211, 1772, 6625, 4065, 2850, 2063, 5176, 3848, 1694, 3681, 4031, 8292, 2394, 4761, 4423, 3698, 3893, 4657, 9046, 6668, 3549, 301, 6460, 2658, 1941, 9883, 6756, 9634, 6613, 9652, 3757, 7241, 1775, 2820, 1785, 1938, 511, 1886, 2233, 4814, 1219, 4248, 2004, 1655, 952, 3820, 7620, 691, 8294, 7850, 1185, 1701, 2229, 66, 4997, 951, 435, 2699, 4505, 1751, 2009, 6769, 3269, 5054, 4966, 3723, 6312, 3763, 4187, 3989, 3836, 1931, 1981, 8889, 9733, 2578, 7349, 2925, 3441, 5083, 3262, 6080, 486, 2573, 2969, 4425, 1865, 1357, 4159, 1855, 6627, 4433, 9924, 1263, 6418, 1344, 3365, 6872, 3166, 567, 2628, 324, 5973, 4852, 4238, 97, 1467, 9892, 1317, 498, 515, 2456, 358, 171, 6645, 944, 730, 7736, 6495, 528, 2358, 6021, 5890, 1609, 7451, 3263, 3151, 7049, 3476, 4205, 3879, 1362, 3189, 3691, 4731, 2508, 1128, 1494, 1737, 6004, 2131, 3762, 341, 7240, 5525, 9013, 827, 1024, 2300, 7127, 9746, 9731, 4548, 2770, 527, 8444, 3599, 133, 7777, 3795, 7459, 3962, 4013, 3785, 4451, 8507, 9891, 9110, 7764, 5360, 4086, 2047, 1003, 922, 582, 998, 9669, 1033, 6391, 8279, 2793, 7262, 6741, 5735, 478, 900, 4131, 1072, 4738, 3150, 1247, 7915, 4259, 2810, 9743, 6940, 502, 9926, 960, 245, 4658, 3093, 6905, 2109, 3490, 4896, 3806, 3414, 6027, 9831, 7876, 7472, 8091, 2515, 2598, 6722, 8107, 9103, 787, 7583, 1640, 5522, 8735, 5644, 3122, 3305, 8397, 9560, 9905, 8020, 3436, 9749, 3951, 1078, 6446, 1204, 2668, 9513, 2351, 2214, 552, 2028, 2374, 874, 6730, 3534, 9595, 2125, 2404, 2215, 8115, 9011, 9071, 3167, 9023, 6694]
[195, 3751, 8272, 7826, 1384, 9677, 7917, 7945, 1896, 7043, 3511, 5824, 5923, 837, 7521, 619, 4419, 2393, 4356, 2348, 2369, 2198, 149, 800, 6560, 7504, 1952, 4487, 9203, 7498, 9182, 5173, 577, 4808, 2758, 6737, 8061, 4369, 3336, 3818, 9253, 8327, 2989, 3381, 9211, 1772, 6625, 4065, 2850, 2063, 5176, 3848, 1694, 3681, 4031, 8292, 2394, 4761, 4423, 3698, 3893, 4657, 9046, 6668, 3549, 301, 6460, 2658, 1941, 9883, 6756, 9634, 6613, 9652, 3757, 7241, 1775, 2820, 1785, 1938, 511, 1886, 2233, 4814, 1219, 4248, 2004, 1655, 952, 3820, 7620, 691, 8294, 7850, 1185, 1701, 2229, 66, 4997, 951, 435, 2699, 4505, 1751, 2009, 6769, 3269, 5054, 4966, 3723, 6312, 3763, 4187, 3989, 3836, 1931, 1981, 8889, 9733, 2578, 7349, 2925, 3441, 5083, 3262, 6080, 486, 2573, 2969, 4425, 1865, 1357, 4159, 1855, 6627, 4433, 9924, 1263, 6418, 1344, 3365, 6872, 3166, 567, 2628, 324, 5973, 4852, 4238, 97, 1467, 9892, 1317, 498, 515, 2456, 358, 171, 6645, 944, 730, 7736, 6495, 528, 2358, 6021, 5890, 1609, 7451, 3263, 3151, 7049, 3476, 4205, 3879, 1362, 3189, 3691, 4731, 2508, 1128, 1494, 1737, 6004, 2131, 3762, 341, 7240, 5525, 9013, 827, 1024, 2300, 7127, 9746, 9731, 4548, 2770, 527, 8444, 3599, 133, 7777, 3795, 7459, 3962, 4013, 3785, 4451, 8507, 9891, 9110, 7764, 5360, 4086, 2047, 1003, 922, 582, 998, 9669, 1033, 6391, 8279, 2793, 7262, 6741, 5735, 478, 900, 4131, 1072, 4738, 3150, 1247, 7915, 4259, 2810, 9743, 6940, 502, 9926, 960, 245, 4658, 3093, 6905, 2109, 3490, 4896, 3806, 3414, 6027, 9831, 7876, 7472, 8091, 2515, 2598, 6722, 8107, 9103, 787, 7583, 1640, 5522, 8735, 5644, 3122, 3305, 8397, 9560, 9905, 8020, 3436, 9749, 3951, 1078, 6446, 1204, 2668, 9513, 2351, 2214, 552, 2028, 2374, 874, 6730, 3534, 9595, 2125, 2404, 2215, 8115, 9011, 9071, 3167, 9023, 6694]
[195, 3751, 8272, 7826, 1384, 9677, 7917, 7945, 1896, 7043, 3511, 5824, 5923, 837, 7521, 619, 4419, 2393, 4356, 2348, 2369, 2198, 149, 800, 6560, 7504, 1952, 4487, 9203, 7498, 9182, 5173, 577, 4808, 2758, 6737, 8061, 4369, 3336, 3818, 9253, 8327, 2989, 3381, 9211, 1772, 6625, 4065, 2850, 2063, 5176, 3848, 1694, 3681, 4031, 8292, 2394, 4761, 4423, 3698, 3893, 4657, 9046, 6668, 3549, 301, 6460, 2658, 1941, 9883, 6756, 9634, 6613, 9652, 3757, 7241, 1775, 2820, 1785, 1938, 511, 1886, 2233, 4814, 1219, 4248, 2004, 1655, 952, 3820, 7620, 691, 8294, 7850, 1185, 1701, 2229, 66, 4997, 951, 435, 2699, 4505, 1751, 2009, 6769, 3269, 5054, 4966, 3723, 6312, 3763, 4187, 3989, 3836, 1931, 1981, 8889, 9733, 2578, 7349, 2925, 3441, 5083, 3262, 6080, 486, 2573, 2969, 4425, 1865, 1357, 4159, 1855, 6627, 4433, 9924, 1263, 6418, 1344, 3365, 6872, 3166, 567, 2628, 324, 5973, 4852, 4238, 97, 1467, 9892, 1317, 498, 515, 2456, 358, 171, 6645, 944, 730, 7736, 6495, 528, 2358, 6021, 5890, 1609, 7451, 3263, 3151, 7049, 3476, 4205, 3879, 1362, 3189, 3691, 4731, 2508, 1128, 1494, 1737, 6004, 2131, 3762, 341, 7240, 5525, 9013, 827, 1024, 2300, 7127, 9746, 9731, 4548, 2770, 527, 8444, 3599, 133, 7777, 3795, 7459, 3962, 4013, 3785, 4451, 8507, 9891, 9110, 7764, 5360, 4086, 2047, 1003, 922, 582, 998, 9669, 1033, 6391, 8279, 2793, 7262, 6741, 5735, 478, 900, 4131, 1072, 4738, 3150, 1247, 7915, 4259, 2810, 9743, 6940, 502, 9926, 960, 245, 4658, 3093, 6905, 2109, 3490, 4896, 3806, 3414, 6027, 9831, 7876, 7472, 8091, 2515, 2598, 6722, 8107, 9103, 787, 7583, 1640, 5522, 8735, 5644, 3122, 3305, 8397, 9560, 9905, 8020, 3436, 9749, 3951, 1078, 6446, 1204, 2668, 9513, 2351, 2214, 552, 2028, 2374, 874, 6730, 3534, 9595, 2125, 2404, 2215, 8115, 9011, 9071, 3167, 9023, 6694]
[195, 3751, 8272, 7826, 1384, 9677, 7917, 7945, 1896, 7043, 3511, 5824, 5923, 837, 7521, 619, 4419, 2393, 4356, 2348, 2369, 2198, 149, 800, 6560, 7504, 1952, 4487, 9203, 7498, 9182, 5173, 577, 4808, 2758, 6737, 8061, 4369, 3336, 3818, 9253, 8327, 2989, 3381, 9211, 1772, 6625, 4065, 2850, 2063, 5176, 3848, 1694, 3681, 4031, 8292, 2394, 4761, 4423, 3698, 3893, 4657, 9046, 6668, 3549, 301, 6460, 2658, 1941, 9883, 6756, 9634, 6613, 9652, 3757, 7241, 1775, 2820, 1785, 1938, 511, 1886, 2233, 4814, 1219, 4248, 2004, 1655, 952, 3820, 7620, 691, 8294, 7850, 1185, 1701, 2229, 66, 4997, 951, 435, 2699, 4505, 1751, 2009, 6769, 3269, 5054, 4966, 3723, 6312, 3763, 4187, 3989, 3836, 1931, 1981, 8889, 9733, 2578, 7349, 2925, 3441, 5083, 3262, 6080, 486, 2573, 2969, 4425, 1865, 1357, 4159, 1855, 6627, 4433, 9924, 1263, 6418, 1344, 3365, 6872, 3166, 567, 2628, 324, 5973, 4852, 4238, 97, 1467, 9892, 1317, 498, 515, 2456, 358, 171, 6645, 944, 730, 7736, 6495, 528, 2358, 6021, 5890, 1609, 7451, 3263, 3151, 7049, 3476, 4205, 3879, 1362, 3189, 3691, 4731, 2508, 1128, 1494, 1737, 6004, 2131, 3762, 341, 7240, 5525, 9013, 827, 1024, 2300, 7127, 9746, 9731, 4548, 2770, 527, 8444, 3599, 133, 7777, 3795, 7459, 3962, 4013, 3785, 4451, 8507, 9891, 9110, 7764, 5360, 4086, 2047, 1003, 922, 582, 998, 9669, 1033, 6391, 8279, 2793, 7262, 6741, 5735, 478, 900, 4131, 1072, 4738, 3150, 1247, 7915, 4259, 2810, 9743, 6940, 502, 9926, 960, 245, 4658, 3093, 6905, 2109, 3490, 4896, 3806, 3414, 6027, 9831, 7876, 7472, 8091, 2515, 2598, 6722, 8107, 9103, 787, 7583, 1640, 5522, 8735, 5644, 3122, 3305, 8397, 9560, 9905, 8020, 3436, 9749, 3951, 1078, 6446, 1204, 2668, 9513, 2351, 2214, 552, 2028, 2374, 874, 6730, 3534, 9595, 2125, 2404, 2215, 8115, 9011, 9071, 3167, 9023, 6694]
[195, 3751, 8272, 7826, 1384, 9677, 7917, 7945, 1896, 7043, 3511, 5824, 5923, 837, 7521, 619, 4419, 2393, 4356, 2348, 2369, 2198, 149, 800, 6560, 7504, 1952, 4487, 9203, 7498, 9182, 5173, 577, 4808, 2758, 6737, 8061, 4369, 3336, 3818, 9253, 8327, 2989, 3381, 9211, 1772, 6625, 4065, 2850, 2063, 5176, 3848, 1694, 3681, 4031, 8292, 2394, 4761, 4423, 3698, 3893, 4657, 9046, 6668, 3549, 301, 6460, 2658, 1941, 9883, 6756, 9634, 6613, 9652, 3757, 7241, 1775, 2820, 1785, 1938, 511, 1886, 2233, 4814, 1219, 4248, 2004, 1655, 952, 3820, 7620, 691, 8294, 7850, 1185, 1701, 2229, 66, 4997, 951, 435, 2699, 4505, 1751, 2009, 6769, 3269, 5054, 4966, 3723, 6312, 3763, 4187, 3989, 3836, 1931, 1981, 8889, 9733, 2578, 7349, 2925, 3441, 5083, 3262, 6080, 486, 2573, 2969, 4425, 1865, 1357, 4159, 1855, 6627, 4433, 9924, 1263, 6418, 1344, 3365, 6872, 3166, 567, 2628, 324, 5973, 4852, 4238, 97, 1467, 9892, 1317, 498, 515, 2456, 358, 171, 6645, 944, 730, 7736, 6495, 528, 2358, 6021, 5890, 1609, 7451, 3263, 3151, 7049, 3476, 4205, 3879, 1362, 3189, 3691, 4731, 2508, 1128, 1494, 1737, 6004, 2131, 3762, 341, 7240, 5525, 9013, 827, 1024, 2300, 7127, 9746, 9731, 4548, 2770, 527, 8444, 3599, 133, 7777, 3795, 7459, 3962, 4013, 3785, 4451, 8507, 9891, 9110, 7764, 5360, 4086, 2047, 1003, 922, 582, 998, 9669, 1033, 6391, 8279, 2793, 7262, 6741, 5735, 478, 900, 4131, 1072, 4738, 3150, 1247, 7915, 4259, 2810, 9743, 6940, 502, 9926, 960, 245, 4658, 3093, 6905, 2109, 3490, 4896, 3806, 3414, 6027, 9831, 7876, 7472, 8091, 2515, 2598, 6722, 8107, 9103, 787, 7583, 1640, 5522, 8735, 5644, 3122, 3305, 8397, 9560, 9905, 8020, 3436, 9749, 3951, 1078, 6446, 1204, 2668, 9513, 2351, 2214, 552, 2028, 2374, 874, 6730, 3534, 9595, 2125, 2404, 2215, 8115, 9011, 9071, 3167, 9023, 6694]
[195, 3751, 8272, 7826, 1384, 9677, 7917, 7945, 1896, 7043, 3511, 5824, 5923, 837, 7521, 619, 4419, 2393, 4356, 2348, 2369, 2198, 149, 800, 6560, 7504, 1952, 4487, 9203, 7498, 9182, 5173, 577, 4808, 2758, 6737, 8061, 4369, 3336, 3818, 9253, 8327, 2989, 3381, 9211, 1772, 6625, 4065, 2850, 2063, 5176, 3848, 1694, 3681, 4031, 8292, 2394, 4761, 4423, 3698, 3893, 4657, 9046, 6668, 3549, 301, 6460, 2658, 1941, 9883, 6756, 9634, 6613, 9652, 3757, 7241, 1775, 2820, 1785, 1938, 511, 1886, 2233, 4814, 1219, 4248, 2004, 1655, 952, 3820, 7620, 691, 8294, 7850, 1185, 1701, 2229, 66, 4997, 951, 435, 2699, 4505, 1751, 2009, 6769, 3269, 5054, 4966, 3723, 6312, 3763, 4187, 3989, 3836, 1931, 1981, 8889, 9733, 2578, 7349, 2925, 3441, 5083, 3262, 6080, 486, 2573, 2969, 4425, 1865, 1357, 4159, 1855, 6627, 4433, 9924, 1263, 6418, 1344, 3365, 6872, 3166, 567, 2628, 324, 5973, 4852, 4238, 97, 1467, 9892, 1317, 498, 515, 2456, 358, 171, 6645, 944, 730, 7736, 6495, 528, 2358, 6021, 5890, 1609, 7451, 3263, 3151, 7049, 3476, 4205, 3879, 1362, 3189, 3691, 4731, 2508, 1128, 1494, 1737, 6004, 2131, 3762, 341, 7240, 5525, 9013, 827, 1024, 2300, 7127, 9746, 9731, 4548, 2770, 527, 8444, 3599, 133, 7777, 3795, 7459, 3962, 4013, 3785, 4451, 8507, 9891, 9110, 7764, 5360, 4086, 2047, 1003, 922, 582, 998, 9669, 1033, 6391, 8279, 2793, 7262, 6741, 5735, 478, 900, 4131, 1072, 4738, 3150, 1247, 7915, 4259, 2810, 9743, 6940, 502, 9926, 960, 245, 4658, 3093, 6905, 2109, 3490, 4896, 3806, 3414, 6027, 9831, 7876, 7472, 8091, 2515, 2598, 6722, 8107, 9103, 787, 7583, 1640, 5522, 8735, 5644, 3122, 3305, 8397, 9560, 9905, 8020, 3436, 9749, 3951, 1078, 6446, 1204, 2668, 9513, 2351, 2214, 552, 2028, 2374, 874, 6730, 3534, 9595, 2125, 2404, 2215, 8115, 9011, 9071, 3167, 9023, 6694]
