Fault List:
75
75
75
75
75
75
75
75
75
75
75
75
75
75
75
75
75
75
75
75
75
75
75
75
75
75
75
75
75
75
FDR List:
0.5474452554744526
0.5474452554744526
0.5474452554744526
0.5474452554744526
0.5474452554744526
0.5474452554744526
0.5474452554744526
0.5474452554744526
0.5474452554744526
0.5474452554744526
0.5474452554744526
0.5474452554744526
0.5474452554744526
0.5474452554744526
0.5474452554744526
0.5474452554744526
0.5474452554744526
0.5474452554744526
0.5474452554744526
0.5474452554744526
0.5474452554744526
0.5474452554744526
0.5474452554744526
0.5474452554744526
0.5474452554744526
0.5474452554744526
0.5474452554744526
0.5474452554744526
0.5474452554744526
0.5474452554744526
Time List:
2.7361137866973877
2.41994309425354
3.0206151008605957
2.513766050338745
2.6276161670684814
2.7262330055236816
2.1477177143096924
2.164412260055542
2.281836748123169
1.8665261268615723
2.6227269172668457
2.025244951248169
2.239873170852661
2.357224941253662
2.296743154525757
2.3021650314331055
2.727590799331665
2.245655059814453
2.120859146118164
2.055635929107666
2.425081968307495
3.104550838470459
2.505276918411255
2.6507928371429443
2.1235098838806152
2.7957310676574707
2.4003219604492188
2.0375988483428955
2.0257439613342285
2.039193868637085
Subset List:
[3951, 1117, 6912, 2185, 7542, 2305, 2698, 3879, 6460, 6593, 4498, 689, 7127, 3416, 211, 4013, 2325, 3269, 9268, 8091, 9831, 3808, 8245, 2925, 2772, 2659, 4712, 324, 1782, 2574, 4433, 4118, 3681, 4657, 2430, 3381, 1234, 3334, 515, 6611, 4504, 7084, 3824, 7849, 930, 6735, 2429, 2134, 1436, 5960, 7842, 6627, 5639, 8381, 2237, 9253, 4020, 7361, 63, 1751, 3685, 2902, 9826, 3106, 7673, 4814, 1727, 670, 3475, 7187, 7473, 870, 7876, 4625, 4323, 991, 3631, 6570, 3574, 714, 2697, 9965, 2358, 3228, 3139, 550, 3674, 9254, 8258, 483, 1833, 6651, 6625, 6153, 191, 7402, 495, 2241, 6744, 3902, 691, 3654, 898, 6765, 6530, 9906, 8275, 3216, 2658, 9513, 6710, 8785, 245, 9679, 5054, 443, 3795, 3146, 1879, 8160, 1044, 4359, 1583, 1669, 4131, 9904, 1874, 6542, 7923, 9634, 1888, 1357, 5201, 9792, 3967, 3136, 6668, 9732, 6681, 92, 4076, 9168, 4231, 5735, 149, 9595, 247, 6390, 1882, 6575, 8278, 6665, 3117, 6391, 2233, 4313, 3855, 6739, 4341, 4615, 9698, 2040, 341, 3754, 8262, 9110, 9479, 4541, 6749, 5176, 9035, 9754, 3115, 195, 9290, 3702, 882, 1221, 1441, 3751, 468, 7736, 7511, 7777, 3663, 9926, 7541, 3873, 6894, 3534, 970, 7718, 960, 4018, 9666, 4727, 3109, 8523, 7434, 1842, 9139, 8296, 8182, 9675, 6688, 6620, 3341, 2689, 5495, 2269, 3183, 4571, 4238, 1626, 4423, 6385, 5608, 9044, 3384, 9677, 7235, 7471, 7713, 1941, 6024, 4163, 4108, 2052, 2263, 4761, 1933, 577, 6599, 3102, 1999, 2021, 2423, 3769, 1345, 2300, 604, 1469, 7504, 1000, 3750, 4146, 9793, 4665, 1185, 8144, 59, 1415, 1078, 4461, 1033, 9243, 6914, 2488, 2946, 9944, 3511, 2930, 4681, 9672, 5038, 4199, 2743, 213, 3748, 2298, 1092, 1364, 7376, 7826, 6312, 1344, 9669, 5824, 2525, 3727, 9925, 1039, 6523, 4156, 736, 8061, 1618, 1902, 1473, 3762, 9382, 4558, 1559, 3133, 8119, 4228, 283, 8486, 3154, 1317]
[3951, 1117, 6912, 2185, 7542, 2305, 2698, 3879, 6460, 6593, 4498, 689, 7127, 3416, 211, 4013, 2325, 3269, 9268, 8091, 9831, 3808, 8245, 2925, 2772, 2659, 4712, 324, 1782, 2574, 4433, 4118, 3681, 4657, 2430, 3381, 1234, 3334, 515, 6611, 4504, 7084, 3824, 7849, 930, 6735, 2429, 2134, 1436, 5960, 7842, 6627, 5639, 8381, 2237, 9253, 4020, 7361, 63, 1751, 3685, 2902, 9826, 3106, 7673, 4814, 1727, 670, 3475, 7187, 7473, 870, 7876, 4625, 4323, 991, 3631, 6570, 3574, 714, 2697, 9965, 2358, 3228, 3139, 550, 3674, 9254, 8258, 483, 1833, 6651, 6625, 6153, 191, 7402, 495, 2241, 6744, 3902, 691, 3654, 898, 6765, 6530, 9906, 8275, 3216, 2658, 9513, 6710, 8785, 245, 9679, 5054, 443, 3795, 3146, 1879, 8160, 1044, 4359, 1583, 1669, 4131, 9904, 1874, 6542, 7923, 9634, 1888, 1357, 5201, 9792, 3967, 3136, 6668, 9732, 6681, 92, 4076, 9168, 4231, 5735, 149, 9595, 247, 6390, 1882, 6575, 8278, 6665, 3117, 6391, 2233, 4313, 3855, 6739, 4341, 4615, 9698, 2040, 341, 3754, 8262, 9110, 9479, 4541, 6749, 5176, 9035, 9754, 3115, 195, 9290, 3702, 882, 1221, 1441, 3751, 468, 7736, 7511, 7777, 3663, 9926, 7541, 3873, 6894, 3534, 970, 7718, 960, 4018, 9666, 4727, 3109, 8523, 7434, 1842, 9139, 8296, 8182, 9675, 6688, 6620, 3341, 2689, 5495, 2269, 3183, 4571, 4238, 1626, 4423, 6385, 5608, 9044, 3384, 9677, 7235, 7471, 7713, 1941, 6024, 4163, 4108, 2052, 2263, 4761, 1933, 577, 6599, 3102, 1999, 2021, 2423, 3769, 1345, 2300, 604, 1469, 7504, 1000, 3750, 4146, 9793, 4665, 1185, 8144, 59, 1415, 1078, 4461, 1033, 9243, 6914, 2488, 2946, 9944, 3511, 2930, 4681, 9672, 5038, 4199, 2743, 213, 3748, 2298, 1092, 1364, 7376, 7826, 6312, 1344, 9669, 5824, 2525, 3727, 9925, 1039, 6523, 4156, 736, 8061, 1618, 1902, 1473, 3762, 9382, 4558, 1559, 3133, 8119, 4228, 283, 8486, 3154, 1317]
[3951, 1117, 6912, 2185, 7542, 2305, 2698, 3879, 6460, 6593, 4498, 689, 7127, 3416, 211, 4013, 2325, 3269, 9268, 8091, 9831, 3808, 8245, 2925, 2772, 2659, 4712, 324, 1782, 2574, 4433, 4118, 3681, 4657, 2430, 3381, 1234, 3334, 515, 6611, 4504, 7084, 3824, 7849, 930, 6735, 2429, 2134, 1436, 5960, 7842, 6627, 5639, 8381, 2237, 9253, 4020, 7361, 63, 1751, 3685, 2902, 9826, 3106, 7673, 4814, 1727, 670, 3475, 7187, 7473, 870, 7876, 4625, 4323, 991, 3631, 6570, 3574, 714, 2697, 9965, 2358, 3228, 3139, 550, 3674, 9254, 8258, 483, 1833, 6651, 6625, 6153, 191, 7402, 495, 2241, 6744, 3902, 691, 3654, 898, 6765, 6530, 9906, 8275, 3216, 2658, 9513, 6710, 8785, 245, 9679, 5054, 443, 3795, 3146, 1879, 8160, 1044, 4359, 1583, 1669, 4131, 9904, 1874, 6542, 7923, 9634, 1888, 1357, 5201, 9792, 3967, 3136, 6668, 9732, 6681, 92, 4076, 9168, 4231, 5735, 149, 9595, 247, 6390, 1882, 6575, 8278, 6665, 3117, 6391, 2233, 4313, 3855, 6739, 4341, 4615, 9698, 2040, 341, 3754, 8262, 9110, 9479, 4541, 6749, 5176, 9035, 9754, 3115, 195, 9290, 3702, 882, 1221, 1441, 3751, 468, 7736, 7511, 7777, 3663, 9926, 7541, 3873, 6894, 3534, 970, 7718, 960, 4018, 9666, 4727, 3109, 8523, 7434, 1842, 9139, 8296, 8182, 9675, 6688, 6620, 3341, 2689, 5495, 2269, 3183, 4571, 4238, 1626, 4423, 6385, 5608, 9044, 3384, 9677, 7235, 7471, 7713, 1941, 6024, 4163, 4108, 2052, 2263, 4761, 1933, 577, 6599, 3102, 1999, 2021, 2423, 3769, 1345, 2300, 604, 1469, 7504, 1000, 3750, 4146, 9793, 4665, 1185, 8144, 59, 1415, 1078, 4461, 1033, 9243, 6914, 2488, 2946, 9944, 3511, 2930, 4681, 9672, 5038, 4199, 2743, 213, 3748, 2298, 1092, 1364, 7376, 7826, 6312, 1344, 9669, 5824, 2525, 3727, 9925, 1039, 6523, 4156, 736, 8061, 1618, 1902, 1473, 3762, 9382, 4558, 1559, 3133, 8119, 4228, 283, 8486, 3154, 1317]
[3951, 1117, 6912, 2185, 7542, 2305, 2698, 3879, 6460, 6593, 4498, 689, 7127, 3416, 211, 4013, 2325, 3269, 9268, 8091, 9831, 3808, 8245, 2925, 2772, 2659, 4712, 324, 1782, 2574, 4433, 4118, 3681, 4657, 2430, 3381, 1234, 3334, 515, 6611, 4504, 7084, 3824, 7849, 930, 6735, 2429, 2134, 1436, 5960, 7842, 6627, 5639, 8381, 2237, 9253, 4020, 7361, 63, 1751, 3685, 2902, 9826, 3106, 7673, 4814, 1727, 670, 3475, 7187, 7473, 870, 7876, 4625, 4323, 991, 3631, 6570, 3574, 714, 2697, 9965, 2358, 3228, 3139, 550, 3674, 9254, 8258, 483, 1833, 6651, 6625, 6153, 191, 7402, 495, 2241, 6744, 3902, 691, 3654, 898, 6765, 6530, 9906, 8275, 3216, 2658, 9513, 6710, 8785, 245, 9679, 5054, 443, 3795, 3146, 1879, 8160, 1044, 4359, 1583, 1669, 4131, 9904, 1874, 6542, 7923, 9634, 1888, 1357, 5201, 9792, 3967, 3136, 6668, 9732, 6681, 92, 4076, 9168, 4231, 5735, 149, 9595, 247, 6390, 1882, 6575, 8278, 6665, 3117, 6391, 2233, 4313, 3855, 6739, 4341, 4615, 9698, 2040, 341, 3754, 8262, 9110, 9479, 4541, 6749, 5176, 9035, 9754, 3115, 195, 9290, 3702, 882, 1221, 1441, 3751, 468, 7736, 7511, 7777, 3663, 9926, 7541, 3873, 6894, 3534, 970, 7718, 960, 4018, 9666, 4727, 3109, 8523, 7434, 1842, 9139, 8296, 8182, 9675, 6688, 6620, 3341, 2689, 5495, 2269, 3183, 4571, 4238, 1626, 4423, 6385, 5608, 9044, 3384, 9677, 7235, 7471, 7713, 1941, 6024, 4163, 4108, 2052, 2263, 4761, 1933, 577, 6599, 3102, 1999, 2021, 2423, 3769, 1345, 2300, 604, 1469, 7504, 1000, 3750, 4146, 9793, 4665, 1185, 8144, 59, 1415, 1078, 4461, 1033, 9243, 6914, 2488, 2946, 9944, 3511, 2930, 4681, 9672, 5038, 4199, 2743, 213, 3748, 2298, 1092, 1364, 7376, 7826, 6312, 1344, 9669, 5824, 2525, 3727, 9925, 1039, 6523, 4156, 736, 8061, 1618, 1902, 1473, 3762, 9382, 4558, 1559, 3133, 8119, 4228, 283, 8486, 3154, 1317]
[3951, 1117, 6912, 2185, 7542, 2305, 2698, 3879, 6460, 6593, 4498, 689, 7127, 3416, 211, 4013, 2325, 3269, 9268, 8091, 9831, 3808, 8245, 2925, 2772, 2659, 4712, 324, 1782, 2574, 4433, 4118, 3681, 4657, 2430, 3381, 1234, 3334, 515, 6611, 4504, 7084, 3824, 7849, 930, 6735, 2429, 2134, 1436, 5960, 7842, 6627, 5639, 8381, 2237, 9253, 4020, 7361, 63, 1751, 3685, 2902, 9826, 3106, 7673, 4814, 1727, 670, 3475, 7187, 7473, 870, 7876, 4625, 4323, 991, 3631, 6570, 3574, 714, 2697, 9965, 2358, 3228, 3139, 550, 3674, 9254, 8258, 483, 1833, 6651, 6625, 6153, 191, 7402, 495, 2241, 6744, 3902, 691, 3654, 898, 6765, 6530, 9906, 8275, 3216, 2658, 9513, 6710, 8785, 245, 9679, 5054, 443, 3795, 3146, 1879, 8160, 1044, 4359, 1583, 1669, 4131, 9904, 1874, 6542, 7923, 9634, 1888, 1357, 5201, 9792, 3967, 3136, 6668, 9732, 6681, 92, 4076, 9168, 4231, 5735, 149, 9595, 247, 6390, 1882, 6575, 8278, 6665, 3117, 6391, 2233, 4313, 3855, 6739, 4341, 4615, 9698, 2040, 341, 3754, 8262, 9110, 9479, 4541, 6749, 5176, 9035, 9754, 3115, 195, 9290, 3702, 882, 1221, 1441, 3751, 468, 7736, 7511, 7777, 3663, 9926, 7541, 3873, 6894, 3534, 970, 7718, 960, 4018, 9666, 4727, 3109, 8523, 7434, 1842, 9139, 8296, 8182, 9675, 6688, 6620, 3341, 2689, 5495, 2269, 3183, 4571, 4238, 1626, 4423, 6385, 5608, 9044, 3384, 9677, 7235, 7471, 7713, 1941, 6024, 4163, 4108, 2052, 2263, 4761, 1933, 577, 6599, 3102, 1999, 2021, 2423, 3769, 1345, 2300, 604, 1469, 7504, 1000, 3750, 4146, 9793, 4665, 1185, 8144, 59, 1415, 1078, 4461, 1033, 9243, 6914, 2488, 2946, 9944, 3511, 2930, 4681, 9672, 5038, 4199, 2743, 213, 3748, 2298, 1092, 1364, 7376, 7826, 6312, 1344, 9669, 5824, 2525, 3727, 9925, 1039, 6523, 4156, 736, 8061, 1618, 1902, 1473, 3762, 9382, 4558, 1559, 3133, 8119, 4228, 283, 8486, 3154, 1317]
[3951, 1117, 6912, 2185, 7542, 2305, 2698, 3879, 6460, 6593, 4498, 689, 7127, 3416, 211, 4013, 2325, 3269, 9268, 8091, 9831, 3808, 8245, 2925, 2772, 2659, 4712, 324, 1782, 2574, 4433, 4118, 3681, 4657, 2430, 3381, 1234, 3334, 515, 6611, 4504, 7084, 3824, 7849, 930, 6735, 2429, 2134, 1436, 5960, 7842, 6627, 5639, 8381, 2237, 9253, 4020, 7361, 63, 1751, 3685, 2902, 9826, 3106, 7673, 4814, 1727, 670, 3475, 7187, 7473, 870, 7876, 4625, 4323, 991, 3631, 6570, 3574, 714, 2697, 9965, 2358, 3228, 3139, 550, 3674, 9254, 8258, 483, 1833, 6651, 6625, 6153, 191, 7402, 495, 2241, 6744, 3902, 691, 3654, 898, 6765, 6530, 9906, 8275, 3216, 2658, 9513, 6710, 8785, 245, 9679, 5054, 443, 3795, 3146, 1879, 8160, 1044, 4359, 1583, 1669, 4131, 9904, 1874, 6542, 7923, 9634, 1888, 1357, 5201, 9792, 3967, 3136, 6668, 9732, 6681, 92, 4076, 9168, 4231, 5735, 149, 9595, 247, 6390, 1882, 6575, 8278, 6665, 3117, 6391, 2233, 4313, 3855, 6739, 4341, 4615, 9698, 2040, 341, 3754, 8262, 9110, 9479, 4541, 6749, 5176, 9035, 9754, 3115, 195, 9290, 3702, 882, 1221, 1441, 3751, 468, 7736, 7511, 7777, 3663, 9926, 7541, 3873, 6894, 3534, 970, 7718, 960, 4018, 9666, 4727, 3109, 8523, 7434, 1842, 9139, 8296, 8182, 9675, 6688, 6620, 3341, 2689, 5495, 2269, 3183, 4571, 4238, 1626, 4423, 6385, 5608, 9044, 3384, 9677, 7235, 7471, 7713, 1941, 6024, 4163, 4108, 2052, 2263, 4761, 1933, 577, 6599, 3102, 1999, 2021, 2423, 3769, 1345, 2300, 604, 1469, 7504, 1000, 3750, 4146, 9793, 4665, 1185, 8144, 59, 1415, 1078, 4461, 1033, 9243, 6914, 2488, 2946, 9944, 3511, 2930, 4681, 9672, 5038, 4199, 2743, 213, 3748, 2298, 1092, 1364, 7376, 7826, 6312, 1344, 9669, 5824, 2525, 3727, 9925, 1039, 6523, 4156, 736, 8061, 1618, 1902, 1473, 3762, 9382, 4558, 1559, 3133, 8119, 4228, 283, 8486, 3154, 1317]
[3951, 1117, 6912, 2185, 7542, 2305, 2698, 3879, 6460, 6593, 4498, 689, 7127, 3416, 211, 4013, 2325, 3269, 9268, 8091, 9831, 3808, 8245, 2925, 2772, 2659, 4712, 324, 1782, 2574, 4433, 4118, 3681, 4657, 2430, 3381, 1234, 3334, 515, 6611, 4504, 7084, 3824, 7849, 930, 6735, 2429, 2134, 1436, 5960, 7842, 6627, 5639, 8381, 2237, 9253, 4020, 7361, 63, 1751, 3685, 2902, 9826, 3106, 7673, 4814, 1727, 670, 3475, 7187, 7473, 870, 7876, 4625, 4323, 991, 3631, 6570, 3574, 714, 2697, 9965, 2358, 3228, 3139, 550, 3674, 9254, 8258, 483, 1833, 6651, 6625, 6153, 191, 7402, 495, 2241, 6744, 3902, 691, 3654, 898, 6765, 6530, 9906, 8275, 3216, 2658, 9513, 6710, 8785, 245, 9679, 5054, 443, 3795, 3146, 1879, 8160, 1044, 4359, 1583, 1669, 4131, 9904, 1874, 6542, 7923, 9634, 1888, 1357, 5201, 9792, 3967, 3136, 6668, 9732, 6681, 92, 4076, 9168, 4231, 5735, 149, 9595, 247, 6390, 1882, 6575, 8278, 6665, 3117, 6391, 2233, 4313, 3855, 6739, 4341, 4615, 9698, 2040, 341, 3754, 8262, 9110, 9479, 4541, 6749, 5176, 9035, 9754, 3115, 195, 9290, 3702, 882, 1221, 1441, 3751, 468, 7736, 7511, 7777, 3663, 9926, 7541, 3873, 6894, 3534, 970, 7718, 960, 4018, 9666, 4727, 3109, 8523, 7434, 1842, 9139, 8296, 8182, 9675, 6688, 6620, 3341, 2689, 5495, 2269, 3183, 4571, 4238, 1626, 4423, 6385, 5608, 9044, 3384, 9677, 7235, 7471, 7713, 1941, 6024, 4163, 4108, 2052, 2263, 4761, 1933, 577, 6599, 3102, 1999, 2021, 2423, 3769, 1345, 2300, 604, 1469, 7504, 1000, 3750, 4146, 9793, 4665, 1185, 8144, 59, 1415, 1078, 4461, 1033, 9243, 6914, 2488, 2946, 9944, 3511, 2930, 4681, 9672, 5038, 4199, 2743, 213, 3748, 2298, 1092, 1364, 7376, 7826, 6312, 1344, 9669, 5824, 2525, 3727, 9925, 1039, 6523, 4156, 736, 8061, 1618, 1902, 1473, 3762, 9382, 4558, 1559, 3133, 8119, 4228, 283, 8486, 3154, 1317]
[3951, 1117, 6912, 2185, 7542, 2305, 2698, 3879, 6460, 6593, 4498, 689, 7127, 3416, 211, 4013, 2325, 3269, 9268, 8091, 9831, 3808, 8245, 2925, 2772, 2659, 4712, 324, 1782, 2574, 4433, 4118, 3681, 4657, 2430, 3381, 1234, 3334, 515, 6611, 4504, 7084, 3824, 7849, 930, 6735, 2429, 2134, 1436, 5960, 7842, 6627, 5639, 8381, 2237, 9253, 4020, 7361, 63, 1751, 3685, 2902, 9826, 3106, 7673, 4814, 1727, 670, 3475, 7187, 7473, 870, 7876, 4625, 4323, 991, 3631, 6570, 3574, 714, 2697, 9965, 2358, 3228, 3139, 550, 3674, 9254, 8258, 483, 1833, 6651, 6625, 6153, 191, 7402, 495, 2241, 6744, 3902, 691, 3654, 898, 6765, 6530, 9906, 8275, 3216, 2658, 9513, 6710, 8785, 245, 9679, 5054, 443, 3795, 3146, 1879, 8160, 1044, 4359, 1583, 1669, 4131, 9904, 1874, 6542, 7923, 9634, 1888, 1357, 5201, 9792, 3967, 3136, 6668, 9732, 6681, 92, 4076, 9168, 4231, 5735, 149, 9595, 247, 6390, 1882, 6575, 8278, 6665, 3117, 6391, 2233, 4313, 3855, 6739, 4341, 4615, 9698, 2040, 341, 3754, 8262, 9110, 9479, 4541, 6749, 5176, 9035, 9754, 3115, 195, 9290, 3702, 882, 1221, 1441, 3751, 468, 7736, 7511, 7777, 3663, 9926, 7541, 3873, 6894, 3534, 970, 7718, 960, 4018, 9666, 4727, 3109, 8523, 7434, 1842, 9139, 8296, 8182, 9675, 6688, 6620, 3341, 2689, 5495, 2269, 3183, 4571, 4238, 1626, 4423, 6385, 5608, 9044, 3384, 9677, 7235, 7471, 7713, 1941, 6024, 4163, 4108, 2052, 2263, 4761, 1933, 577, 6599, 3102, 1999, 2021, 2423, 3769, 1345, 2300, 604, 1469, 7504, 1000, 3750, 4146, 9793, 4665, 1185, 8144, 59, 1415, 1078, 4461, 1033, 9243, 6914, 2488, 2946, 9944, 3511, 2930, 4681, 9672, 5038, 4199, 2743, 213, 3748, 2298, 1092, 1364, 7376, 7826, 6312, 1344, 9669, 5824, 2525, 3727, 9925, 1039, 6523, 4156, 736, 8061, 1618, 1902, 1473, 3762, 9382, 4558, 1559, 3133, 8119, 4228, 283, 8486, 3154, 1317]
[3951, 1117, 6912, 2185, 7542, 2305, 2698, 3879, 6460, 6593, 4498, 689, 7127, 3416, 211, 4013, 2325, 3269, 9268, 8091, 9831, 3808, 8245, 2925, 2772, 2659, 4712, 324, 1782, 2574, 4433, 4118, 3681, 4657, 2430, 3381, 1234, 3334, 515, 6611, 4504, 7084, 3824, 7849, 930, 6735, 2429, 2134, 1436, 5960, 7842, 6627, 5639, 8381, 2237, 9253, 4020, 7361, 63, 1751, 3685, 2902, 9826, 3106, 7673, 4814, 1727, 670, 3475, 7187, 7473, 870, 7876, 4625, 4323, 991, 3631, 6570, 3574, 714, 2697, 9965, 2358, 3228, 3139, 550, 3674, 9254, 8258, 483, 1833, 6651, 6625, 6153, 191, 7402, 495, 2241, 6744, 3902, 691, 3654, 898, 6765, 6530, 9906, 8275, 3216, 2658, 9513, 6710, 8785, 245, 9679, 5054, 443, 3795, 3146, 1879, 8160, 1044, 4359, 1583, 1669, 4131, 9904, 1874, 6542, 7923, 9634, 1888, 1357, 5201, 9792, 3967, 3136, 6668, 9732, 6681, 92, 4076, 9168, 4231, 5735, 149, 9595, 247, 6390, 1882, 6575, 8278, 6665, 3117, 6391, 2233, 4313, 3855, 6739, 4341, 4615, 9698, 2040, 341, 3754, 8262, 9110, 9479, 4541, 6749, 5176, 9035, 9754, 3115, 195, 9290, 3702, 882, 1221, 1441, 3751, 468, 7736, 7511, 7777, 3663, 9926, 7541, 3873, 6894, 3534, 970, 7718, 960, 4018, 9666, 4727, 3109, 8523, 7434, 1842, 9139, 8296, 8182, 9675, 6688, 6620, 3341, 2689, 5495, 2269, 3183, 4571, 4238, 1626, 4423, 6385, 5608, 9044, 3384, 9677, 7235, 7471, 7713, 1941, 6024, 4163, 4108, 2052, 2263, 4761, 1933, 577, 6599, 3102, 1999, 2021, 2423, 3769, 1345, 2300, 604, 1469, 7504, 1000, 3750, 4146, 9793, 4665, 1185, 8144, 59, 1415, 1078, 4461, 1033, 9243, 6914, 2488, 2946, 9944, 3511, 2930, 4681, 9672, 5038, 4199, 2743, 213, 3748, 2298, 1092, 1364, 7376, 7826, 6312, 1344, 9669, 5824, 2525, 3727, 9925, 1039, 6523, 4156, 736, 8061, 1618, 1902, 1473, 3762, 9382, 4558, 1559, 3133, 8119, 4228, 283, 8486, 3154, 1317]
[3951, 1117, 6912, 2185, 7542, 2305, 2698, 3879, 6460, 6593, 4498, 689, 7127, 3416, 211, 4013, 2325, 3269, 9268, 8091, 9831, 3808, 8245, 2925, 2772, 2659, 4712, 324, 1782, 2574, 4433, 4118, 3681, 4657, 2430, 3381, 1234, 3334, 515, 6611, 4504, 7084, 3824, 7849, 930, 6735, 2429, 2134, 1436, 5960, 7842, 6627, 5639, 8381, 2237, 9253, 4020, 7361, 63, 1751, 3685, 2902, 9826, 3106, 7673, 4814, 1727, 670, 3475, 7187, 7473, 870, 7876, 4625, 4323, 991, 3631, 6570, 3574, 714, 2697, 9965, 2358, 3228, 3139, 550, 3674, 9254, 8258, 483, 1833, 6651, 6625, 6153, 191, 7402, 495, 2241, 6744, 3902, 691, 3654, 898, 6765, 6530, 9906, 8275, 3216, 2658, 9513, 6710, 8785, 245, 9679, 5054, 443, 3795, 3146, 1879, 8160, 1044, 4359, 1583, 1669, 4131, 9904, 1874, 6542, 7923, 9634, 1888, 1357, 5201, 9792, 3967, 3136, 6668, 9732, 6681, 92, 4076, 9168, 4231, 5735, 149, 9595, 247, 6390, 1882, 6575, 8278, 6665, 3117, 6391, 2233, 4313, 3855, 6739, 4341, 4615, 9698, 2040, 341, 3754, 8262, 9110, 9479, 4541, 6749, 5176, 9035, 9754, 3115, 195, 9290, 3702, 882, 1221, 1441, 3751, 468, 7736, 7511, 7777, 3663, 9926, 7541, 3873, 6894, 3534, 970, 7718, 960, 4018, 9666, 4727, 3109, 8523, 7434, 1842, 9139, 8296, 8182, 9675, 6688, 6620, 3341, 2689, 5495, 2269, 3183, 4571, 4238, 1626, 4423, 6385, 5608, 9044, 3384, 9677, 7235, 7471, 7713, 1941, 6024, 4163, 4108, 2052, 2263, 4761, 1933, 577, 6599, 3102, 1999, 2021, 2423, 3769, 1345, 2300, 604, 1469, 7504, 1000, 3750, 4146, 9793, 4665, 1185, 8144, 59, 1415, 1078, 4461, 1033, 9243, 6914, 2488, 2946, 9944, 3511, 2930, 4681, 9672, 5038, 4199, 2743, 213, 3748, 2298, 1092, 1364, 7376, 7826, 6312, 1344, 9669, 5824, 2525, 3727, 9925, 1039, 6523, 4156, 736, 8061, 1618, 1902, 1473, 3762, 9382, 4558, 1559, 3133, 8119, 4228, 283, 8486, 3154, 1317]
[3951, 1117, 6912, 2185, 7542, 2305, 2698, 3879, 6460, 6593, 4498, 689, 7127, 3416, 211, 4013, 2325, 3269, 9268, 8091, 9831, 3808, 8245, 2925, 2772, 2659, 4712, 324, 1782, 2574, 4433, 4118, 3681, 4657, 2430, 3381, 1234, 3334, 515, 6611, 4504, 7084, 3824, 7849, 930, 6735, 2429, 2134, 1436, 5960, 7842, 6627, 5639, 8381, 2237, 9253, 4020, 7361, 63, 1751, 3685, 2902, 9826, 3106, 7673, 4814, 1727, 670, 3475, 7187, 7473, 870, 7876, 4625, 4323, 991, 3631, 6570, 3574, 714, 2697, 9965, 2358, 3228, 3139, 550, 3674, 9254, 8258, 483, 1833, 6651, 6625, 6153, 191, 7402, 495, 2241, 6744, 3902, 691, 3654, 898, 6765, 6530, 9906, 8275, 3216, 2658, 9513, 6710, 8785, 245, 9679, 5054, 443, 3795, 3146, 1879, 8160, 1044, 4359, 1583, 1669, 4131, 9904, 1874, 6542, 7923, 9634, 1888, 1357, 5201, 9792, 3967, 3136, 6668, 9732, 6681, 92, 4076, 9168, 4231, 5735, 149, 9595, 247, 6390, 1882, 6575, 8278, 6665, 3117, 6391, 2233, 4313, 3855, 6739, 4341, 4615, 9698, 2040, 341, 3754, 8262, 9110, 9479, 4541, 6749, 5176, 9035, 9754, 3115, 195, 9290, 3702, 882, 1221, 1441, 3751, 468, 7736, 7511, 7777, 3663, 9926, 7541, 3873, 6894, 3534, 970, 7718, 960, 4018, 9666, 4727, 3109, 8523, 7434, 1842, 9139, 8296, 8182, 9675, 6688, 6620, 3341, 2689, 5495, 2269, 3183, 4571, 4238, 1626, 4423, 6385, 5608, 9044, 3384, 9677, 7235, 7471, 7713, 1941, 6024, 4163, 4108, 2052, 2263, 4761, 1933, 577, 6599, 3102, 1999, 2021, 2423, 3769, 1345, 2300, 604, 1469, 7504, 1000, 3750, 4146, 9793, 4665, 1185, 8144, 59, 1415, 1078, 4461, 1033, 9243, 6914, 2488, 2946, 9944, 3511, 2930, 4681, 9672, 5038, 4199, 2743, 213, 3748, 2298, 1092, 1364, 7376, 7826, 6312, 1344, 9669, 5824, 2525, 3727, 9925, 1039, 6523, 4156, 736, 8061, 1618, 1902, 1473, 3762, 9382, 4558, 1559, 3133, 8119, 4228, 283, 8486, 3154, 1317]
[3951, 1117, 6912, 2185, 7542, 2305, 2698, 3879, 6460, 6593, 4498, 689, 7127, 3416, 211, 4013, 2325, 3269, 9268, 8091, 9831, 3808, 8245, 2925, 2772, 2659, 4712, 324, 1782, 2574, 4433, 4118, 3681, 4657, 2430, 3381, 1234, 3334, 515, 6611, 4504, 7084, 3824, 7849, 930, 6735, 2429, 2134, 1436, 5960, 7842, 6627, 5639, 8381, 2237, 9253, 4020, 7361, 63, 1751, 3685, 2902, 9826, 3106, 7673, 4814, 1727, 670, 3475, 7187, 7473, 870, 7876, 4625, 4323, 991, 3631, 6570, 3574, 714, 2697, 9965, 2358, 3228, 3139, 550, 3674, 9254, 8258, 483, 1833, 6651, 6625, 6153, 191, 7402, 495, 2241, 6744, 3902, 691, 3654, 898, 6765, 6530, 9906, 8275, 3216, 2658, 9513, 6710, 8785, 245, 9679, 5054, 443, 3795, 3146, 1879, 8160, 1044, 4359, 1583, 1669, 4131, 9904, 1874, 6542, 7923, 9634, 1888, 1357, 5201, 9792, 3967, 3136, 6668, 9732, 6681, 92, 4076, 9168, 4231, 5735, 149, 9595, 247, 6390, 1882, 6575, 8278, 6665, 3117, 6391, 2233, 4313, 3855, 6739, 4341, 4615, 9698, 2040, 341, 3754, 8262, 9110, 9479, 4541, 6749, 5176, 9035, 9754, 3115, 195, 9290, 3702, 882, 1221, 1441, 3751, 468, 7736, 7511, 7777, 3663, 9926, 7541, 3873, 6894, 3534, 970, 7718, 960, 4018, 9666, 4727, 3109, 8523, 7434, 1842, 9139, 8296, 8182, 9675, 6688, 6620, 3341, 2689, 5495, 2269, 3183, 4571, 4238, 1626, 4423, 6385, 5608, 9044, 3384, 9677, 7235, 7471, 7713, 1941, 6024, 4163, 4108, 2052, 2263, 4761, 1933, 577, 6599, 3102, 1999, 2021, 2423, 3769, 1345, 2300, 604, 1469, 7504, 1000, 3750, 4146, 9793, 4665, 1185, 8144, 59, 1415, 1078, 4461, 1033, 9243, 6914, 2488, 2946, 9944, 3511, 2930, 4681, 9672, 5038, 4199, 2743, 213, 3748, 2298, 1092, 1364, 7376, 7826, 6312, 1344, 9669, 5824, 2525, 3727, 9925, 1039, 6523, 4156, 736, 8061, 1618, 1902, 1473, 3762, 9382, 4558, 1559, 3133, 8119, 4228, 283, 8486, 3154, 1317]
[3951, 1117, 6912, 2185, 7542, 2305, 2698, 3879, 6460, 6593, 4498, 689, 7127, 3416, 211, 4013, 2325, 3269, 9268, 8091, 9831, 3808, 8245, 2925, 2772, 2659, 4712, 324, 1782, 2574, 4433, 4118, 3681, 4657, 2430, 3381, 1234, 3334, 515, 6611, 4504, 7084, 3824, 7849, 930, 6735, 2429, 2134, 1436, 5960, 7842, 6627, 5639, 8381, 2237, 9253, 4020, 7361, 63, 1751, 3685, 2902, 9826, 3106, 7673, 4814, 1727, 670, 3475, 7187, 7473, 870, 7876, 4625, 4323, 991, 3631, 6570, 3574, 714, 2697, 9965, 2358, 3228, 3139, 550, 3674, 9254, 8258, 483, 1833, 6651, 6625, 6153, 191, 7402, 495, 2241, 6744, 3902, 691, 3654, 898, 6765, 6530, 9906, 8275, 3216, 2658, 9513, 6710, 8785, 245, 9679, 5054, 443, 3795, 3146, 1879, 8160, 1044, 4359, 1583, 1669, 4131, 9904, 1874, 6542, 7923, 9634, 1888, 1357, 5201, 9792, 3967, 3136, 6668, 9732, 6681, 92, 4076, 9168, 4231, 5735, 149, 9595, 247, 6390, 1882, 6575, 8278, 6665, 3117, 6391, 2233, 4313, 3855, 6739, 4341, 4615, 9698, 2040, 341, 3754, 8262, 9110, 9479, 4541, 6749, 5176, 9035, 9754, 3115, 195, 9290, 3702, 882, 1221, 1441, 3751, 468, 7736, 7511, 7777, 3663, 9926, 7541, 3873, 6894, 3534, 970, 7718, 960, 4018, 9666, 4727, 3109, 8523, 7434, 1842, 9139, 8296, 8182, 9675, 6688, 6620, 3341, 2689, 5495, 2269, 3183, 4571, 4238, 1626, 4423, 6385, 5608, 9044, 3384, 9677, 7235, 7471, 7713, 1941, 6024, 4163, 4108, 2052, 2263, 4761, 1933, 577, 6599, 3102, 1999, 2021, 2423, 3769, 1345, 2300, 604, 1469, 7504, 1000, 3750, 4146, 9793, 4665, 1185, 8144, 59, 1415, 1078, 4461, 1033, 9243, 6914, 2488, 2946, 9944, 3511, 2930, 4681, 9672, 5038, 4199, 2743, 213, 3748, 2298, 1092, 1364, 7376, 7826, 6312, 1344, 9669, 5824, 2525, 3727, 9925, 1039, 6523, 4156, 736, 8061, 1618, 1902, 1473, 3762, 9382, 4558, 1559, 3133, 8119, 4228, 283, 8486, 3154, 1317]
[3951, 1117, 6912, 2185, 7542, 2305, 2698, 3879, 6460, 6593, 4498, 689, 7127, 3416, 211, 4013, 2325, 3269, 9268, 8091, 9831, 3808, 8245, 2925, 2772, 2659, 4712, 324, 1782, 2574, 4433, 4118, 3681, 4657, 2430, 3381, 1234, 3334, 515, 6611, 4504, 7084, 3824, 7849, 930, 6735, 2429, 2134, 1436, 5960, 7842, 6627, 5639, 8381, 2237, 9253, 4020, 7361, 63, 1751, 3685, 2902, 9826, 3106, 7673, 4814, 1727, 670, 3475, 7187, 7473, 870, 7876, 4625, 4323, 991, 3631, 6570, 3574, 714, 2697, 9965, 2358, 3228, 3139, 550, 3674, 9254, 8258, 483, 1833, 6651, 6625, 6153, 191, 7402, 495, 2241, 6744, 3902, 691, 3654, 898, 6765, 6530, 9906, 8275, 3216, 2658, 9513, 6710, 8785, 245, 9679, 5054, 443, 3795, 3146, 1879, 8160, 1044, 4359, 1583, 1669, 4131, 9904, 1874, 6542, 7923, 9634, 1888, 1357, 5201, 9792, 3967, 3136, 6668, 9732, 6681, 92, 4076, 9168, 4231, 5735, 149, 9595, 247, 6390, 1882, 6575, 8278, 6665, 3117, 6391, 2233, 4313, 3855, 6739, 4341, 4615, 9698, 2040, 341, 3754, 8262, 9110, 9479, 4541, 6749, 5176, 9035, 9754, 3115, 195, 9290, 3702, 882, 1221, 1441, 3751, 468, 7736, 7511, 7777, 3663, 9926, 7541, 3873, 6894, 3534, 970, 7718, 960, 4018, 9666, 4727, 3109, 8523, 7434, 1842, 9139, 8296, 8182, 9675, 6688, 6620, 3341, 2689, 5495, 2269, 3183, 4571, 4238, 1626, 4423, 6385, 5608, 9044, 3384, 9677, 7235, 7471, 7713, 1941, 6024, 4163, 4108, 2052, 2263, 4761, 1933, 577, 6599, 3102, 1999, 2021, 2423, 3769, 1345, 2300, 604, 1469, 7504, 1000, 3750, 4146, 9793, 4665, 1185, 8144, 59, 1415, 1078, 4461, 1033, 9243, 6914, 2488, 2946, 9944, 3511, 2930, 4681, 9672, 5038, 4199, 2743, 213, 3748, 2298, 1092, 1364, 7376, 7826, 6312, 1344, 9669, 5824, 2525, 3727, 9925, 1039, 6523, 4156, 736, 8061, 1618, 1902, 1473, 3762, 9382, 4558, 1559, 3133, 8119, 4228, 283, 8486, 3154, 1317]
[3951, 1117, 6912, 2185, 7542, 2305, 2698, 3879, 6460, 6593, 4498, 689, 7127, 3416, 211, 4013, 2325, 3269, 9268, 8091, 9831, 3808, 8245, 2925, 2772, 2659, 4712, 324, 1782, 2574, 4433, 4118, 3681, 4657, 2430, 3381, 1234, 3334, 515, 6611, 4504, 7084, 3824, 7849, 930, 6735, 2429, 2134, 1436, 5960, 7842, 6627, 5639, 8381, 2237, 9253, 4020, 7361, 63, 1751, 3685, 2902, 9826, 3106, 7673, 4814, 1727, 670, 3475, 7187, 7473, 870, 7876, 4625, 4323, 991, 3631, 6570, 3574, 714, 2697, 9965, 2358, 3228, 3139, 550, 3674, 9254, 8258, 483, 1833, 6651, 6625, 6153, 191, 7402, 495, 2241, 6744, 3902, 691, 3654, 898, 6765, 6530, 9906, 8275, 3216, 2658, 9513, 6710, 8785, 245, 9679, 5054, 443, 3795, 3146, 1879, 8160, 1044, 4359, 1583, 1669, 4131, 9904, 1874, 6542, 7923, 9634, 1888, 1357, 5201, 9792, 3967, 3136, 6668, 9732, 6681, 92, 4076, 9168, 4231, 5735, 149, 9595, 247, 6390, 1882, 6575, 8278, 6665, 3117, 6391, 2233, 4313, 3855, 6739, 4341, 4615, 9698, 2040, 341, 3754, 8262, 9110, 9479, 4541, 6749, 5176, 9035, 9754, 3115, 195, 9290, 3702, 882, 1221, 1441, 3751, 468, 7736, 7511, 7777, 3663, 9926, 7541, 3873, 6894, 3534, 970, 7718, 960, 4018, 9666, 4727, 3109, 8523, 7434, 1842, 9139, 8296, 8182, 9675, 6688, 6620, 3341, 2689, 5495, 2269, 3183, 4571, 4238, 1626, 4423, 6385, 5608, 9044, 3384, 9677, 7235, 7471, 7713, 1941, 6024, 4163, 4108, 2052, 2263, 4761, 1933, 577, 6599, 3102, 1999, 2021, 2423, 3769, 1345, 2300, 604, 1469, 7504, 1000, 3750, 4146, 9793, 4665, 1185, 8144, 59, 1415, 1078, 4461, 1033, 9243, 6914, 2488, 2946, 9944, 3511, 2930, 4681, 9672, 5038, 4199, 2743, 213, 3748, 2298, 1092, 1364, 7376, 7826, 6312, 1344, 9669, 5824, 2525, 3727, 9925, 1039, 6523, 4156, 736, 8061, 1618, 1902, 1473, 3762, 9382, 4558, 1559, 3133, 8119, 4228, 283, 8486, 3154, 1317]
[3951, 1117, 6912, 2185, 7542, 2305, 2698, 3879, 6460, 6593, 4498, 689, 7127, 3416, 211, 4013, 2325, 3269, 9268, 8091, 9831, 3808, 8245, 2925, 2772, 2659, 4712, 324, 1782, 2574, 4433, 4118, 3681, 4657, 2430, 3381, 1234, 3334, 515, 6611, 4504, 7084, 3824, 7849, 930, 6735, 2429, 2134, 1436, 5960, 7842, 6627, 5639, 8381, 2237, 9253, 4020, 7361, 63, 1751, 3685, 2902, 9826, 3106, 7673, 4814, 1727, 670, 3475, 7187, 7473, 870, 7876, 4625, 4323, 991, 3631, 6570, 3574, 714, 2697, 9965, 2358, 3228, 3139, 550, 3674, 9254, 8258, 483, 1833, 6651, 6625, 6153, 191, 7402, 495, 2241, 6744, 3902, 691, 3654, 898, 6765, 6530, 9906, 8275, 3216, 2658, 9513, 6710, 8785, 245, 9679, 5054, 443, 3795, 3146, 1879, 8160, 1044, 4359, 1583, 1669, 4131, 9904, 1874, 6542, 7923, 9634, 1888, 1357, 5201, 9792, 3967, 3136, 6668, 9732, 6681, 92, 4076, 9168, 4231, 5735, 149, 9595, 247, 6390, 1882, 6575, 8278, 6665, 3117, 6391, 2233, 4313, 3855, 6739, 4341, 4615, 9698, 2040, 341, 3754, 8262, 9110, 9479, 4541, 6749, 5176, 9035, 9754, 3115, 195, 9290, 3702, 882, 1221, 1441, 3751, 468, 7736, 7511, 7777, 3663, 9926, 7541, 3873, 6894, 3534, 970, 7718, 960, 4018, 9666, 4727, 3109, 8523, 7434, 1842, 9139, 8296, 8182, 9675, 6688, 6620, 3341, 2689, 5495, 2269, 3183, 4571, 4238, 1626, 4423, 6385, 5608, 9044, 3384, 9677, 7235, 7471, 7713, 1941, 6024, 4163, 4108, 2052, 2263, 4761, 1933, 577, 6599, 3102, 1999, 2021, 2423, 3769, 1345, 2300, 604, 1469, 7504, 1000, 3750, 4146, 9793, 4665, 1185, 8144, 59, 1415, 1078, 4461, 1033, 9243, 6914, 2488, 2946, 9944, 3511, 2930, 4681, 9672, 5038, 4199, 2743, 213, 3748, 2298, 1092, 1364, 7376, 7826, 6312, 1344, 9669, 5824, 2525, 3727, 9925, 1039, 6523, 4156, 736, 8061, 1618, 1902, 1473, 3762, 9382, 4558, 1559, 3133, 8119, 4228, 283, 8486, 3154, 1317]
[3951, 1117, 6912, 2185, 7542, 2305, 2698, 3879, 6460, 6593, 4498, 689, 7127, 3416, 211, 4013, 2325, 3269, 9268, 8091, 9831, 3808, 8245, 2925, 2772, 2659, 4712, 324, 1782, 2574, 4433, 4118, 3681, 4657, 2430, 3381, 1234, 3334, 515, 6611, 4504, 7084, 3824, 7849, 930, 6735, 2429, 2134, 1436, 5960, 7842, 6627, 5639, 8381, 2237, 9253, 4020, 7361, 63, 1751, 3685, 2902, 9826, 3106, 7673, 4814, 1727, 670, 3475, 7187, 7473, 870, 7876, 4625, 4323, 991, 3631, 6570, 3574, 714, 2697, 9965, 2358, 3228, 3139, 550, 3674, 9254, 8258, 483, 1833, 6651, 6625, 6153, 191, 7402, 495, 2241, 6744, 3902, 691, 3654, 898, 6765, 6530, 9906, 8275, 3216, 2658, 9513, 6710, 8785, 245, 9679, 5054, 443, 3795, 3146, 1879, 8160, 1044, 4359, 1583, 1669, 4131, 9904, 1874, 6542, 7923, 9634, 1888, 1357, 5201, 9792, 3967, 3136, 6668, 9732, 6681, 92, 4076, 9168, 4231, 5735, 149, 9595, 247, 6390, 1882, 6575, 8278, 6665, 3117, 6391, 2233, 4313, 3855, 6739, 4341, 4615, 9698, 2040, 341, 3754, 8262, 9110, 9479, 4541, 6749, 5176, 9035, 9754, 3115, 195, 9290, 3702, 882, 1221, 1441, 3751, 468, 7736, 7511, 7777, 3663, 9926, 7541, 3873, 6894, 3534, 970, 7718, 960, 4018, 9666, 4727, 3109, 8523, 7434, 1842, 9139, 8296, 8182, 9675, 6688, 6620, 3341, 2689, 5495, 2269, 3183, 4571, 4238, 1626, 4423, 6385, 5608, 9044, 3384, 9677, 7235, 7471, 7713, 1941, 6024, 4163, 4108, 2052, 2263, 4761, 1933, 577, 6599, 3102, 1999, 2021, 2423, 3769, 1345, 2300, 604, 1469, 7504, 1000, 3750, 4146, 9793, 4665, 1185, 8144, 59, 1415, 1078, 4461, 1033, 9243, 6914, 2488, 2946, 9944, 3511, 2930, 4681, 9672, 5038, 4199, 2743, 213, 3748, 2298, 1092, 1364, 7376, 7826, 6312, 1344, 9669, 5824, 2525, 3727, 9925, 1039, 6523, 4156, 736, 8061, 1618, 1902, 1473, 3762, 9382, 4558, 1559, 3133, 8119, 4228, 283, 8486, 3154, 1317]
[3951, 1117, 6912, 2185, 7542, 2305, 2698, 3879, 6460, 6593, 4498, 689, 7127, 3416, 211, 4013, 2325, 3269, 9268, 8091, 9831, 3808, 8245, 2925, 2772, 2659, 4712, 324, 1782, 2574, 4433, 4118, 3681, 4657, 2430, 3381, 1234, 3334, 515, 6611, 4504, 7084, 3824, 7849, 930, 6735, 2429, 2134, 1436, 5960, 7842, 6627, 5639, 8381, 2237, 9253, 4020, 7361, 63, 1751, 3685, 2902, 9826, 3106, 7673, 4814, 1727, 670, 3475, 7187, 7473, 870, 7876, 4625, 4323, 991, 3631, 6570, 3574, 714, 2697, 9965, 2358, 3228, 3139, 550, 3674, 9254, 8258, 483, 1833, 6651, 6625, 6153, 191, 7402, 495, 2241, 6744, 3902, 691, 3654, 898, 6765, 6530, 9906, 8275, 3216, 2658, 9513, 6710, 8785, 245, 9679, 5054, 443, 3795, 3146, 1879, 8160, 1044, 4359, 1583, 1669, 4131, 9904, 1874, 6542, 7923, 9634, 1888, 1357, 5201, 9792, 3967, 3136, 6668, 9732, 6681, 92, 4076, 9168, 4231, 5735, 149, 9595, 247, 6390, 1882, 6575, 8278, 6665, 3117, 6391, 2233, 4313, 3855, 6739, 4341, 4615, 9698, 2040, 341, 3754, 8262, 9110, 9479, 4541, 6749, 5176, 9035, 9754, 3115, 195, 9290, 3702, 882, 1221, 1441, 3751, 468, 7736, 7511, 7777, 3663, 9926, 7541, 3873, 6894, 3534, 970, 7718, 960, 4018, 9666, 4727, 3109, 8523, 7434, 1842, 9139, 8296, 8182, 9675, 6688, 6620, 3341, 2689, 5495, 2269, 3183, 4571, 4238, 1626, 4423, 6385, 5608, 9044, 3384, 9677, 7235, 7471, 7713, 1941, 6024, 4163, 4108, 2052, 2263, 4761, 1933, 577, 6599, 3102, 1999, 2021, 2423, 3769, 1345, 2300, 604, 1469, 7504, 1000, 3750, 4146, 9793, 4665, 1185, 8144, 59, 1415, 1078, 4461, 1033, 9243, 6914, 2488, 2946, 9944, 3511, 2930, 4681, 9672, 5038, 4199, 2743, 213, 3748, 2298, 1092, 1364, 7376, 7826, 6312, 1344, 9669, 5824, 2525, 3727, 9925, 1039, 6523, 4156, 736, 8061, 1618, 1902, 1473, 3762, 9382, 4558, 1559, 3133, 8119, 4228, 283, 8486, 3154, 1317]
[3951, 1117, 6912, 2185, 7542, 2305, 2698, 3879, 6460, 6593, 4498, 689, 7127, 3416, 211, 4013, 2325, 3269, 9268, 8091, 9831, 3808, 8245, 2925, 2772, 2659, 4712, 324, 1782, 2574, 4433, 4118, 3681, 4657, 2430, 3381, 1234, 3334, 515, 6611, 4504, 7084, 3824, 7849, 930, 6735, 2429, 2134, 1436, 5960, 7842, 6627, 5639, 8381, 2237, 9253, 4020, 7361, 63, 1751, 3685, 2902, 9826, 3106, 7673, 4814, 1727, 670, 3475, 7187, 7473, 870, 7876, 4625, 4323, 991, 3631, 6570, 3574, 714, 2697, 9965, 2358, 3228, 3139, 550, 3674, 9254, 8258, 483, 1833, 6651, 6625, 6153, 191, 7402, 495, 2241, 6744, 3902, 691, 3654, 898, 6765, 6530, 9906, 8275, 3216, 2658, 9513, 6710, 8785, 245, 9679, 5054, 443, 3795, 3146, 1879, 8160, 1044, 4359, 1583, 1669, 4131, 9904, 1874, 6542, 7923, 9634, 1888, 1357, 5201, 9792, 3967, 3136, 6668, 9732, 6681, 92, 4076, 9168, 4231, 5735, 149, 9595, 247, 6390, 1882, 6575, 8278, 6665, 3117, 6391, 2233, 4313, 3855, 6739, 4341, 4615, 9698, 2040, 341, 3754, 8262, 9110, 9479, 4541, 6749, 5176, 9035, 9754, 3115, 195, 9290, 3702, 882, 1221, 1441, 3751, 468, 7736, 7511, 7777, 3663, 9926, 7541, 3873, 6894, 3534, 970, 7718, 960, 4018, 9666, 4727, 3109, 8523, 7434, 1842, 9139, 8296, 8182, 9675, 6688, 6620, 3341, 2689, 5495, 2269, 3183, 4571, 4238, 1626, 4423, 6385, 5608, 9044, 3384, 9677, 7235, 7471, 7713, 1941, 6024, 4163, 4108, 2052, 2263, 4761, 1933, 577, 6599, 3102, 1999, 2021, 2423, 3769, 1345, 2300, 604, 1469, 7504, 1000, 3750, 4146, 9793, 4665, 1185, 8144, 59, 1415, 1078, 4461, 1033, 9243, 6914, 2488, 2946, 9944, 3511, 2930, 4681, 9672, 5038, 4199, 2743, 213, 3748, 2298, 1092, 1364, 7376, 7826, 6312, 1344, 9669, 5824, 2525, 3727, 9925, 1039, 6523, 4156, 736, 8061, 1618, 1902, 1473, 3762, 9382, 4558, 1559, 3133, 8119, 4228, 283, 8486, 3154, 1317]
[3951, 1117, 6912, 2185, 7542, 2305, 2698, 3879, 6460, 6593, 4498, 689, 7127, 3416, 211, 4013, 2325, 3269, 9268, 8091, 9831, 3808, 8245, 2925, 2772, 2659, 4712, 324, 1782, 2574, 4433, 4118, 3681, 4657, 2430, 3381, 1234, 3334, 515, 6611, 4504, 7084, 3824, 7849, 930, 6735, 2429, 2134, 1436, 5960, 7842, 6627, 5639, 8381, 2237, 9253, 4020, 7361, 63, 1751, 3685, 2902, 9826, 3106, 7673, 4814, 1727, 670, 3475, 7187, 7473, 870, 7876, 4625, 4323, 991, 3631, 6570, 3574, 714, 2697, 9965, 2358, 3228, 3139, 550, 3674, 9254, 8258, 483, 1833, 6651, 6625, 6153, 191, 7402, 495, 2241, 6744, 3902, 691, 3654, 898, 6765, 6530, 9906, 8275, 3216, 2658, 9513, 6710, 8785, 245, 9679, 5054, 443, 3795, 3146, 1879, 8160, 1044, 4359, 1583, 1669, 4131, 9904, 1874, 6542, 7923, 9634, 1888, 1357, 5201, 9792, 3967, 3136, 6668, 9732, 6681, 92, 4076, 9168, 4231, 5735, 149, 9595, 247, 6390, 1882, 6575, 8278, 6665, 3117, 6391, 2233, 4313, 3855, 6739, 4341, 4615, 9698, 2040, 341, 3754, 8262, 9110, 9479, 4541, 6749, 5176, 9035, 9754, 3115, 195, 9290, 3702, 882, 1221, 1441, 3751, 468, 7736, 7511, 7777, 3663, 9926, 7541, 3873, 6894, 3534, 970, 7718, 960, 4018, 9666, 4727, 3109, 8523, 7434, 1842, 9139, 8296, 8182, 9675, 6688, 6620, 3341, 2689, 5495, 2269, 3183, 4571, 4238, 1626, 4423, 6385, 5608, 9044, 3384, 9677, 7235, 7471, 7713, 1941, 6024, 4163, 4108, 2052, 2263, 4761, 1933, 577, 6599, 3102, 1999, 2021, 2423, 3769, 1345, 2300, 604, 1469, 7504, 1000, 3750, 4146, 9793, 4665, 1185, 8144, 59, 1415, 1078, 4461, 1033, 9243, 6914, 2488, 2946, 9944, 3511, 2930, 4681, 9672, 5038, 4199, 2743, 213, 3748, 2298, 1092, 1364, 7376, 7826, 6312, 1344, 9669, 5824, 2525, 3727, 9925, 1039, 6523, 4156, 736, 8061, 1618, 1902, 1473, 3762, 9382, 4558, 1559, 3133, 8119, 4228, 283, 8486, 3154, 1317]
[3951, 1117, 6912, 2185, 7542, 2305, 2698, 3879, 6460, 6593, 4498, 689, 7127, 3416, 211, 4013, 2325, 3269, 9268, 8091, 9831, 3808, 8245, 2925, 2772, 2659, 4712, 324, 1782, 2574, 4433, 4118, 3681, 4657, 2430, 3381, 1234, 3334, 515, 6611, 4504, 7084, 3824, 7849, 930, 6735, 2429, 2134, 1436, 5960, 7842, 6627, 5639, 8381, 2237, 9253, 4020, 7361, 63, 1751, 3685, 2902, 9826, 3106, 7673, 4814, 1727, 670, 3475, 7187, 7473, 870, 7876, 4625, 4323, 991, 3631, 6570, 3574, 714, 2697, 9965, 2358, 3228, 3139, 550, 3674, 9254, 8258, 483, 1833, 6651, 6625, 6153, 191, 7402, 495, 2241, 6744, 3902, 691, 3654, 898, 6765, 6530, 9906, 8275, 3216, 2658, 9513, 6710, 8785, 245, 9679, 5054, 443, 3795, 3146, 1879, 8160, 1044, 4359, 1583, 1669, 4131, 9904, 1874, 6542, 7923, 9634, 1888, 1357, 5201, 9792, 3967, 3136, 6668, 9732, 6681, 92, 4076, 9168, 4231, 5735, 149, 9595, 247, 6390, 1882, 6575, 8278, 6665, 3117, 6391, 2233, 4313, 3855, 6739, 4341, 4615, 9698, 2040, 341, 3754, 8262, 9110, 9479, 4541, 6749, 5176, 9035, 9754, 3115, 195, 9290, 3702, 882, 1221, 1441, 3751, 468, 7736, 7511, 7777, 3663, 9926, 7541, 3873, 6894, 3534, 970, 7718, 960, 4018, 9666, 4727, 3109, 8523, 7434, 1842, 9139, 8296, 8182, 9675, 6688, 6620, 3341, 2689, 5495, 2269, 3183, 4571, 4238, 1626, 4423, 6385, 5608, 9044, 3384, 9677, 7235, 7471, 7713, 1941, 6024, 4163, 4108, 2052, 2263, 4761, 1933, 577, 6599, 3102, 1999, 2021, 2423, 3769, 1345, 2300, 604, 1469, 7504, 1000, 3750, 4146, 9793, 4665, 1185, 8144, 59, 1415, 1078, 4461, 1033, 9243, 6914, 2488, 2946, 9944, 3511, 2930, 4681, 9672, 5038, 4199, 2743, 213, 3748, 2298, 1092, 1364, 7376, 7826, 6312, 1344, 9669, 5824, 2525, 3727, 9925, 1039, 6523, 4156, 736, 8061, 1618, 1902, 1473, 3762, 9382, 4558, 1559, 3133, 8119, 4228, 283, 8486, 3154, 1317]
[3951, 1117, 6912, 2185, 7542, 2305, 2698, 3879, 6460, 6593, 4498, 689, 7127, 3416, 211, 4013, 2325, 3269, 9268, 8091, 9831, 3808, 8245, 2925, 2772, 2659, 4712, 324, 1782, 2574, 4433, 4118, 3681, 4657, 2430, 3381, 1234, 3334, 515, 6611, 4504, 7084, 3824, 7849, 930, 6735, 2429, 2134, 1436, 5960, 7842, 6627, 5639, 8381, 2237, 9253, 4020, 7361, 63, 1751, 3685, 2902, 9826, 3106, 7673, 4814, 1727, 670, 3475, 7187, 7473, 870, 7876, 4625, 4323, 991, 3631, 6570, 3574, 714, 2697, 9965, 2358, 3228, 3139, 550, 3674, 9254, 8258, 483, 1833, 6651, 6625, 6153, 191, 7402, 495, 2241, 6744, 3902, 691, 3654, 898, 6765, 6530, 9906, 8275, 3216, 2658, 9513, 6710, 8785, 245, 9679, 5054, 443, 3795, 3146, 1879, 8160, 1044, 4359, 1583, 1669, 4131, 9904, 1874, 6542, 7923, 9634, 1888, 1357, 5201, 9792, 3967, 3136, 6668, 9732, 6681, 92, 4076, 9168, 4231, 5735, 149, 9595, 247, 6390, 1882, 6575, 8278, 6665, 3117, 6391, 2233, 4313, 3855, 6739, 4341, 4615, 9698, 2040, 341, 3754, 8262, 9110, 9479, 4541, 6749, 5176, 9035, 9754, 3115, 195, 9290, 3702, 882, 1221, 1441, 3751, 468, 7736, 7511, 7777, 3663, 9926, 7541, 3873, 6894, 3534, 970, 7718, 960, 4018, 9666, 4727, 3109, 8523, 7434, 1842, 9139, 8296, 8182, 9675, 6688, 6620, 3341, 2689, 5495, 2269, 3183, 4571, 4238, 1626, 4423, 6385, 5608, 9044, 3384, 9677, 7235, 7471, 7713, 1941, 6024, 4163, 4108, 2052, 2263, 4761, 1933, 577, 6599, 3102, 1999, 2021, 2423, 3769, 1345, 2300, 604, 1469, 7504, 1000, 3750, 4146, 9793, 4665, 1185, 8144, 59, 1415, 1078, 4461, 1033, 9243, 6914, 2488, 2946, 9944, 3511, 2930, 4681, 9672, 5038, 4199, 2743, 213, 3748, 2298, 1092, 1364, 7376, 7826, 6312, 1344, 9669, 5824, 2525, 3727, 9925, 1039, 6523, 4156, 736, 8061, 1618, 1902, 1473, 3762, 9382, 4558, 1559, 3133, 8119, 4228, 283, 8486, 3154, 1317]
[3951, 1117, 6912, 2185, 7542, 2305, 2698, 3879, 6460, 6593, 4498, 689, 7127, 3416, 211, 4013, 2325, 3269, 9268, 8091, 9831, 3808, 8245, 2925, 2772, 2659, 4712, 324, 1782, 2574, 4433, 4118, 3681, 4657, 2430, 3381, 1234, 3334, 515, 6611, 4504, 7084, 3824, 7849, 930, 6735, 2429, 2134, 1436, 5960, 7842, 6627, 5639, 8381, 2237, 9253, 4020, 7361, 63, 1751, 3685, 2902, 9826, 3106, 7673, 4814, 1727, 670, 3475, 7187, 7473, 870, 7876, 4625, 4323, 991, 3631, 6570, 3574, 714, 2697, 9965, 2358, 3228, 3139, 550, 3674, 9254, 8258, 483, 1833, 6651, 6625, 6153, 191, 7402, 495, 2241, 6744, 3902, 691, 3654, 898, 6765, 6530, 9906, 8275, 3216, 2658, 9513, 6710, 8785, 245, 9679, 5054, 443, 3795, 3146, 1879, 8160, 1044, 4359, 1583, 1669, 4131, 9904, 1874, 6542, 7923, 9634, 1888, 1357, 5201, 9792, 3967, 3136, 6668, 9732, 6681, 92, 4076, 9168, 4231, 5735, 149, 9595, 247, 6390, 1882, 6575, 8278, 6665, 3117, 6391, 2233, 4313, 3855, 6739, 4341, 4615, 9698, 2040, 341, 3754, 8262, 9110, 9479, 4541, 6749, 5176, 9035, 9754, 3115, 195, 9290, 3702, 882, 1221, 1441, 3751, 468, 7736, 7511, 7777, 3663, 9926, 7541, 3873, 6894, 3534, 970, 7718, 960, 4018, 9666, 4727, 3109, 8523, 7434, 1842, 9139, 8296, 8182, 9675, 6688, 6620, 3341, 2689, 5495, 2269, 3183, 4571, 4238, 1626, 4423, 6385, 5608, 9044, 3384, 9677, 7235, 7471, 7713, 1941, 6024, 4163, 4108, 2052, 2263, 4761, 1933, 577, 6599, 3102, 1999, 2021, 2423, 3769, 1345, 2300, 604, 1469, 7504, 1000, 3750, 4146, 9793, 4665, 1185, 8144, 59, 1415, 1078, 4461, 1033, 9243, 6914, 2488, 2946, 9944, 3511, 2930, 4681, 9672, 5038, 4199, 2743, 213, 3748, 2298, 1092, 1364, 7376, 7826, 6312, 1344, 9669, 5824, 2525, 3727, 9925, 1039, 6523, 4156, 736, 8061, 1618, 1902, 1473, 3762, 9382, 4558, 1559, 3133, 8119, 4228, 283, 8486, 3154, 1317]
[3951, 1117, 6912, 2185, 7542, 2305, 2698, 3879, 6460, 6593, 4498, 689, 7127, 3416, 211, 4013, 2325, 3269, 9268, 8091, 9831, 3808, 8245, 2925, 2772, 2659, 4712, 324, 1782, 2574, 4433, 4118, 3681, 4657, 2430, 3381, 1234, 3334, 515, 6611, 4504, 7084, 3824, 7849, 930, 6735, 2429, 2134, 1436, 5960, 7842, 6627, 5639, 8381, 2237, 9253, 4020, 7361, 63, 1751, 3685, 2902, 9826, 3106, 7673, 4814, 1727, 670, 3475, 7187, 7473, 870, 7876, 4625, 4323, 991, 3631, 6570, 3574, 714, 2697, 9965, 2358, 3228, 3139, 550, 3674, 9254, 8258, 483, 1833, 6651, 6625, 6153, 191, 7402, 495, 2241, 6744, 3902, 691, 3654, 898, 6765, 6530, 9906, 8275, 3216, 2658, 9513, 6710, 8785, 245, 9679, 5054, 443, 3795, 3146, 1879, 8160, 1044, 4359, 1583, 1669, 4131, 9904, 1874, 6542, 7923, 9634, 1888, 1357, 5201, 9792, 3967, 3136, 6668, 9732, 6681, 92, 4076, 9168, 4231, 5735, 149, 9595, 247, 6390, 1882, 6575, 8278, 6665, 3117, 6391, 2233, 4313, 3855, 6739, 4341, 4615, 9698, 2040, 341, 3754, 8262, 9110, 9479, 4541, 6749, 5176, 9035, 9754, 3115, 195, 9290, 3702, 882, 1221, 1441, 3751, 468, 7736, 7511, 7777, 3663, 9926, 7541, 3873, 6894, 3534, 970, 7718, 960, 4018, 9666, 4727, 3109, 8523, 7434, 1842, 9139, 8296, 8182, 9675, 6688, 6620, 3341, 2689, 5495, 2269, 3183, 4571, 4238, 1626, 4423, 6385, 5608, 9044, 3384, 9677, 7235, 7471, 7713, 1941, 6024, 4163, 4108, 2052, 2263, 4761, 1933, 577, 6599, 3102, 1999, 2021, 2423, 3769, 1345, 2300, 604, 1469, 7504, 1000, 3750, 4146, 9793, 4665, 1185, 8144, 59, 1415, 1078, 4461, 1033, 9243, 6914, 2488, 2946, 9944, 3511, 2930, 4681, 9672, 5038, 4199, 2743, 213, 3748, 2298, 1092, 1364, 7376, 7826, 6312, 1344, 9669, 5824, 2525, 3727, 9925, 1039, 6523, 4156, 736, 8061, 1618, 1902, 1473, 3762, 9382, 4558, 1559, 3133, 8119, 4228, 283, 8486, 3154, 1317]
[3951, 1117, 6912, 2185, 7542, 2305, 2698, 3879, 6460, 6593, 4498, 689, 7127, 3416, 211, 4013, 2325, 3269, 9268, 8091, 9831, 3808, 8245, 2925, 2772, 2659, 4712, 324, 1782, 2574, 4433, 4118, 3681, 4657, 2430, 3381, 1234, 3334, 515, 6611, 4504, 7084, 3824, 7849, 930, 6735, 2429, 2134, 1436, 5960, 7842, 6627, 5639, 8381, 2237, 9253, 4020, 7361, 63, 1751, 3685, 2902, 9826, 3106, 7673, 4814, 1727, 670, 3475, 7187, 7473, 870, 7876, 4625, 4323, 991, 3631, 6570, 3574, 714, 2697, 9965, 2358, 3228, 3139, 550, 3674, 9254, 8258, 483, 1833, 6651, 6625, 6153, 191, 7402, 495, 2241, 6744, 3902, 691, 3654, 898, 6765, 6530, 9906, 8275, 3216, 2658, 9513, 6710, 8785, 245, 9679, 5054, 443, 3795, 3146, 1879, 8160, 1044, 4359, 1583, 1669, 4131, 9904, 1874, 6542, 7923, 9634, 1888, 1357, 5201, 9792, 3967, 3136, 6668, 9732, 6681, 92, 4076, 9168, 4231, 5735, 149, 9595, 247, 6390, 1882, 6575, 8278, 6665, 3117, 6391, 2233, 4313, 3855, 6739, 4341, 4615, 9698, 2040, 341, 3754, 8262, 9110, 9479, 4541, 6749, 5176, 9035, 9754, 3115, 195, 9290, 3702, 882, 1221, 1441, 3751, 468, 7736, 7511, 7777, 3663, 9926, 7541, 3873, 6894, 3534, 970, 7718, 960, 4018, 9666, 4727, 3109, 8523, 7434, 1842, 9139, 8296, 8182, 9675, 6688, 6620, 3341, 2689, 5495, 2269, 3183, 4571, 4238, 1626, 4423, 6385, 5608, 9044, 3384, 9677, 7235, 7471, 7713, 1941, 6024, 4163, 4108, 2052, 2263, 4761, 1933, 577, 6599, 3102, 1999, 2021, 2423, 3769, 1345, 2300, 604, 1469, 7504, 1000, 3750, 4146, 9793, 4665, 1185, 8144, 59, 1415, 1078, 4461, 1033, 9243, 6914, 2488, 2946, 9944, 3511, 2930, 4681, 9672, 5038, 4199, 2743, 213, 3748, 2298, 1092, 1364, 7376, 7826, 6312, 1344, 9669, 5824, 2525, 3727, 9925, 1039, 6523, 4156, 736, 8061, 1618, 1902, 1473, 3762, 9382, 4558, 1559, 3133, 8119, 4228, 283, 8486, 3154, 1317]
[3951, 1117, 6912, 2185, 7542, 2305, 2698, 3879, 6460, 6593, 4498, 689, 7127, 3416, 211, 4013, 2325, 3269, 9268, 8091, 9831, 3808, 8245, 2925, 2772, 2659, 4712, 324, 1782, 2574, 4433, 4118, 3681, 4657, 2430, 3381, 1234, 3334, 515, 6611, 4504, 7084, 3824, 7849, 930, 6735, 2429, 2134, 1436, 5960, 7842, 6627, 5639, 8381, 2237, 9253, 4020, 7361, 63, 1751, 3685, 2902, 9826, 3106, 7673, 4814, 1727, 670, 3475, 7187, 7473, 870, 7876, 4625, 4323, 991, 3631, 6570, 3574, 714, 2697, 9965, 2358, 3228, 3139, 550, 3674, 9254, 8258, 483, 1833, 6651, 6625, 6153, 191, 7402, 495, 2241, 6744, 3902, 691, 3654, 898, 6765, 6530, 9906, 8275, 3216, 2658, 9513, 6710, 8785, 245, 9679, 5054, 443, 3795, 3146, 1879, 8160, 1044, 4359, 1583, 1669, 4131, 9904, 1874, 6542, 7923, 9634, 1888, 1357, 5201, 9792, 3967, 3136, 6668, 9732, 6681, 92, 4076, 9168, 4231, 5735, 149, 9595, 247, 6390, 1882, 6575, 8278, 6665, 3117, 6391, 2233, 4313, 3855, 6739, 4341, 4615, 9698, 2040, 341, 3754, 8262, 9110, 9479, 4541, 6749, 5176, 9035, 9754, 3115, 195, 9290, 3702, 882, 1221, 1441, 3751, 468, 7736, 7511, 7777, 3663, 9926, 7541, 3873, 6894, 3534, 970, 7718, 960, 4018, 9666, 4727, 3109, 8523, 7434, 1842, 9139, 8296, 8182, 9675, 6688, 6620, 3341, 2689, 5495, 2269, 3183, 4571, 4238, 1626, 4423, 6385, 5608, 9044, 3384, 9677, 7235, 7471, 7713, 1941, 6024, 4163, 4108, 2052, 2263, 4761, 1933, 577, 6599, 3102, 1999, 2021, 2423, 3769, 1345, 2300, 604, 1469, 7504, 1000, 3750, 4146, 9793, 4665, 1185, 8144, 59, 1415, 1078, 4461, 1033, 9243, 6914, 2488, 2946, 9944, 3511, 2930, 4681, 9672, 5038, 4199, 2743, 213, 3748, 2298, 1092, 1364, 7376, 7826, 6312, 1344, 9669, 5824, 2525, 3727, 9925, 1039, 6523, 4156, 736, 8061, 1618, 1902, 1473, 3762, 9382, 4558, 1559, 3133, 8119, 4228, 283, 8486, 3154, 1317]
[3951, 1117, 6912, 2185, 7542, 2305, 2698, 3879, 6460, 6593, 4498, 689, 7127, 3416, 211, 4013, 2325, 3269, 9268, 8091, 9831, 3808, 8245, 2925, 2772, 2659, 4712, 324, 1782, 2574, 4433, 4118, 3681, 4657, 2430, 3381, 1234, 3334, 515, 6611, 4504, 7084, 3824, 7849, 930, 6735, 2429, 2134, 1436, 5960, 7842, 6627, 5639, 8381, 2237, 9253, 4020, 7361, 63, 1751, 3685, 2902, 9826, 3106, 7673, 4814, 1727, 670, 3475, 7187, 7473, 870, 7876, 4625, 4323, 991, 3631, 6570, 3574, 714, 2697, 9965, 2358, 3228, 3139, 550, 3674, 9254, 8258, 483, 1833, 6651, 6625, 6153, 191, 7402, 495, 2241, 6744, 3902, 691, 3654, 898, 6765, 6530, 9906, 8275, 3216, 2658, 9513, 6710, 8785, 245, 9679, 5054, 443, 3795, 3146, 1879, 8160, 1044, 4359, 1583, 1669, 4131, 9904, 1874, 6542, 7923, 9634, 1888, 1357, 5201, 9792, 3967, 3136, 6668, 9732, 6681, 92, 4076, 9168, 4231, 5735, 149, 9595, 247, 6390, 1882, 6575, 8278, 6665, 3117, 6391, 2233, 4313, 3855, 6739, 4341, 4615, 9698, 2040, 341, 3754, 8262, 9110, 9479, 4541, 6749, 5176, 9035, 9754, 3115, 195, 9290, 3702, 882, 1221, 1441, 3751, 468, 7736, 7511, 7777, 3663, 9926, 7541, 3873, 6894, 3534, 970, 7718, 960, 4018, 9666, 4727, 3109, 8523, 7434, 1842, 9139, 8296, 8182, 9675, 6688, 6620, 3341, 2689, 5495, 2269, 3183, 4571, 4238, 1626, 4423, 6385, 5608, 9044, 3384, 9677, 7235, 7471, 7713, 1941, 6024, 4163, 4108, 2052, 2263, 4761, 1933, 577, 6599, 3102, 1999, 2021, 2423, 3769, 1345, 2300, 604, 1469, 7504, 1000, 3750, 4146, 9793, 4665, 1185, 8144, 59, 1415, 1078, 4461, 1033, 9243, 6914, 2488, 2946, 9944, 3511, 2930, 4681, 9672, 5038, 4199, 2743, 213, 3748, 2298, 1092, 1364, 7376, 7826, 6312, 1344, 9669, 5824, 2525, 3727, 9925, 1039, 6523, 4156, 736, 8061, 1618, 1902, 1473, 3762, 9382, 4558, 1559, 3133, 8119, 4228, 283, 8486, 3154, 1317]
[3951, 1117, 6912, 2185, 7542, 2305, 2698, 3879, 6460, 6593, 4498, 689, 7127, 3416, 211, 4013, 2325, 3269, 9268, 8091, 9831, 3808, 8245, 2925, 2772, 2659, 4712, 324, 1782, 2574, 4433, 4118, 3681, 4657, 2430, 3381, 1234, 3334, 515, 6611, 4504, 7084, 3824, 7849, 930, 6735, 2429, 2134, 1436, 5960, 7842, 6627, 5639, 8381, 2237, 9253, 4020, 7361, 63, 1751, 3685, 2902, 9826, 3106, 7673, 4814, 1727, 670, 3475, 7187, 7473, 870, 7876, 4625, 4323, 991, 3631, 6570, 3574, 714, 2697, 9965, 2358, 3228, 3139, 550, 3674, 9254, 8258, 483, 1833, 6651, 6625, 6153, 191, 7402, 495, 2241, 6744, 3902, 691, 3654, 898, 6765, 6530, 9906, 8275, 3216, 2658, 9513, 6710, 8785, 245, 9679, 5054, 443, 3795, 3146, 1879, 8160, 1044, 4359, 1583, 1669, 4131, 9904, 1874, 6542, 7923, 9634, 1888, 1357, 5201, 9792, 3967, 3136, 6668, 9732, 6681, 92, 4076, 9168, 4231, 5735, 149, 9595, 247, 6390, 1882, 6575, 8278, 6665, 3117, 6391, 2233, 4313, 3855, 6739, 4341, 4615, 9698, 2040, 341, 3754, 8262, 9110, 9479, 4541, 6749, 5176, 9035, 9754, 3115, 195, 9290, 3702, 882, 1221, 1441, 3751, 468, 7736, 7511, 7777, 3663, 9926, 7541, 3873, 6894, 3534, 970, 7718, 960, 4018, 9666, 4727, 3109, 8523, 7434, 1842, 9139, 8296, 8182, 9675, 6688, 6620, 3341, 2689, 5495, 2269, 3183, 4571, 4238, 1626, 4423, 6385, 5608, 9044, 3384, 9677, 7235, 7471, 7713, 1941, 6024, 4163, 4108, 2052, 2263, 4761, 1933, 577, 6599, 3102, 1999, 2021, 2423, 3769, 1345, 2300, 604, 1469, 7504, 1000, 3750, 4146, 9793, 4665, 1185, 8144, 59, 1415, 1078, 4461, 1033, 9243, 6914, 2488, 2946, 9944, 3511, 2930, 4681, 9672, 5038, 4199, 2743, 213, 3748, 2298, 1092, 1364, 7376, 7826, 6312, 1344, 9669, 5824, 2525, 3727, 9925, 1039, 6523, 4156, 736, 8061, 1618, 1902, 1473, 3762, 9382, 4558, 1559, 3133, 8119, 4228, 283, 8486, 3154, 1317]
[3951, 1117, 6912, 2185, 7542, 2305, 2698, 3879, 6460, 6593, 4498, 689, 7127, 3416, 211, 4013, 2325, 3269, 9268, 8091, 9831, 3808, 8245, 2925, 2772, 2659, 4712, 324, 1782, 2574, 4433, 4118, 3681, 4657, 2430, 3381, 1234, 3334, 515, 6611, 4504, 7084, 3824, 7849, 930, 6735, 2429, 2134, 1436, 5960, 7842, 6627, 5639, 8381, 2237, 9253, 4020, 7361, 63, 1751, 3685, 2902, 9826, 3106, 7673, 4814, 1727, 670, 3475, 7187, 7473, 870, 7876, 4625, 4323, 991, 3631, 6570, 3574, 714, 2697, 9965, 2358, 3228, 3139, 550, 3674, 9254, 8258, 483, 1833, 6651, 6625, 6153, 191, 7402, 495, 2241, 6744, 3902, 691, 3654, 898, 6765, 6530, 9906, 8275, 3216, 2658, 9513, 6710, 8785, 245, 9679, 5054, 443, 3795, 3146, 1879, 8160, 1044, 4359, 1583, 1669, 4131, 9904, 1874, 6542, 7923, 9634, 1888, 1357, 5201, 9792, 3967, 3136, 6668, 9732, 6681, 92, 4076, 9168, 4231, 5735, 149, 9595, 247, 6390, 1882, 6575, 8278, 6665, 3117, 6391, 2233, 4313, 3855, 6739, 4341, 4615, 9698, 2040, 341, 3754, 8262, 9110, 9479, 4541, 6749, 5176, 9035, 9754, 3115, 195, 9290, 3702, 882, 1221, 1441, 3751, 468, 7736, 7511, 7777, 3663, 9926, 7541, 3873, 6894, 3534, 970, 7718, 960, 4018, 9666, 4727, 3109, 8523, 7434, 1842, 9139, 8296, 8182, 9675, 6688, 6620, 3341, 2689, 5495, 2269, 3183, 4571, 4238, 1626, 4423, 6385, 5608, 9044, 3384, 9677, 7235, 7471, 7713, 1941, 6024, 4163, 4108, 2052, 2263, 4761, 1933, 577, 6599, 3102, 1999, 2021, 2423, 3769, 1345, 2300, 604, 1469, 7504, 1000, 3750, 4146, 9793, 4665, 1185, 8144, 59, 1415, 1078, 4461, 1033, 9243, 6914, 2488, 2946, 9944, 3511, 2930, 4681, 9672, 5038, 4199, 2743, 213, 3748, 2298, 1092, 1364, 7376, 7826, 6312, 1344, 9669, 5824, 2525, 3727, 9925, 1039, 6523, 4156, 736, 8061, 1618, 1902, 1473, 3762, 9382, 4558, 1559, 3133, 8119, 4228, 283, 8486, 3154, 1317]
[3951, 1117, 6912, 2185, 7542, 2305, 2698, 3879, 6460, 6593, 4498, 689, 7127, 3416, 211, 4013, 2325, 3269, 9268, 8091, 9831, 3808, 8245, 2925, 2772, 2659, 4712, 324, 1782, 2574, 4433, 4118, 3681, 4657, 2430, 3381, 1234, 3334, 515, 6611, 4504, 7084, 3824, 7849, 930, 6735, 2429, 2134, 1436, 5960, 7842, 6627, 5639, 8381, 2237, 9253, 4020, 7361, 63, 1751, 3685, 2902, 9826, 3106, 7673, 4814, 1727, 670, 3475, 7187, 7473, 870, 7876, 4625, 4323, 991, 3631, 6570, 3574, 714, 2697, 9965, 2358, 3228, 3139, 550, 3674, 9254, 8258, 483, 1833, 6651, 6625, 6153, 191, 7402, 495, 2241, 6744, 3902, 691, 3654, 898, 6765, 6530, 9906, 8275, 3216, 2658, 9513, 6710, 8785, 245, 9679, 5054, 443, 3795, 3146, 1879, 8160, 1044, 4359, 1583, 1669, 4131, 9904, 1874, 6542, 7923, 9634, 1888, 1357, 5201, 9792, 3967, 3136, 6668, 9732, 6681, 92, 4076, 9168, 4231, 5735, 149, 9595, 247, 6390, 1882, 6575, 8278, 6665, 3117, 6391, 2233, 4313, 3855, 6739, 4341, 4615, 9698, 2040, 341, 3754, 8262, 9110, 9479, 4541, 6749, 5176, 9035, 9754, 3115, 195, 9290, 3702, 882, 1221, 1441, 3751, 468, 7736, 7511, 7777, 3663, 9926, 7541, 3873, 6894, 3534, 970, 7718, 960, 4018, 9666, 4727, 3109, 8523, 7434, 1842, 9139, 8296, 8182, 9675, 6688, 6620, 3341, 2689, 5495, 2269, 3183, 4571, 4238, 1626, 4423, 6385, 5608, 9044, 3384, 9677, 7235, 7471, 7713, 1941, 6024, 4163, 4108, 2052, 2263, 4761, 1933, 577, 6599, 3102, 1999, 2021, 2423, 3769, 1345, 2300, 604, 1469, 7504, 1000, 3750, 4146, 9793, 4665, 1185, 8144, 59, 1415, 1078, 4461, 1033, 9243, 6914, 2488, 2946, 9944, 3511, 2930, 4681, 9672, 5038, 4199, 2743, 213, 3748, 2298, 1092, 1364, 7376, 7826, 6312, 1344, 9669, 5824, 2525, 3727, 9925, 1039, 6523, 4156, 736, 8061, 1618, 1902, 1473, 3762, 9382, 4558, 1559, 3133, 8119, 4228, 283, 8486, 3154, 1317]
