Fault List:
46
46
46
46
46
46
46
46
46
46
46
46
46
46
46
46
46
46
46
46
46
46
46
46
46
46
46
46
46
46
FDR List:
0.46
0.46
0.46
0.46
0.46
0.46
0.46
0.46
0.46
0.46
0.46
0.46
0.46
0.46
0.46
0.46
0.46
0.46
0.46
0.46
0.46
0.46
0.46
0.46
0.46
0.46
0.46
0.46
0.46
0.46
Time List:
0.16647076606750488
0.19560503959655762
0.18249011039733887
0.17337298393249512
0.17222118377685547
0.1890268325805664
0.18990325927734375
0.18900680541992188
0.17345213890075684
0.2214500904083252
0.15956997871398926
0.155717134475708
0.19104385375976562
0.17547392845153809
0.16975808143615723
0.14897871017456055
0.1607060432434082
0.17293405532836914
0.16844487190246582
0.2026810646057129
0.1550908088684082
0.15552306175231934
0.1672658920288086
0.21109700202941895
0.17051315307617188
0.1908578872680664
0.19318103790283203
0.2502009868621826
0.17512917518615723
0.2340991497039795
Subset List:
[3951, 741, 898, 9675, 6530, 9906, 2698, 3879, 2658, 9513, 4498, 8785, 4238, 8003, 3460, 443, 2535, 3146, 4086, 8091, 7235, 3808, 9764, 1941, 6024, 9904, 6087, 324, 1782, 9634, 4433, 5678, 5201, 4657, 1999, 3381, 8, 3769, 515, 4065, 2507, 1469, 1823, 7249, 3750, 3785, 2429, 3559, 1436, 6575, 59, 3033, 1356, 9700, 2237, 8435, 1855, 7921, 2946, 9016, 4808, 6563, 1091, 8444, 5644, 4199, 1050, 7494, 3748, 1641, 5083, 1364, 3115, 1135, 542, 3702, 3577, 5824, 3186, 582, 2697, 7736, 2358, 7240, 9709, 182, 4205, 1115, 1473, 483, 1273, 6651, 6625, 4018, 9666, 4727, 283, 7178, 478, 3902]
[3951, 741, 898, 9675, 6530, 9906, 2698, 3879, 2658, 9513, 4498, 8785, 4238, 8003, 3460, 443, 2535, 3146, 4086, 8091, 7235, 3808, 9764, 1941, 6024, 9904, 6087, 324, 1782, 9634, 4433, 5678, 5201, 4657, 1999, 3381, 8, 3769, 515, 4065, 2507, 1469, 1823, 7249, 3750, 3785, 2429, 3559, 1436, 6575, 59, 3033, 1356, 9700, 2237, 8435, 1855, 7921, 2946, 9016, 4808, 6563, 1091, 8444, 5644, 4199, 1050, 7494, 3748, 1641, 5083, 1364, 3115, 1135, 542, 3702, 3577, 5824, 3186, 582, 2697, 7736, 2358, 7240, 9709, 182, 4205, 1115, 1473, 483, 1273, 6651, 6625, 4018, 9666, 4727, 283, 7178, 478, 3902]
[3951, 741, 898, 9675, 6530, 9906, 2698, 3879, 2658, 9513, 4498, 8785, 4238, 8003, 3460, 443, 2535, 3146, 4086, 8091, 7235, 3808, 9764, 1941, 6024, 9904, 6087, 324, 1782, 9634, 4433, 5678, 5201, 4657, 1999, 3381, 8, 3769, 515, 4065, 2507, 1469, 1823, 7249, 3750, 3785, 2429, 3559, 1436, 6575, 59, 3033, 1356, 9700, 2237, 8435, 1855, 7921, 2946, 9016, 4808, 6563, 1091, 8444, 5644, 4199, 1050, 7494, 3748, 1641, 5083, 1364, 3115, 1135, 542, 3702, 3577, 5824, 3186, 582, 2697, 7736, 2358, 7240, 9709, 182, 4205, 1115, 1473, 483, 1273, 6651, 6625, 4018, 9666, 4727, 283, 7178, 478, 3902]
[3951, 741, 898, 9675, 6530, 9906, 2698, 3879, 2658, 9513, 4498, 8785, 4238, 8003, 3460, 443, 2535, 3146, 4086, 8091, 7235, 3808, 9764, 1941, 6024, 9904, 6087, 324, 1782, 9634, 4433, 5678, 5201, 4657, 1999, 3381, 8, 3769, 515, 4065, 2507, 1469, 1823, 7249, 3750, 3785, 2429, 3559, 1436, 6575, 59, 3033, 1356, 9700, 2237, 8435, 1855, 7921, 2946, 9016, 4808, 6563, 1091, 8444, 5644, 4199, 1050, 7494, 3748, 1641, 5083, 1364, 3115, 1135, 542, 3702, 3577, 5824, 3186, 582, 2697, 7736, 2358, 7240, 9709, 182, 4205, 1115, 1473, 483, 1273, 6651, 6625, 4018, 9666, 4727, 283, 7178, 478, 3902]
[3951, 741, 898, 9675, 6530, 9906, 2698, 3879, 2658, 9513, 4498, 8785, 4238, 8003, 3460, 443, 2535, 3146, 4086, 8091, 7235, 3808, 9764, 1941, 6024, 9904, 6087, 324, 1782, 9634, 4433, 5678, 5201, 4657, 1999, 3381, 8, 3769, 515, 4065, 2507, 1469, 1823, 7249, 3750, 3785, 2429, 3559, 1436, 6575, 59, 3033, 1356, 9700, 2237, 8435, 1855, 7921, 2946, 9016, 4808, 6563, 1091, 8444, 5644, 4199, 1050, 7494, 3748, 1641, 5083, 1364, 3115, 1135, 542, 3702, 3577, 5824, 3186, 582, 2697, 7736, 2358, 7240, 9709, 182, 4205, 1115, 1473, 483, 1273, 6651, 6625, 4018, 9666, 4727, 283, 7178, 478, 3902]
[3951, 741, 898, 9675, 6530, 9906, 2698, 3879, 2658, 9513, 4498, 8785, 4238, 8003, 3460, 443, 2535, 3146, 4086, 8091, 7235, 3808, 9764, 1941, 6024, 9904, 6087, 324, 1782, 9634, 4433, 5678, 5201, 4657, 1999, 3381, 8, 3769, 515, 4065, 2507, 1469, 1823, 7249, 3750, 3785, 2429, 3559, 1436, 6575, 59, 3033, 1356, 9700, 2237, 8435, 1855, 7921, 2946, 9016, 4808, 6563, 1091, 8444, 5644, 4199, 1050, 7494, 3748, 1641, 5083, 1364, 3115, 1135, 542, 3702, 3577, 5824, 3186, 582, 2697, 7736, 2358, 7240, 9709, 182, 4205, 1115, 1473, 483, 1273, 6651, 6625, 4018, 9666, 4727, 283, 7178, 478, 3902]
[3951, 741, 898, 9675, 6530, 9906, 2698, 3879, 2658, 9513, 4498, 8785, 4238, 8003, 3460, 443, 2535, 3146, 4086, 8091, 7235, 3808, 9764, 1941, 6024, 9904, 6087, 324, 1782, 9634, 4433, 5678, 5201, 4657, 1999, 3381, 8, 3769, 515, 4065, 2507, 1469, 1823, 7249, 3750, 3785, 2429, 3559, 1436, 6575, 59, 3033, 1356, 9700, 2237, 8435, 1855, 7921, 2946, 9016, 4808, 6563, 1091, 8444, 5644, 4199, 1050, 7494, 3748, 1641, 5083, 1364, 3115, 1135, 542, 3702, 3577, 5824, 3186, 582, 2697, 7736, 2358, 7240, 9709, 182, 4205, 1115, 1473, 483, 1273, 6651, 6625, 4018, 9666, 4727, 283, 7178, 478, 3902]
[3951, 741, 898, 9675, 6530, 9906, 2698, 3879, 2658, 9513, 4498, 8785, 4238, 8003, 3460, 443, 2535, 3146, 4086, 8091, 7235, 3808, 9764, 1941, 6024, 9904, 6087, 324, 1782, 9634, 4433, 5678, 5201, 4657, 1999, 3381, 8, 3769, 515, 4065, 2507, 1469, 1823, 7249, 3750, 3785, 2429, 3559, 1436, 6575, 59, 3033, 1356, 9700, 2237, 8435, 1855, 7921, 2946, 9016, 4808, 6563, 1091, 8444, 5644, 4199, 1050, 7494, 3748, 1641, 5083, 1364, 3115, 1135, 542, 3702, 3577, 5824, 3186, 582, 2697, 7736, 2358, 7240, 9709, 182, 4205, 1115, 1473, 483, 1273, 6651, 6625, 4018, 9666, 4727, 283, 7178, 478, 3902]
[3951, 741, 898, 9675, 6530, 9906, 2698, 3879, 2658, 9513, 4498, 8785, 4238, 8003, 3460, 443, 2535, 3146, 4086, 8091, 7235, 3808, 9764, 1941, 6024, 9904, 6087, 324, 1782, 9634, 4433, 5678, 5201, 4657, 1999, 3381, 8, 3769, 515, 4065, 2507, 1469, 1823, 7249, 3750, 3785, 2429, 3559, 1436, 6575, 59, 3033, 1356, 9700, 2237, 8435, 1855, 7921, 2946, 9016, 4808, 6563, 1091, 8444, 5644, 4199, 1050, 7494, 3748, 1641, 5083, 1364, 3115, 1135, 542, 3702, 3577, 5824, 3186, 582, 2697, 7736, 2358, 7240, 9709, 182, 4205, 1115, 1473, 483, 1273, 6651, 6625, 4018, 9666, 4727, 283, 7178, 478, 3902]
[3951, 741, 898, 9675, 6530, 9906, 2698, 3879, 2658, 9513, 4498, 8785, 4238, 8003, 3460, 443, 2535, 3146, 4086, 8091, 7235, 3808, 9764, 1941, 6024, 9904, 6087, 324, 1782, 9634, 4433, 5678, 5201, 4657, 1999, 3381, 8, 3769, 515, 4065, 2507, 1469, 1823, 7249, 3750, 3785, 2429, 3559, 1436, 6575, 59, 3033, 1356, 9700, 2237, 8435, 1855, 7921, 2946, 9016, 4808, 6563, 1091, 8444, 5644, 4199, 1050, 7494, 3748, 1641, 5083, 1364, 3115, 1135, 542, 3702, 3577, 5824, 3186, 582, 2697, 7736, 2358, 7240, 9709, 182, 4205, 1115, 1473, 483, 1273, 6651, 6625, 4018, 9666, 4727, 283, 7178, 478, 3902]
[3951, 741, 898, 9675, 6530, 9906, 2698, 3879, 2658, 9513, 4498, 8785, 4238, 8003, 3460, 443, 2535, 3146, 4086, 8091, 7235, 3808, 9764, 1941, 6024, 9904, 6087, 324, 1782, 9634, 4433, 5678, 5201, 4657, 1999, 3381, 8, 3769, 515, 4065, 2507, 1469, 1823, 7249, 3750, 3785, 2429, 3559, 1436, 6575, 59, 3033, 1356, 9700, 2237, 8435, 1855, 7921, 2946, 9016, 4808, 6563, 1091, 8444, 5644, 4199, 1050, 7494, 3748, 1641, 5083, 1364, 3115, 1135, 542, 3702, 3577, 5824, 3186, 582, 2697, 7736, 2358, 7240, 9709, 182, 4205, 1115, 1473, 483, 1273, 6651, 6625, 4018, 9666, 4727, 283, 7178, 478, 3902]
[3951, 741, 898, 9675, 6530, 9906, 2698, 3879, 2658, 9513, 4498, 8785, 4238, 8003, 3460, 443, 2535, 3146, 4086, 8091, 7235, 3808, 9764, 1941, 6024, 9904, 6087, 324, 1782, 9634, 4433, 5678, 5201, 4657, 1999, 3381, 8, 3769, 515, 4065, 2507, 1469, 1823, 7249, 3750, 3785, 2429, 3559, 1436, 6575, 59, 3033, 1356, 9700, 2237, 8435, 1855, 7921, 2946, 9016, 4808, 6563, 1091, 8444, 5644, 4199, 1050, 7494, 3748, 1641, 5083, 1364, 3115, 1135, 542, 3702, 3577, 5824, 3186, 582, 2697, 7736, 2358, 7240, 9709, 182, 4205, 1115, 1473, 483, 1273, 6651, 6625, 4018, 9666, 4727, 283, 7178, 478, 3902]
[3951, 741, 898, 9675, 6530, 9906, 2698, 3879, 2658, 9513, 4498, 8785, 4238, 8003, 3460, 443, 2535, 3146, 4086, 8091, 7235, 3808, 9764, 1941, 6024, 9904, 6087, 324, 1782, 9634, 4433, 5678, 5201, 4657, 1999, 3381, 8, 3769, 515, 4065, 2507, 1469, 1823, 7249, 3750, 3785, 2429, 3559, 1436, 6575, 59, 3033, 1356, 9700, 2237, 8435, 1855, 7921, 2946, 9016, 4808, 6563, 1091, 8444, 5644, 4199, 1050, 7494, 3748, 1641, 5083, 1364, 3115, 1135, 542, 3702, 3577, 5824, 3186, 582, 2697, 7736, 2358, 7240, 9709, 182, 4205, 1115, 1473, 483, 1273, 6651, 6625, 4018, 9666, 4727, 283, 7178, 478, 3902]
[3951, 741, 898, 9675, 6530, 9906, 2698, 3879, 2658, 9513, 4498, 8785, 4238, 8003, 3460, 443, 2535, 3146, 4086, 8091, 7235, 3808, 9764, 1941, 6024, 9904, 6087, 324, 1782, 9634, 4433, 5678, 5201, 4657, 1999, 3381, 8, 3769, 515, 4065, 2507, 1469, 1823, 7249, 3750, 3785, 2429, 3559, 1436, 6575, 59, 3033, 1356, 9700, 2237, 8435, 1855, 7921, 2946, 9016, 4808, 6563, 1091, 8444, 5644, 4199, 1050, 7494, 3748, 1641, 5083, 1364, 3115, 1135, 542, 3702, 3577, 5824, 3186, 582, 2697, 7736, 2358, 7240, 9709, 182, 4205, 1115, 1473, 483, 1273, 6651, 6625, 4018, 9666, 4727, 283, 7178, 478, 3902]
[3951, 741, 898, 9675, 6530, 9906, 2698, 3879, 2658, 9513, 4498, 8785, 4238, 8003, 3460, 443, 2535, 3146, 4086, 8091, 7235, 3808, 9764, 1941, 6024, 9904, 6087, 324, 1782, 9634, 4433, 5678, 5201, 4657, 1999, 3381, 8, 3769, 515, 4065, 2507, 1469, 1823, 7249, 3750, 3785, 2429, 3559, 1436, 6575, 59, 3033, 1356, 9700, 2237, 8435, 1855, 7921, 2946, 9016, 4808, 6563, 1091, 8444, 5644, 4199, 1050, 7494, 3748, 1641, 5083, 1364, 3115, 1135, 542, 3702, 3577, 5824, 3186, 582, 2697, 7736, 2358, 7240, 9709, 182, 4205, 1115, 1473, 483, 1273, 6651, 6625, 4018, 9666, 4727, 283, 7178, 478, 3902]
[3951, 741, 898, 9675, 6530, 9906, 2698, 3879, 2658, 9513, 4498, 8785, 4238, 8003, 3460, 443, 2535, 3146, 4086, 8091, 7235, 3808, 9764, 1941, 6024, 9904, 6087, 324, 1782, 9634, 4433, 5678, 5201, 4657, 1999, 3381, 8, 3769, 515, 4065, 2507, 1469, 1823, 7249, 3750, 3785, 2429, 3559, 1436, 6575, 59, 3033, 1356, 9700, 2237, 8435, 1855, 7921, 2946, 9016, 4808, 6563, 1091, 8444, 5644, 4199, 1050, 7494, 3748, 1641, 5083, 1364, 3115, 1135, 542, 3702, 3577, 5824, 3186, 582, 2697, 7736, 2358, 7240, 9709, 182, 4205, 1115, 1473, 483, 1273, 6651, 6625, 4018, 9666, 4727, 283, 7178, 478, 3902]
[3951, 741, 898, 9675, 6530, 9906, 2698, 3879, 2658, 9513, 4498, 8785, 4238, 8003, 3460, 443, 2535, 3146, 4086, 8091, 7235, 3808, 9764, 1941, 6024, 9904, 6087, 324, 1782, 9634, 4433, 5678, 5201, 4657, 1999, 3381, 8, 3769, 515, 4065, 2507, 1469, 1823, 7249, 3750, 3785, 2429, 3559, 1436, 6575, 59, 3033, 1356, 9700, 2237, 8435, 1855, 7921, 2946, 9016, 4808, 6563, 1091, 8444, 5644, 4199, 1050, 7494, 3748, 1641, 5083, 1364, 3115, 1135, 542, 3702, 3577, 5824, 3186, 582, 2697, 7736, 2358, 7240, 9709, 182, 4205, 1115, 1473, 483, 1273, 6651, 6625, 4018, 9666, 4727, 283, 7178, 478, 3902]
[3951, 741, 898, 9675, 6530, 9906, 2698, 3879, 2658, 9513, 4498, 8785, 4238, 8003, 3460, 443, 2535, 3146, 4086, 8091, 7235, 3808, 9764, 1941, 6024, 9904, 6087, 324, 1782, 9634, 4433, 5678, 5201, 4657, 1999, 3381, 8, 3769, 515, 4065, 2507, 1469, 1823, 7249, 3750, 3785, 2429, 3559, 1436, 6575, 59, 3033, 1356, 9700, 2237, 8435, 1855, 7921, 2946, 9016, 4808, 6563, 1091, 8444, 5644, 4199, 1050, 7494, 3748, 1641, 5083, 1364, 3115, 1135, 542, 3702, 3577, 5824, 3186, 582, 2697, 7736, 2358, 7240, 9709, 182, 4205, 1115, 1473, 483, 1273, 6651, 6625, 4018, 9666, 4727, 283, 7178, 478, 3902]
[3951, 741, 898, 9675, 6530, 9906, 2698, 3879, 2658, 9513, 4498, 8785, 4238, 8003, 3460, 443, 2535, 3146, 4086, 8091, 7235, 3808, 9764, 1941, 6024, 9904, 6087, 324, 1782, 9634, 4433, 5678, 5201, 4657, 1999, 3381, 8, 3769, 515, 4065, 2507, 1469, 1823, 7249, 3750, 3785, 2429, 3559, 1436, 6575, 59, 3033, 1356, 9700, 2237, 8435, 1855, 7921, 2946, 9016, 4808, 6563, 1091, 8444, 5644, 4199, 1050, 7494, 3748, 1641, 5083, 1364, 3115, 1135, 542, 3702, 3577, 5824, 3186, 582, 2697, 7736, 2358, 7240, 9709, 182, 4205, 1115, 1473, 483, 1273, 6651, 6625, 4018, 9666, 4727, 283, 7178, 478, 3902]
[3951, 741, 898, 9675, 6530, 9906, 2698, 3879, 2658, 9513, 4498, 8785, 4238, 8003, 3460, 443, 2535, 3146, 4086, 8091, 7235, 3808, 9764, 1941, 6024, 9904, 6087, 324, 1782, 9634, 4433, 5678, 5201, 4657, 1999, 3381, 8, 3769, 515, 4065, 2507, 1469, 1823, 7249, 3750, 3785, 2429, 3559, 1436, 6575, 59, 3033, 1356, 9700, 2237, 8435, 1855, 7921, 2946, 9016, 4808, 6563, 1091, 8444, 5644, 4199, 1050, 7494, 3748, 1641, 5083, 1364, 3115, 1135, 542, 3702, 3577, 5824, 3186, 582, 2697, 7736, 2358, 7240, 9709, 182, 4205, 1115, 1473, 483, 1273, 6651, 6625, 4018, 9666, 4727, 283, 7178, 478, 3902]
[3951, 741, 898, 9675, 6530, 9906, 2698, 3879, 2658, 9513, 4498, 8785, 4238, 8003, 3460, 443, 2535, 3146, 4086, 8091, 7235, 3808, 9764, 1941, 6024, 9904, 6087, 324, 1782, 9634, 4433, 5678, 5201, 4657, 1999, 3381, 8, 3769, 515, 4065, 2507, 1469, 1823, 7249, 3750, 3785, 2429, 3559, 1436, 6575, 59, 3033, 1356, 9700, 2237, 8435, 1855, 7921, 2946, 9016, 4808, 6563, 1091, 8444, 5644, 4199, 1050, 7494, 3748, 1641, 5083, 1364, 3115, 1135, 542, 3702, 3577, 5824, 3186, 582, 2697, 7736, 2358, 7240, 9709, 182, 4205, 1115, 1473, 483, 1273, 6651, 6625, 4018, 9666, 4727, 283, 7178, 478, 3902]
[3951, 741, 898, 9675, 6530, 9906, 2698, 3879, 2658, 9513, 4498, 8785, 4238, 8003, 3460, 443, 2535, 3146, 4086, 8091, 7235, 3808, 9764, 1941, 6024, 9904, 6087, 324, 1782, 9634, 4433, 5678, 5201, 4657, 1999, 3381, 8, 3769, 515, 4065, 2507, 1469, 1823, 7249, 3750, 3785, 2429, 3559, 1436, 6575, 59, 3033, 1356, 9700, 2237, 8435, 1855, 7921, 2946, 9016, 4808, 6563, 1091, 8444, 5644, 4199, 1050, 7494, 3748, 1641, 5083, 1364, 3115, 1135, 542, 3702, 3577, 5824, 3186, 582, 2697, 7736, 2358, 7240, 9709, 182, 4205, 1115, 1473, 483, 1273, 6651, 6625, 4018, 9666, 4727, 283, 7178, 478, 3902]
[3951, 741, 898, 9675, 6530, 9906, 2698, 3879, 2658, 9513, 4498, 8785, 4238, 8003, 3460, 443, 2535, 3146, 4086, 8091, 7235, 3808, 9764, 1941, 6024, 9904, 6087, 324, 1782, 9634, 4433, 5678, 5201, 4657, 1999, 3381, 8, 3769, 515, 4065, 2507, 1469, 1823, 7249, 3750, 3785, 2429, 3559, 1436, 6575, 59, 3033, 1356, 9700, 2237, 8435, 1855, 7921, 2946, 9016, 4808, 6563, 1091, 8444, 5644, 4199, 1050, 7494, 3748, 1641, 5083, 1364, 3115, 1135, 542, 3702, 3577, 5824, 3186, 582, 2697, 7736, 2358, 7240, 9709, 182, 4205, 1115, 1473, 483, 1273, 6651, 6625, 4018, 9666, 4727, 283, 7178, 478, 3902]
[3951, 741, 898, 9675, 6530, 9906, 2698, 3879, 2658, 9513, 4498, 8785, 4238, 8003, 3460, 443, 2535, 3146, 4086, 8091, 7235, 3808, 9764, 1941, 6024, 9904, 6087, 324, 1782, 9634, 4433, 5678, 5201, 4657, 1999, 3381, 8, 3769, 515, 4065, 2507, 1469, 1823, 7249, 3750, 3785, 2429, 3559, 1436, 6575, 59, 3033, 1356, 9700, 2237, 8435, 1855, 7921, 2946, 9016, 4808, 6563, 1091, 8444, 5644, 4199, 1050, 7494, 3748, 1641, 5083, 1364, 3115, 1135, 542, 3702, 3577, 5824, 3186, 582, 2697, 7736, 2358, 7240, 9709, 182, 4205, 1115, 1473, 483, 1273, 6651, 6625, 4018, 9666, 4727, 283, 7178, 478, 3902]
[3951, 741, 898, 9675, 6530, 9906, 2698, 3879, 2658, 9513, 4498, 8785, 4238, 8003, 3460, 443, 2535, 3146, 4086, 8091, 7235, 3808, 9764, 1941, 6024, 9904, 6087, 324, 1782, 9634, 4433, 5678, 5201, 4657, 1999, 3381, 8, 3769, 515, 4065, 2507, 1469, 1823, 7249, 3750, 3785, 2429, 3559, 1436, 6575, 59, 3033, 1356, 9700, 2237, 8435, 1855, 7921, 2946, 9016, 4808, 6563, 1091, 8444, 5644, 4199, 1050, 7494, 3748, 1641, 5083, 1364, 3115, 1135, 542, 3702, 3577, 5824, 3186, 582, 2697, 7736, 2358, 7240, 9709, 182, 4205, 1115, 1473, 483, 1273, 6651, 6625, 4018, 9666, 4727, 283, 7178, 478, 3902]
[3951, 741, 898, 9675, 6530, 9906, 2698, 3879, 2658, 9513, 4498, 8785, 4238, 8003, 3460, 443, 2535, 3146, 4086, 8091, 7235, 3808, 9764, 1941, 6024, 9904, 6087, 324, 1782, 9634, 4433, 5678, 5201, 4657, 1999, 3381, 8, 3769, 515, 4065, 2507, 1469, 1823, 7249, 3750, 3785, 2429, 3559, 1436, 6575, 59, 3033, 1356, 9700, 2237, 8435, 1855, 7921, 2946, 9016, 4808, 6563, 1091, 8444, 5644, 4199, 1050, 7494, 3748, 1641, 5083, 1364, 3115, 1135, 542, 3702, 3577, 5824, 3186, 582, 2697, 7736, 2358, 7240, 9709, 182, 4205, 1115, 1473, 483, 1273, 6651, 6625, 4018, 9666, 4727, 283, 7178, 478, 3902]
[3951, 741, 898, 9675, 6530, 9906, 2698, 3879, 2658, 9513, 4498, 8785, 4238, 8003, 3460, 443, 2535, 3146, 4086, 8091, 7235, 3808, 9764, 1941, 6024, 9904, 6087, 324, 1782, 9634, 4433, 5678, 5201, 4657, 1999, 3381, 8, 3769, 515, 4065, 2507, 1469, 1823, 7249, 3750, 3785, 2429, 3559, 1436, 6575, 59, 3033, 1356, 9700, 2237, 8435, 1855, 7921, 2946, 9016, 4808, 6563, 1091, 8444, 5644, 4199, 1050, 7494, 3748, 1641, 5083, 1364, 3115, 1135, 542, 3702, 3577, 5824, 3186, 582, 2697, 7736, 2358, 7240, 9709, 182, 4205, 1115, 1473, 483, 1273, 6651, 6625, 4018, 9666, 4727, 283, 7178, 478, 3902]
[3951, 741, 898, 9675, 6530, 9906, 2698, 3879, 2658, 9513, 4498, 8785, 4238, 8003, 3460, 443, 2535, 3146, 4086, 8091, 7235, 3808, 9764, 1941, 6024, 9904, 6087, 324, 1782, 9634, 4433, 5678, 5201, 4657, 1999, 3381, 8, 3769, 515, 4065, 2507, 1469, 1823, 7249, 3750, 3785, 2429, 3559, 1436, 6575, 59, 3033, 1356, 9700, 2237, 8435, 1855, 7921, 2946, 9016, 4808, 6563, 1091, 8444, 5644, 4199, 1050, 7494, 3748, 1641, 5083, 1364, 3115, 1135, 542, 3702, 3577, 5824, 3186, 582, 2697, 7736, 2358, 7240, 9709, 182, 4205, 1115, 1473, 483, 1273, 6651, 6625, 4018, 9666, 4727, 283, 7178, 478, 3902]
[3951, 741, 898, 9675, 6530, 9906, 2698, 3879, 2658, 9513, 4498, 8785, 4238, 8003, 3460, 443, 2535, 3146, 4086, 8091, 7235, 3808, 9764, 1941, 6024, 9904, 6087, 324, 1782, 9634, 4433, 5678, 5201, 4657, 1999, 3381, 8, 3769, 515, 4065, 2507, 1469, 1823, 7249, 3750, 3785, 2429, 3559, 1436, 6575, 59, 3033, 1356, 9700, 2237, 8435, 1855, 7921, 2946, 9016, 4808, 6563, 1091, 8444, 5644, 4199, 1050, 7494, 3748, 1641, 5083, 1364, 3115, 1135, 542, 3702, 3577, 5824, 3186, 582, 2697, 7736, 2358, 7240, 9709, 182, 4205, 1115, 1473, 483, 1273, 6651, 6625, 4018, 9666, 4727, 283, 7178, 478, 3902]
[3951, 741, 898, 9675, 6530, 9906, 2698, 3879, 2658, 9513, 4498, 8785, 4238, 8003, 3460, 443, 2535, 3146, 4086, 8091, 7235, 3808, 9764, 1941, 6024, 9904, 6087, 324, 1782, 9634, 4433, 5678, 5201, 4657, 1999, 3381, 8, 3769, 515, 4065, 2507, 1469, 1823, 7249, 3750, 3785, 2429, 3559, 1436, 6575, 59, 3033, 1356, 9700, 2237, 8435, 1855, 7921, 2946, 9016, 4808, 6563, 1091, 8444, 5644, 4199, 1050, 7494, 3748, 1641, 5083, 1364, 3115, 1135, 542, 3702, 3577, 5824, 3186, 582, 2697, 7736, 2358, 7240, 9709, 182, 4205, 1115, 1473, 483, 1273, 6651, 6625, 4018, 9666, 4727, 283, 7178, 478, 3902]
