Fault List:
67
67
67
67
67
67
67
67
67
67
67
67
67
67
67
67
67
67
67
67
67
67
67
67
67
67
67
67
67
67
FDR List:
0.788235294117647
0.788235294117647
0.788235294117647
0.788235294117647
0.788235294117647
0.788235294117647
0.788235294117647
0.788235294117647
0.788235294117647
0.788235294117647
0.788235294117647
0.788235294117647
0.788235294117647
0.788235294117647
0.788235294117647
0.788235294117647
0.788235294117647
0.788235294117647
0.788235294117647
0.788235294117647
0.788235294117647
0.788235294117647
0.788235294117647
0.788235294117647
0.788235294117647
0.788235294117647
0.788235294117647
0.788235294117647
0.788235294117647
0.788235294117647
Time List:
7.770893096923828
9.241659164428711
9.210564136505127
8.507529020309448
8.161767959594727
8.523845911026001
7.017408847808838
6.619913816452026
7.31824803352356
8.295185089111328
7.724465847015381
6.634766101837158
6.279809951782227
6.783731937408447
7.025628328323364
7.931243896484375
6.346368074417114
6.376128196716309
6.708858966827393
6.449400186538696
6.381407976150513
7.183197975158691
6.246026039123535
7.261775016784668
6.473959922790527
7.516064643859863
6.398403644561768
6.371423006057739
6.394134998321533
6.040852785110474
Subset List:
[195, 2305, 9858, 3795, 165, 9677, 7870, 6035, 5269, 3976, 9891, 5824, 3598, 7671, 7332, 619, 317, 922, 582, 8288, 2369, 7248, 738, 8246, 6560, 1857, 6741, 2794, 9666, 9612, 751, 1948, 4154, 3150, 268, 5957, 8061, 4369, 9743, 1157, 2556, 8327, 1091, 245, 1198, 1772, 6905, 4065, 2011, 5308, 3806, 5261, 2433, 3681, 7876, 2905, 8091, 4761, 6883, 6722, 3893, 4690, 6570, 9553, 1640, 301, 7454, 8353, 6692, 9883, 4755, 4454, 7210, 9652, 3117, 3749, 325, 1078, 4293, 3580, 2668, 6109, 104, 4814, 6813, 3364, 1050, 9194, 6561, 3820, 2834, 2125, 4314, 7850, 7448, 9479, 2229, 66, 1209, 159, 6093, 6742, 8272, 3106, 2009, 689, 1607, 7945, 4317, 3723, 6651, 3295, 3525, 3725, 4785, 930, 2670, 2430, 1023, 2348, 9783, 1782, 290, 5083, 2180, 6080, 456, 4487, 5143, 7498, 9182, 5173, 9691, 4808, 3133, 4433, 4681, 4440, 3336, 1344, 3365, 6872, 3166, 3771, 9211, 2052, 6625, 2534, 7490, 3170, 5288, 9892, 1317, 6662, 515, 795, 6564, 171, 2082, 1328, 730, 4657, 9046, 846, 4820, 6021, 5890, 3062, 5135, 9922, 2144, 9634, 5105, 610, 9141, 7241, 1775, 6161, 3103, 1938, 1128, 1494, 1289, 1901, 2131, 4007, 4575, 9538, 1096, 9013, 827, 4669, 674, 9045, 9746, 2560, 1878, 2770, 4997, 8444, 9035, 421, 9427, 1159, 7459, 6769, 7952, 991, 4966, 9856, 2635, 4860, 4187, 4727, 3836, 1152, 4948, 8889, 9447, 998, 7349, 488, 6391, 8279, 1266, 7262, 96, 5735, 478, 6573, 4131, 1072, 6894, 3726, 6627, 553, 3448, 3108, 9826, 550, 4640, 2507, 960, 4967, 4658, 2659, 1663, 2109, 7216, 6538, 460, 571, 6027, 7473, 7153, 1642, 1117, 7436, 3705, 7434, 8107, 6603, 2263, 3186, 8276, 2488, 3975, 8472, 344, 3263, 9814, 7049, 243, 8020, 3436, 1362, 3189, 3691, 2149, 1079, 3218, 9513, 2351, 2192, 7823, 2028, 2374, 4215, 6730, 3604, 4504, 8183, 9017, 1298, 4415, 2291, 9071, 3167, 5262, 6694, 3599, 133, 7777, 3078, 4541, 1823, 7917, 3785, 9736, 9709, 3511, 4798, 5923, 5360, 7249, 2047, 4419, 1581, 4356, 4699, 3710, 6681, 1856, 1611, 6889, 6926, 4368, 2339, 9203, 7724, 1571, 2099, 577, 7233, 5038, 7915, 7689, 6243, 4018, 8322, 1874, 9926, 7259, 3205, 5046, 3093, 3503, 2690, 9713, 2063, 5176, 3848, 1383, 5955, 4031, 7472, 2394, 8182, 791, 3698, 499, 167, 618, 6668, 3921, 9417, 6460, 2658, 1941, 2200, 6756, 5887, 6613, 213, 381, 1363, 1121, 7220, 9975, 1204, 511, 1886, 432, 4327, 2297, 1641, 1062, 1192, 952, 3534, 4968, 1469, 2404, 187, 8115, 1701, 2419, 943, 9780, 951, 4735, 4827, 4505, 2183, 4552, 4721, 9698, 3139, 9522, 829, 1965, 8316, 3952, 2930, 9912, 5986, 1981, 2552, 9733, 741, 114, 3776, 3441, 3193, 3262, 6517, 486, 6592, 9904, 3702, 7718, 1357, 3519, 4679, 2689, 613, 5209, 1263, 4228, 6558, 9596, 1722, 6791, 1229, 3456, 3202, 4922, 9649, 4238, 3422, 9773, 4748, 4954, 2636, 3685, 6303, 495, 2386, 6645, 1077, 3629, 3739, 7186, 7235, 1391, 1125, 6721, 1718, 7451, 7445, 7822, 3772, 3476, 5457, 2589, 4246, 2877, 1903, 1727, 2508, 1314, 3550, 2162, 6004, 7982, 3762, 341, 8156, 1315, 2464, 6056, 8198, 876, 2110, 4500, 9731, 4548, 2532, 6043, 4746]
[195, 2305, 9858, 3795, 165, 9677, 7870, 6035, 5269, 3976, 9891, 5824, 3598, 7671, 7332, 619, 317, 922, 582, 8288, 2369, 7248, 738, 8246, 6560, 1857, 6741, 2794, 9666, 9612, 751, 1948, 4154, 3150, 268, 5957, 8061, 4369, 9743, 1157, 2556, 8327, 1091, 245, 1198, 1772, 6905, 4065, 2011, 5308, 3806, 5261, 2433, 3681, 7876, 2905, 8091, 4761, 6883, 6722, 3893, 4690, 6570, 9553, 1640, 301, 7454, 8353, 6692, 9883, 4755, 4454, 7210, 9652, 3117, 3749, 325, 1078, 4293, 3580, 2668, 6109, 104, 4814, 6813, 3364, 1050, 9194, 6561, 3820, 2834, 2125, 4314, 7850, 7448, 9479, 2229, 66, 1209, 159, 6093, 6742, 8272, 3106, 2009, 689, 1607, 7945, 4317, 3723, 6651, 3295, 3525, 3725, 4785, 930, 2670, 2430, 1023, 2348, 9783, 1782, 290, 5083, 2180, 6080, 456, 4487, 5143, 7498, 9182, 5173, 9691, 4808, 3133, 4433, 4681, 4440, 3336, 1344, 3365, 6872, 3166, 3771, 9211, 2052, 6625, 2534, 7490, 3170, 5288, 9892, 1317, 6662, 515, 795, 6564, 171, 2082, 1328, 730, 4657, 9046, 846, 4820, 6021, 5890, 3062, 5135, 9922, 2144, 9634, 5105, 610, 9141, 7241, 1775, 6161, 3103, 1938, 1128, 1494, 1289, 1901, 2131, 4007, 4575, 9538, 1096, 9013, 827, 4669, 674, 9045, 9746, 2560, 1878, 2770, 4997, 8444, 9035, 421, 9427, 1159, 7459, 6769, 7952, 991, 4966, 9856, 2635, 4860, 4187, 4727, 3836, 1152, 4948, 8889, 9447, 998, 7349, 488, 6391, 8279, 1266, 7262, 96, 5735, 478, 6573, 4131, 1072, 6894, 3726, 6627, 553, 3448, 3108, 9826, 550, 4640, 2507, 960, 4967, 4658, 2659, 1663, 2109, 7216, 6538, 460, 571, 6027, 7473, 7153, 1642, 1117, 7436, 3705, 7434, 8107, 6603, 2263, 3186, 8276, 2488, 3975, 8472, 344, 3263, 9814, 7049, 243, 8020, 3436, 1362, 3189, 3691, 2149, 1079, 3218, 9513, 2351, 2192, 7823, 2028, 2374, 4215, 6730, 3604, 4504, 8183, 9017, 1298, 4415, 2291, 9071, 3167, 5262, 6694, 3599, 133, 7777, 3078, 4541, 1823, 7917, 3785, 9736, 9709, 3511, 4798, 5923, 5360, 7249, 2047, 4419, 1581, 4356, 4699, 3710, 6681, 1856, 1611, 6889, 6926, 4368, 2339, 9203, 7724, 1571, 2099, 577, 7233, 5038, 7915, 7689, 6243, 4018, 8322, 1874, 9926, 7259, 3205, 5046, 3093, 3503, 2690, 9713, 2063, 5176, 3848, 1383, 5955, 4031, 7472, 2394, 8182, 791, 3698, 499, 167, 618, 6668, 3921, 9417, 6460, 2658, 1941, 2200, 6756, 5887, 6613, 213, 381, 1363, 1121, 7220, 9975, 1204, 511, 1886, 432, 4327, 2297, 1641, 1062, 1192, 952, 3534, 4968, 1469, 2404, 187, 8115, 1701, 2419, 943, 9780, 951, 4735, 4827, 4505, 2183, 4552, 4721, 9698, 3139, 9522, 829, 1965, 8316, 3952, 2930, 9912, 5986, 1981, 2552, 9733, 741, 114, 3776, 3441, 3193, 3262, 6517, 486, 6592, 9904, 3702, 7718, 1357, 3519, 4679, 2689, 613, 5209, 1263, 4228, 6558, 9596, 1722, 6791, 1229, 3456, 3202, 4922, 9649, 4238, 3422, 9773, 4748, 4954, 2636, 3685, 6303, 495, 2386, 6645, 1077, 3629, 3739, 7186, 7235, 1391, 1125, 6721, 1718, 7451, 7445, 7822, 3772, 3476, 5457, 2589, 4246, 2877, 1903, 1727, 2508, 1314, 3550, 2162, 6004, 7982, 3762, 341, 8156, 1315, 2464, 6056, 8198, 876, 2110, 4500, 9731, 4548, 2532, 6043, 4746]
[195, 2305, 9858, 3795, 165, 9677, 7870, 6035, 5269, 3976, 9891, 5824, 3598, 7671, 7332, 619, 317, 922, 582, 8288, 2369, 7248, 738, 8246, 6560, 1857, 6741, 2794, 9666, 9612, 751, 1948, 4154, 3150, 268, 5957, 8061, 4369, 9743, 1157, 2556, 8327, 1091, 245, 1198, 1772, 6905, 4065, 2011, 5308, 3806, 5261, 2433, 3681, 7876, 2905, 8091, 4761, 6883, 6722, 3893, 4690, 6570, 9553, 1640, 301, 7454, 8353, 6692, 9883, 4755, 4454, 7210, 9652, 3117, 3749, 325, 1078, 4293, 3580, 2668, 6109, 104, 4814, 6813, 3364, 1050, 9194, 6561, 3820, 2834, 2125, 4314, 7850, 7448, 9479, 2229, 66, 1209, 159, 6093, 6742, 8272, 3106, 2009, 689, 1607, 7945, 4317, 3723, 6651, 3295, 3525, 3725, 4785, 930, 2670, 2430, 1023, 2348, 9783, 1782, 290, 5083, 2180, 6080, 456, 4487, 5143, 7498, 9182, 5173, 9691, 4808, 3133, 4433, 4681, 4440, 3336, 1344, 3365, 6872, 3166, 3771, 9211, 2052, 6625, 2534, 7490, 3170, 5288, 9892, 1317, 6662, 515, 795, 6564, 171, 2082, 1328, 730, 4657, 9046, 846, 4820, 6021, 5890, 3062, 5135, 9922, 2144, 9634, 5105, 610, 9141, 7241, 1775, 6161, 3103, 1938, 1128, 1494, 1289, 1901, 2131, 4007, 4575, 9538, 1096, 9013, 827, 4669, 674, 9045, 9746, 2560, 1878, 2770, 4997, 8444, 9035, 421, 9427, 1159, 7459, 6769, 7952, 991, 4966, 9856, 2635, 4860, 4187, 4727, 3836, 1152, 4948, 8889, 9447, 998, 7349, 488, 6391, 8279, 1266, 7262, 96, 5735, 478, 6573, 4131, 1072, 6894, 3726, 6627, 553, 3448, 3108, 9826, 550, 4640, 2507, 960, 4967, 4658, 2659, 1663, 2109, 7216, 6538, 460, 571, 6027, 7473, 7153, 1642, 1117, 7436, 3705, 7434, 8107, 6603, 2263, 3186, 8276, 2488, 3975, 8472, 344, 3263, 9814, 7049, 243, 8020, 3436, 1362, 3189, 3691, 2149, 1079, 3218, 9513, 2351, 2192, 7823, 2028, 2374, 4215, 6730, 3604, 4504, 8183, 9017, 1298, 4415, 2291, 9071, 3167, 5262, 6694, 3599, 133, 7777, 3078, 4541, 1823, 7917, 3785, 9736, 9709, 3511, 4798, 5923, 5360, 7249, 2047, 4419, 1581, 4356, 4699, 3710, 6681, 1856, 1611, 6889, 6926, 4368, 2339, 9203, 7724, 1571, 2099, 577, 7233, 5038, 7915, 7689, 6243, 4018, 8322, 1874, 9926, 7259, 3205, 5046, 3093, 3503, 2690, 9713, 2063, 5176, 3848, 1383, 5955, 4031, 7472, 2394, 8182, 791, 3698, 499, 167, 618, 6668, 3921, 9417, 6460, 2658, 1941, 2200, 6756, 5887, 6613, 213, 381, 1363, 1121, 7220, 9975, 1204, 511, 1886, 432, 4327, 2297, 1641, 1062, 1192, 952, 3534, 4968, 1469, 2404, 187, 8115, 1701, 2419, 943, 9780, 951, 4735, 4827, 4505, 2183, 4552, 4721, 9698, 3139, 9522, 829, 1965, 8316, 3952, 2930, 9912, 5986, 1981, 2552, 9733, 741, 114, 3776, 3441, 3193, 3262, 6517, 486, 6592, 9904, 3702, 7718, 1357, 3519, 4679, 2689, 613, 5209, 1263, 4228, 6558, 9596, 1722, 6791, 1229, 3456, 3202, 4922, 9649, 4238, 3422, 9773, 4748, 4954, 2636, 3685, 6303, 495, 2386, 6645, 1077, 3629, 3739, 7186, 7235, 1391, 1125, 6721, 1718, 7451, 7445, 7822, 3772, 3476, 5457, 2589, 4246, 2877, 1903, 1727, 2508, 1314, 3550, 2162, 6004, 7982, 3762, 341, 8156, 1315, 2464, 6056, 8198, 876, 2110, 4500, 9731, 4548, 2532, 6043, 4746]
[195, 2305, 9858, 3795, 165, 9677, 7870, 6035, 5269, 3976, 9891, 5824, 3598, 7671, 7332, 619, 317, 922, 582, 8288, 2369, 7248, 738, 8246, 6560, 1857, 6741, 2794, 9666, 9612, 751, 1948, 4154, 3150, 268, 5957, 8061, 4369, 9743, 1157, 2556, 8327, 1091, 245, 1198, 1772, 6905, 4065, 2011, 5308, 3806, 5261, 2433, 3681, 7876, 2905, 8091, 4761, 6883, 6722, 3893, 4690, 6570, 9553, 1640, 301, 7454, 8353, 6692, 9883, 4755, 4454, 7210, 9652, 3117, 3749, 325, 1078, 4293, 3580, 2668, 6109, 104, 4814, 6813, 3364, 1050, 9194, 6561, 3820, 2834, 2125, 4314, 7850, 7448, 9479, 2229, 66, 1209, 159, 6093, 6742, 8272, 3106, 2009, 689, 1607, 7945, 4317, 3723, 6651, 3295, 3525, 3725, 4785, 930, 2670, 2430, 1023, 2348, 9783, 1782, 290, 5083, 2180, 6080, 456, 4487, 5143, 7498, 9182, 5173, 9691, 4808, 3133, 4433, 4681, 4440, 3336, 1344, 3365, 6872, 3166, 3771, 9211, 2052, 6625, 2534, 7490, 3170, 5288, 9892, 1317, 6662, 515, 795, 6564, 171, 2082, 1328, 730, 4657, 9046, 846, 4820, 6021, 5890, 3062, 5135, 9922, 2144, 9634, 5105, 610, 9141, 7241, 1775, 6161, 3103, 1938, 1128, 1494, 1289, 1901, 2131, 4007, 4575, 9538, 1096, 9013, 827, 4669, 674, 9045, 9746, 2560, 1878, 2770, 4997, 8444, 9035, 421, 9427, 1159, 7459, 6769, 7952, 991, 4966, 9856, 2635, 4860, 4187, 4727, 3836, 1152, 4948, 8889, 9447, 998, 7349, 488, 6391, 8279, 1266, 7262, 96, 5735, 478, 6573, 4131, 1072, 6894, 3726, 6627, 553, 3448, 3108, 9826, 550, 4640, 2507, 960, 4967, 4658, 2659, 1663, 2109, 7216, 6538, 460, 571, 6027, 7473, 7153, 1642, 1117, 7436, 3705, 7434, 8107, 6603, 2263, 3186, 8276, 2488, 3975, 8472, 344, 3263, 9814, 7049, 243, 8020, 3436, 1362, 3189, 3691, 2149, 1079, 3218, 9513, 2351, 2192, 7823, 2028, 2374, 4215, 6730, 3604, 4504, 8183, 9017, 1298, 4415, 2291, 9071, 3167, 5262, 6694, 3599, 133, 7777, 3078, 4541, 1823, 7917, 3785, 9736, 9709, 3511, 4798, 5923, 5360, 7249, 2047, 4419, 1581, 4356, 4699, 3710, 6681, 1856, 1611, 6889, 6926, 4368, 2339, 9203, 7724, 1571, 2099, 577, 7233, 5038, 7915, 7689, 6243, 4018, 8322, 1874, 9926, 7259, 3205, 5046, 3093, 3503, 2690, 9713, 2063, 5176, 3848, 1383, 5955, 4031, 7472, 2394, 8182, 791, 3698, 499, 167, 618, 6668, 3921, 9417, 6460, 2658, 1941, 2200, 6756, 5887, 6613, 213, 381, 1363, 1121, 7220, 9975, 1204, 511, 1886, 432, 4327, 2297, 1641, 1062, 1192, 952, 3534, 4968, 1469, 2404, 187, 8115, 1701, 2419, 943, 9780, 951, 4735, 4827, 4505, 2183, 4552, 4721, 9698, 3139, 9522, 829, 1965, 8316, 3952, 2930, 9912, 5986, 1981, 2552, 9733, 741, 114, 3776, 3441, 3193, 3262, 6517, 486, 6592, 9904, 3702, 7718, 1357, 3519, 4679, 2689, 613, 5209, 1263, 4228, 6558, 9596, 1722, 6791, 1229, 3456, 3202, 4922, 9649, 4238, 3422, 9773, 4748, 4954, 2636, 3685, 6303, 495, 2386, 6645, 1077, 3629, 3739, 7186, 7235, 1391, 1125, 6721, 1718, 7451, 7445, 7822, 3772, 3476, 5457, 2589, 4246, 2877, 1903, 1727, 2508, 1314, 3550, 2162, 6004, 7982, 3762, 341, 8156, 1315, 2464, 6056, 8198, 876, 2110, 4500, 9731, 4548, 2532, 6043, 4746]
[195, 2305, 9858, 3795, 165, 9677, 7870, 6035, 5269, 3976, 9891, 5824, 3598, 7671, 7332, 619, 317, 922, 582, 8288, 2369, 7248, 738, 8246, 6560, 1857, 6741, 2794, 9666, 9612, 751, 1948, 4154, 3150, 268, 5957, 8061, 4369, 9743, 1157, 2556, 8327, 1091, 245, 1198, 1772, 6905, 4065, 2011, 5308, 3806, 5261, 2433, 3681, 7876, 2905, 8091, 4761, 6883, 6722, 3893, 4690, 6570, 9553, 1640, 301, 7454, 8353, 6692, 9883, 4755, 4454, 7210, 9652, 3117, 3749, 325, 1078, 4293, 3580, 2668, 6109, 104, 4814, 6813, 3364, 1050, 9194, 6561, 3820, 2834, 2125, 4314, 7850, 7448, 9479, 2229, 66, 1209, 159, 6093, 6742, 8272, 3106, 2009, 689, 1607, 7945, 4317, 3723, 6651, 3295, 3525, 3725, 4785, 930, 2670, 2430, 1023, 2348, 9783, 1782, 290, 5083, 2180, 6080, 456, 4487, 5143, 7498, 9182, 5173, 9691, 4808, 3133, 4433, 4681, 4440, 3336, 1344, 3365, 6872, 3166, 3771, 9211, 2052, 6625, 2534, 7490, 3170, 5288, 9892, 1317, 6662, 515, 795, 6564, 171, 2082, 1328, 730, 4657, 9046, 846, 4820, 6021, 5890, 3062, 5135, 9922, 2144, 9634, 5105, 610, 9141, 7241, 1775, 6161, 3103, 1938, 1128, 1494, 1289, 1901, 2131, 4007, 4575, 9538, 1096, 9013, 827, 4669, 674, 9045, 9746, 2560, 1878, 2770, 4997, 8444, 9035, 421, 9427, 1159, 7459, 6769, 7952, 991, 4966, 9856, 2635, 4860, 4187, 4727, 3836, 1152, 4948, 8889, 9447, 998, 7349, 488, 6391, 8279, 1266, 7262, 96, 5735, 478, 6573, 4131, 1072, 6894, 3726, 6627, 553, 3448, 3108, 9826, 550, 4640, 2507, 960, 4967, 4658, 2659, 1663, 2109, 7216, 6538, 460, 571, 6027, 7473, 7153, 1642, 1117, 7436, 3705, 7434, 8107, 6603, 2263, 3186, 8276, 2488, 3975, 8472, 344, 3263, 9814, 7049, 243, 8020, 3436, 1362, 3189, 3691, 2149, 1079, 3218, 9513, 2351, 2192, 7823, 2028, 2374, 4215, 6730, 3604, 4504, 8183, 9017, 1298, 4415, 2291, 9071, 3167, 5262, 6694, 3599, 133, 7777, 3078, 4541, 1823, 7917, 3785, 9736, 9709, 3511, 4798, 5923, 5360, 7249, 2047, 4419, 1581, 4356, 4699, 3710, 6681, 1856, 1611, 6889, 6926, 4368, 2339, 9203, 7724, 1571, 2099, 577, 7233, 5038, 7915, 7689, 6243, 4018, 8322, 1874, 9926, 7259, 3205, 5046, 3093, 3503, 2690, 9713, 2063, 5176, 3848, 1383, 5955, 4031, 7472, 2394, 8182, 791, 3698, 499, 167, 618, 6668, 3921, 9417, 6460, 2658, 1941, 2200, 6756, 5887, 6613, 213, 381, 1363, 1121, 7220, 9975, 1204, 511, 1886, 432, 4327, 2297, 1641, 1062, 1192, 952, 3534, 4968, 1469, 2404, 187, 8115, 1701, 2419, 943, 9780, 951, 4735, 4827, 4505, 2183, 4552, 4721, 9698, 3139, 9522, 829, 1965, 8316, 3952, 2930, 9912, 5986, 1981, 2552, 9733, 741, 114, 3776, 3441, 3193, 3262, 6517, 486, 6592, 9904, 3702, 7718, 1357, 3519, 4679, 2689, 613, 5209, 1263, 4228, 6558, 9596, 1722, 6791, 1229, 3456, 3202, 4922, 9649, 4238, 3422, 9773, 4748, 4954, 2636, 3685, 6303, 495, 2386, 6645, 1077, 3629, 3739, 7186, 7235, 1391, 1125, 6721, 1718, 7451, 7445, 7822, 3772, 3476, 5457, 2589, 4246, 2877, 1903, 1727, 2508, 1314, 3550, 2162, 6004, 7982, 3762, 341, 8156, 1315, 2464, 6056, 8198, 876, 2110, 4500, 9731, 4548, 2532, 6043, 4746]
[195, 2305, 9858, 3795, 165, 9677, 7870, 6035, 5269, 3976, 9891, 5824, 3598, 7671, 7332, 619, 317, 922, 582, 8288, 2369, 7248, 738, 8246, 6560, 1857, 6741, 2794, 9666, 9612, 751, 1948, 4154, 3150, 268, 5957, 8061, 4369, 9743, 1157, 2556, 8327, 1091, 245, 1198, 1772, 6905, 4065, 2011, 5308, 3806, 5261, 2433, 3681, 7876, 2905, 8091, 4761, 6883, 6722, 3893, 4690, 6570, 9553, 1640, 301, 7454, 8353, 6692, 9883, 4755, 4454, 7210, 9652, 3117, 3749, 325, 1078, 4293, 3580, 2668, 6109, 104, 4814, 6813, 3364, 1050, 9194, 6561, 3820, 2834, 2125, 4314, 7850, 7448, 9479, 2229, 66, 1209, 159, 6093, 6742, 8272, 3106, 2009, 689, 1607, 7945, 4317, 3723, 6651, 3295, 3525, 3725, 4785, 930, 2670, 2430, 1023, 2348, 9783, 1782, 290, 5083, 2180, 6080, 456, 4487, 5143, 7498, 9182, 5173, 9691, 4808, 3133, 4433, 4681, 4440, 3336, 1344, 3365, 6872, 3166, 3771, 9211, 2052, 6625, 2534, 7490, 3170, 5288, 9892, 1317, 6662, 515, 795, 6564, 171, 2082, 1328, 730, 4657, 9046, 846, 4820, 6021, 5890, 3062, 5135, 9922, 2144, 9634, 5105, 610, 9141, 7241, 1775, 6161, 3103, 1938, 1128, 1494, 1289, 1901, 2131, 4007, 4575, 9538, 1096, 9013, 827, 4669, 674, 9045, 9746, 2560, 1878, 2770, 4997, 8444, 9035, 421, 9427, 1159, 7459, 6769, 7952, 991, 4966, 9856, 2635, 4860, 4187, 4727, 3836, 1152, 4948, 8889, 9447, 998, 7349, 488, 6391, 8279, 1266, 7262, 96, 5735, 478, 6573, 4131, 1072, 6894, 3726, 6627, 553, 3448, 3108, 9826, 550, 4640, 2507, 960, 4967, 4658, 2659, 1663, 2109, 7216, 6538, 460, 571, 6027, 7473, 7153, 1642, 1117, 7436, 3705, 7434, 8107, 6603, 2263, 3186, 8276, 2488, 3975, 8472, 344, 3263, 9814, 7049, 243, 8020, 3436, 1362, 3189, 3691, 2149, 1079, 3218, 9513, 2351, 2192, 7823, 2028, 2374, 4215, 6730, 3604, 4504, 8183, 9017, 1298, 4415, 2291, 9071, 3167, 5262, 6694, 3599, 133, 7777, 3078, 4541, 1823, 7917, 3785, 9736, 9709, 3511, 4798, 5923, 5360, 7249, 2047, 4419, 1581, 4356, 4699, 3710, 6681, 1856, 1611, 6889, 6926, 4368, 2339, 9203, 7724, 1571, 2099, 577, 7233, 5038, 7915, 7689, 6243, 4018, 8322, 1874, 9926, 7259, 3205, 5046, 3093, 3503, 2690, 9713, 2063, 5176, 3848, 1383, 5955, 4031, 7472, 2394, 8182, 791, 3698, 499, 167, 618, 6668, 3921, 9417, 6460, 2658, 1941, 2200, 6756, 5887, 6613, 213, 381, 1363, 1121, 7220, 9975, 1204, 511, 1886, 432, 4327, 2297, 1641, 1062, 1192, 952, 3534, 4968, 1469, 2404, 187, 8115, 1701, 2419, 943, 9780, 951, 4735, 4827, 4505, 2183, 4552, 4721, 9698, 3139, 9522, 829, 1965, 8316, 3952, 2930, 9912, 5986, 1981, 2552, 9733, 741, 114, 3776, 3441, 3193, 3262, 6517, 486, 6592, 9904, 3702, 7718, 1357, 3519, 4679, 2689, 613, 5209, 1263, 4228, 6558, 9596, 1722, 6791, 1229, 3456, 3202, 4922, 9649, 4238, 3422, 9773, 4748, 4954, 2636, 3685, 6303, 495, 2386, 6645, 1077, 3629, 3739, 7186, 7235, 1391, 1125, 6721, 1718, 7451, 7445, 7822, 3772, 3476, 5457, 2589, 4246, 2877, 1903, 1727, 2508, 1314, 3550, 2162, 6004, 7982, 3762, 341, 8156, 1315, 2464, 6056, 8198, 876, 2110, 4500, 9731, 4548, 2532, 6043, 4746]
[195, 2305, 9858, 3795, 165, 9677, 7870, 6035, 5269, 3976, 9891, 5824, 3598, 7671, 7332, 619, 317, 922, 582, 8288, 2369, 7248, 738, 8246, 6560, 1857, 6741, 2794, 9666, 9612, 751, 1948, 4154, 3150, 268, 5957, 8061, 4369, 9743, 1157, 2556, 8327, 1091, 245, 1198, 1772, 6905, 4065, 2011, 5308, 3806, 5261, 2433, 3681, 7876, 2905, 8091, 4761, 6883, 6722, 3893, 4690, 6570, 9553, 1640, 301, 7454, 8353, 6692, 9883, 4755, 4454, 7210, 9652, 3117, 3749, 325, 1078, 4293, 3580, 2668, 6109, 104, 4814, 6813, 3364, 1050, 9194, 6561, 3820, 2834, 2125, 4314, 7850, 7448, 9479, 2229, 66, 1209, 159, 6093, 6742, 8272, 3106, 2009, 689, 1607, 7945, 4317, 3723, 6651, 3295, 3525, 3725, 4785, 930, 2670, 2430, 1023, 2348, 9783, 1782, 290, 5083, 2180, 6080, 456, 4487, 5143, 7498, 9182, 5173, 9691, 4808, 3133, 4433, 4681, 4440, 3336, 1344, 3365, 6872, 3166, 3771, 9211, 2052, 6625, 2534, 7490, 3170, 5288, 9892, 1317, 6662, 515, 795, 6564, 171, 2082, 1328, 730, 4657, 9046, 846, 4820, 6021, 5890, 3062, 5135, 9922, 2144, 9634, 5105, 610, 9141, 7241, 1775, 6161, 3103, 1938, 1128, 1494, 1289, 1901, 2131, 4007, 4575, 9538, 1096, 9013, 827, 4669, 674, 9045, 9746, 2560, 1878, 2770, 4997, 8444, 9035, 421, 9427, 1159, 7459, 6769, 7952, 991, 4966, 9856, 2635, 4860, 4187, 4727, 3836, 1152, 4948, 8889, 9447, 998, 7349, 488, 6391, 8279, 1266, 7262, 96, 5735, 478, 6573, 4131, 1072, 6894, 3726, 6627, 553, 3448, 3108, 9826, 550, 4640, 2507, 960, 4967, 4658, 2659, 1663, 2109, 7216, 6538, 460, 571, 6027, 7473, 7153, 1642, 1117, 7436, 3705, 7434, 8107, 6603, 2263, 3186, 8276, 2488, 3975, 8472, 344, 3263, 9814, 7049, 243, 8020, 3436, 1362, 3189, 3691, 2149, 1079, 3218, 9513, 2351, 2192, 7823, 2028, 2374, 4215, 6730, 3604, 4504, 8183, 9017, 1298, 4415, 2291, 9071, 3167, 5262, 6694, 3599, 133, 7777, 3078, 4541, 1823, 7917, 3785, 9736, 9709, 3511, 4798, 5923, 5360, 7249, 2047, 4419, 1581, 4356, 4699, 3710, 6681, 1856, 1611, 6889, 6926, 4368, 2339, 9203, 7724, 1571, 2099, 577, 7233, 5038, 7915, 7689, 6243, 4018, 8322, 1874, 9926, 7259, 3205, 5046, 3093, 3503, 2690, 9713, 2063, 5176, 3848, 1383, 5955, 4031, 7472, 2394, 8182, 791, 3698, 499, 167, 618, 6668, 3921, 9417, 6460, 2658, 1941, 2200, 6756, 5887, 6613, 213, 381, 1363, 1121, 7220, 9975, 1204, 511, 1886, 432, 4327, 2297, 1641, 1062, 1192, 952, 3534, 4968, 1469, 2404, 187, 8115, 1701, 2419, 943, 9780, 951, 4735, 4827, 4505, 2183, 4552, 4721, 9698, 3139, 9522, 829, 1965, 8316, 3952, 2930, 9912, 5986, 1981, 2552, 9733, 741, 114, 3776, 3441, 3193, 3262, 6517, 486, 6592, 9904, 3702, 7718, 1357, 3519, 4679, 2689, 613, 5209, 1263, 4228, 6558, 9596, 1722, 6791, 1229, 3456, 3202, 4922, 9649, 4238, 3422, 9773, 4748, 4954, 2636, 3685, 6303, 495, 2386, 6645, 1077, 3629, 3739, 7186, 7235, 1391, 1125, 6721, 1718, 7451, 7445, 7822, 3772, 3476, 5457, 2589, 4246, 2877, 1903, 1727, 2508, 1314, 3550, 2162, 6004, 7982, 3762, 341, 8156, 1315, 2464, 6056, 8198, 876, 2110, 4500, 9731, 4548, 2532, 6043, 4746]
[195, 2305, 9858, 3795, 165, 9677, 7870, 6035, 5269, 3976, 9891, 5824, 3598, 7671, 7332, 619, 317, 922, 582, 8288, 2369, 7248, 738, 8246, 6560, 1857, 6741, 2794, 9666, 9612, 751, 1948, 4154, 3150, 268, 5957, 8061, 4369, 9743, 1157, 2556, 8327, 1091, 245, 1198, 1772, 6905, 4065, 2011, 5308, 3806, 5261, 2433, 3681, 7876, 2905, 8091, 4761, 6883, 6722, 3893, 4690, 6570, 9553, 1640, 301, 7454, 8353, 6692, 9883, 4755, 4454, 7210, 9652, 3117, 3749, 325, 1078, 4293, 3580, 2668, 6109, 104, 4814, 6813, 3364, 1050, 9194, 6561, 3820, 2834, 2125, 4314, 7850, 7448, 9479, 2229, 66, 1209, 159, 6093, 6742, 8272, 3106, 2009, 689, 1607, 7945, 4317, 3723, 6651, 3295, 3525, 3725, 4785, 930, 2670, 2430, 1023, 2348, 9783, 1782, 290, 5083, 2180, 6080, 456, 4487, 5143, 7498, 9182, 5173, 9691, 4808, 3133, 4433, 4681, 4440, 3336, 1344, 3365, 6872, 3166, 3771, 9211, 2052, 6625, 2534, 7490, 3170, 5288, 9892, 1317, 6662, 515, 795, 6564, 171, 2082, 1328, 730, 4657, 9046, 846, 4820, 6021, 5890, 3062, 5135, 9922, 2144, 9634, 5105, 610, 9141, 7241, 1775, 6161, 3103, 1938, 1128, 1494, 1289, 1901, 2131, 4007, 4575, 9538, 1096, 9013, 827, 4669, 674, 9045, 9746, 2560, 1878, 2770, 4997, 8444, 9035, 421, 9427, 1159, 7459, 6769, 7952, 991, 4966, 9856, 2635, 4860, 4187, 4727, 3836, 1152, 4948, 8889, 9447, 998, 7349, 488, 6391, 8279, 1266, 7262, 96, 5735, 478, 6573, 4131, 1072, 6894, 3726, 6627, 553, 3448, 3108, 9826, 550, 4640, 2507, 960, 4967, 4658, 2659, 1663, 2109, 7216, 6538, 460, 571, 6027, 7473, 7153, 1642, 1117, 7436, 3705, 7434, 8107, 6603, 2263, 3186, 8276, 2488, 3975, 8472, 344, 3263, 9814, 7049, 243, 8020, 3436, 1362, 3189, 3691, 2149, 1079, 3218, 9513, 2351, 2192, 7823, 2028, 2374, 4215, 6730, 3604, 4504, 8183, 9017, 1298, 4415, 2291, 9071, 3167, 5262, 6694, 3599, 133, 7777, 3078, 4541, 1823, 7917, 3785, 9736, 9709, 3511, 4798, 5923, 5360, 7249, 2047, 4419, 1581, 4356, 4699, 3710, 6681, 1856, 1611, 6889, 6926, 4368, 2339, 9203, 7724, 1571, 2099, 577, 7233, 5038, 7915, 7689, 6243, 4018, 8322, 1874, 9926, 7259, 3205, 5046, 3093, 3503, 2690, 9713, 2063, 5176, 3848, 1383, 5955, 4031, 7472, 2394, 8182, 791, 3698, 499, 167, 618, 6668, 3921, 9417, 6460, 2658, 1941, 2200, 6756, 5887, 6613, 213, 381, 1363, 1121, 7220, 9975, 1204, 511, 1886, 432, 4327, 2297, 1641, 1062, 1192, 952, 3534, 4968, 1469, 2404, 187, 8115, 1701, 2419, 943, 9780, 951, 4735, 4827, 4505, 2183, 4552, 4721, 9698, 3139, 9522, 829, 1965, 8316, 3952, 2930, 9912, 5986, 1981, 2552, 9733, 741, 114, 3776, 3441, 3193, 3262, 6517, 486, 6592, 9904, 3702, 7718, 1357, 3519, 4679, 2689, 613, 5209, 1263, 4228, 6558, 9596, 1722, 6791, 1229, 3456, 3202, 4922, 9649, 4238, 3422, 9773, 4748, 4954, 2636, 3685, 6303, 495, 2386, 6645, 1077, 3629, 3739, 7186, 7235, 1391, 1125, 6721, 1718, 7451, 7445, 7822, 3772, 3476, 5457, 2589, 4246, 2877, 1903, 1727, 2508, 1314, 3550, 2162, 6004, 7982, 3762, 341, 8156, 1315, 2464, 6056, 8198, 876, 2110, 4500, 9731, 4548, 2532, 6043, 4746]
[195, 2305, 9858, 3795, 165, 9677, 7870, 6035, 5269, 3976, 9891, 5824, 3598, 7671, 7332, 619, 317, 922, 582, 8288, 2369, 7248, 738, 8246, 6560, 1857, 6741, 2794, 9666, 9612, 751, 1948, 4154, 3150, 268, 5957, 8061, 4369, 9743, 1157, 2556, 8327, 1091, 245, 1198, 1772, 6905, 4065, 2011, 5308, 3806, 5261, 2433, 3681, 7876, 2905, 8091, 4761, 6883, 6722, 3893, 4690, 6570, 9553, 1640, 301, 7454, 8353, 6692, 9883, 4755, 4454, 7210, 9652, 3117, 3749, 325, 1078, 4293, 3580, 2668, 6109, 104, 4814, 6813, 3364, 1050, 9194, 6561, 3820, 2834, 2125, 4314, 7850, 7448, 9479, 2229, 66, 1209, 159, 6093, 6742, 8272, 3106, 2009, 689, 1607, 7945, 4317, 3723, 6651, 3295, 3525, 3725, 4785, 930, 2670, 2430, 1023, 2348, 9783, 1782, 290, 5083, 2180, 6080, 456, 4487, 5143, 7498, 9182, 5173, 9691, 4808, 3133, 4433, 4681, 4440, 3336, 1344, 3365, 6872, 3166, 3771, 9211, 2052, 6625, 2534, 7490, 3170, 5288, 9892, 1317, 6662, 515, 795, 6564, 171, 2082, 1328, 730, 4657, 9046, 846, 4820, 6021, 5890, 3062, 5135, 9922, 2144, 9634, 5105, 610, 9141, 7241, 1775, 6161, 3103, 1938, 1128, 1494, 1289, 1901, 2131, 4007, 4575, 9538, 1096, 9013, 827, 4669, 674, 9045, 9746, 2560, 1878, 2770, 4997, 8444, 9035, 421, 9427, 1159, 7459, 6769, 7952, 991, 4966, 9856, 2635, 4860, 4187, 4727, 3836, 1152, 4948, 8889, 9447, 998, 7349, 488, 6391, 8279, 1266, 7262, 96, 5735, 478, 6573, 4131, 1072, 6894, 3726, 6627, 553, 3448, 3108, 9826, 550, 4640, 2507, 960, 4967, 4658, 2659, 1663, 2109, 7216, 6538, 460, 571, 6027, 7473, 7153, 1642, 1117, 7436, 3705, 7434, 8107, 6603, 2263, 3186, 8276, 2488, 3975, 8472, 344, 3263, 9814, 7049, 243, 8020, 3436, 1362, 3189, 3691, 2149, 1079, 3218, 9513, 2351, 2192, 7823, 2028, 2374, 4215, 6730, 3604, 4504, 8183, 9017, 1298, 4415, 2291, 9071, 3167, 5262, 6694, 3599, 133, 7777, 3078, 4541, 1823, 7917, 3785, 9736, 9709, 3511, 4798, 5923, 5360, 7249, 2047, 4419, 1581, 4356, 4699, 3710, 6681, 1856, 1611, 6889, 6926, 4368, 2339, 9203, 7724, 1571, 2099, 577, 7233, 5038, 7915, 7689, 6243, 4018, 8322, 1874, 9926, 7259, 3205, 5046, 3093, 3503, 2690, 9713, 2063, 5176, 3848, 1383, 5955, 4031, 7472, 2394, 8182, 791, 3698, 499, 167, 618, 6668, 3921, 9417, 6460, 2658, 1941, 2200, 6756, 5887, 6613, 213, 381, 1363, 1121, 7220, 9975, 1204, 511, 1886, 432, 4327, 2297, 1641, 1062, 1192, 952, 3534, 4968, 1469, 2404, 187, 8115, 1701, 2419, 943, 9780, 951, 4735, 4827, 4505, 2183, 4552, 4721, 9698, 3139, 9522, 829, 1965, 8316, 3952, 2930, 9912, 5986, 1981, 2552, 9733, 741, 114, 3776, 3441, 3193, 3262, 6517, 486, 6592, 9904, 3702, 7718, 1357, 3519, 4679, 2689, 613, 5209, 1263, 4228, 6558, 9596, 1722, 6791, 1229, 3456, 3202, 4922, 9649, 4238, 3422, 9773, 4748, 4954, 2636, 3685, 6303, 495, 2386, 6645, 1077, 3629, 3739, 7186, 7235, 1391, 1125, 6721, 1718, 7451, 7445, 7822, 3772, 3476, 5457, 2589, 4246, 2877, 1903, 1727, 2508, 1314, 3550, 2162, 6004, 7982, 3762, 341, 8156, 1315, 2464, 6056, 8198, 876, 2110, 4500, 9731, 4548, 2532, 6043, 4746]
[195, 2305, 9858, 3795, 165, 9677, 7870, 6035, 5269, 3976, 9891, 5824, 3598, 7671, 7332, 619, 317, 922, 582, 8288, 2369, 7248, 738, 8246, 6560, 1857, 6741, 2794, 9666, 9612, 751, 1948, 4154, 3150, 268, 5957, 8061, 4369, 9743, 1157, 2556, 8327, 1091, 245, 1198, 1772, 6905, 4065, 2011, 5308, 3806, 5261, 2433, 3681, 7876, 2905, 8091, 4761, 6883, 6722, 3893, 4690, 6570, 9553, 1640, 301, 7454, 8353, 6692, 9883, 4755, 4454, 7210, 9652, 3117, 3749, 325, 1078, 4293, 3580, 2668, 6109, 104, 4814, 6813, 3364, 1050, 9194, 6561, 3820, 2834, 2125, 4314, 7850, 7448, 9479, 2229, 66, 1209, 159, 6093, 6742, 8272, 3106, 2009, 689, 1607, 7945, 4317, 3723, 6651, 3295, 3525, 3725, 4785, 930, 2670, 2430, 1023, 2348, 9783, 1782, 290, 5083, 2180, 6080, 456, 4487, 5143, 7498, 9182, 5173, 9691, 4808, 3133, 4433, 4681, 4440, 3336, 1344, 3365, 6872, 3166, 3771, 9211, 2052, 6625, 2534, 7490, 3170, 5288, 9892, 1317, 6662, 515, 795, 6564, 171, 2082, 1328, 730, 4657, 9046, 846, 4820, 6021, 5890, 3062, 5135, 9922, 2144, 9634, 5105, 610, 9141, 7241, 1775, 6161, 3103, 1938, 1128, 1494, 1289, 1901, 2131, 4007, 4575, 9538, 1096, 9013, 827, 4669, 674, 9045, 9746, 2560, 1878, 2770, 4997, 8444, 9035, 421, 9427, 1159, 7459, 6769, 7952, 991, 4966, 9856, 2635, 4860, 4187, 4727, 3836, 1152, 4948, 8889, 9447, 998, 7349, 488, 6391, 8279, 1266, 7262, 96, 5735, 478, 6573, 4131, 1072, 6894, 3726, 6627, 553, 3448, 3108, 9826, 550, 4640, 2507, 960, 4967, 4658, 2659, 1663, 2109, 7216, 6538, 460, 571, 6027, 7473, 7153, 1642, 1117, 7436, 3705, 7434, 8107, 6603, 2263, 3186, 8276, 2488, 3975, 8472, 344, 3263, 9814, 7049, 243, 8020, 3436, 1362, 3189, 3691, 2149, 1079, 3218, 9513, 2351, 2192, 7823, 2028, 2374, 4215, 6730, 3604, 4504, 8183, 9017, 1298, 4415, 2291, 9071, 3167, 5262, 6694, 3599, 133, 7777, 3078, 4541, 1823, 7917, 3785, 9736, 9709, 3511, 4798, 5923, 5360, 7249, 2047, 4419, 1581, 4356, 4699, 3710, 6681, 1856, 1611, 6889, 6926, 4368, 2339, 9203, 7724, 1571, 2099, 577, 7233, 5038, 7915, 7689, 6243, 4018, 8322, 1874, 9926, 7259, 3205, 5046, 3093, 3503, 2690, 9713, 2063, 5176, 3848, 1383, 5955, 4031, 7472, 2394, 8182, 791, 3698, 499, 167, 618, 6668, 3921, 9417, 6460, 2658, 1941, 2200, 6756, 5887, 6613, 213, 381, 1363, 1121, 7220, 9975, 1204, 511, 1886, 432, 4327, 2297, 1641, 1062, 1192, 952, 3534, 4968, 1469, 2404, 187, 8115, 1701, 2419, 943, 9780, 951, 4735, 4827, 4505, 2183, 4552, 4721, 9698, 3139, 9522, 829, 1965, 8316, 3952, 2930, 9912, 5986, 1981, 2552, 9733, 741, 114, 3776, 3441, 3193, 3262, 6517, 486, 6592, 9904, 3702, 7718, 1357, 3519, 4679, 2689, 613, 5209, 1263, 4228, 6558, 9596, 1722, 6791, 1229, 3456, 3202, 4922, 9649, 4238, 3422, 9773, 4748, 4954, 2636, 3685, 6303, 495, 2386, 6645, 1077, 3629, 3739, 7186, 7235, 1391, 1125, 6721, 1718, 7451, 7445, 7822, 3772, 3476, 5457, 2589, 4246, 2877, 1903, 1727, 2508, 1314, 3550, 2162, 6004, 7982, 3762, 341, 8156, 1315, 2464, 6056, 8198, 876, 2110, 4500, 9731, 4548, 2532, 6043, 4746]
[195, 2305, 9858, 3795, 165, 9677, 7870, 6035, 5269, 3976, 9891, 5824, 3598, 7671, 7332, 619, 317, 922, 582, 8288, 2369, 7248, 738, 8246, 6560, 1857, 6741, 2794, 9666, 9612, 751, 1948, 4154, 3150, 268, 5957, 8061, 4369, 9743, 1157, 2556, 8327, 1091, 245, 1198, 1772, 6905, 4065, 2011, 5308, 3806, 5261, 2433, 3681, 7876, 2905, 8091, 4761, 6883, 6722, 3893, 4690, 6570, 9553, 1640, 301, 7454, 8353, 6692, 9883, 4755, 4454, 7210, 9652, 3117, 3749, 325, 1078, 4293, 3580, 2668, 6109, 104, 4814, 6813, 3364, 1050, 9194, 6561, 3820, 2834, 2125, 4314, 7850, 7448, 9479, 2229, 66, 1209, 159, 6093, 6742, 8272, 3106, 2009, 689, 1607, 7945, 4317, 3723, 6651, 3295, 3525, 3725, 4785, 930, 2670, 2430, 1023, 2348, 9783, 1782, 290, 5083, 2180, 6080, 456, 4487, 5143, 7498, 9182, 5173, 9691, 4808, 3133, 4433, 4681, 4440, 3336, 1344, 3365, 6872, 3166, 3771, 9211, 2052, 6625, 2534, 7490, 3170, 5288, 9892, 1317, 6662, 515, 795, 6564, 171, 2082, 1328, 730, 4657, 9046, 846, 4820, 6021, 5890, 3062, 5135, 9922, 2144, 9634, 5105, 610, 9141, 7241, 1775, 6161, 3103, 1938, 1128, 1494, 1289, 1901, 2131, 4007, 4575, 9538, 1096, 9013, 827, 4669, 674, 9045, 9746, 2560, 1878, 2770, 4997, 8444, 9035, 421, 9427, 1159, 7459, 6769, 7952, 991, 4966, 9856, 2635, 4860, 4187, 4727, 3836, 1152, 4948, 8889, 9447, 998, 7349, 488, 6391, 8279, 1266, 7262, 96, 5735, 478, 6573, 4131, 1072, 6894, 3726, 6627, 553, 3448, 3108, 9826, 550, 4640, 2507, 960, 4967, 4658, 2659, 1663, 2109, 7216, 6538, 460, 571, 6027, 7473, 7153, 1642, 1117, 7436, 3705, 7434, 8107, 6603, 2263, 3186, 8276, 2488, 3975, 8472, 344, 3263, 9814, 7049, 243, 8020, 3436, 1362, 3189, 3691, 2149, 1079, 3218, 9513, 2351, 2192, 7823, 2028, 2374, 4215, 6730, 3604, 4504, 8183, 9017, 1298, 4415, 2291, 9071, 3167, 5262, 6694, 3599, 133, 7777, 3078, 4541, 1823, 7917, 3785, 9736, 9709, 3511, 4798, 5923, 5360, 7249, 2047, 4419, 1581, 4356, 4699, 3710, 6681, 1856, 1611, 6889, 6926, 4368, 2339, 9203, 7724, 1571, 2099, 577, 7233, 5038, 7915, 7689, 6243, 4018, 8322, 1874, 9926, 7259, 3205, 5046, 3093, 3503, 2690, 9713, 2063, 5176, 3848, 1383, 5955, 4031, 7472, 2394, 8182, 791, 3698, 499, 167, 618, 6668, 3921, 9417, 6460, 2658, 1941, 2200, 6756, 5887, 6613, 213, 381, 1363, 1121, 7220, 9975, 1204, 511, 1886, 432, 4327, 2297, 1641, 1062, 1192, 952, 3534, 4968, 1469, 2404, 187, 8115, 1701, 2419, 943, 9780, 951, 4735, 4827, 4505, 2183, 4552, 4721, 9698, 3139, 9522, 829, 1965, 8316, 3952, 2930, 9912, 5986, 1981, 2552, 9733, 741, 114, 3776, 3441, 3193, 3262, 6517, 486, 6592, 9904, 3702, 7718, 1357, 3519, 4679, 2689, 613, 5209, 1263, 4228, 6558, 9596, 1722, 6791, 1229, 3456, 3202, 4922, 9649, 4238, 3422, 9773, 4748, 4954, 2636, 3685, 6303, 495, 2386, 6645, 1077, 3629, 3739, 7186, 7235, 1391, 1125, 6721, 1718, 7451, 7445, 7822, 3772, 3476, 5457, 2589, 4246, 2877, 1903, 1727, 2508, 1314, 3550, 2162, 6004, 7982, 3762, 341, 8156, 1315, 2464, 6056, 8198, 876, 2110, 4500, 9731, 4548, 2532, 6043, 4746]
[195, 2305, 9858, 3795, 165, 9677, 7870, 6035, 5269, 3976, 9891, 5824, 3598, 7671, 7332, 619, 317, 922, 582, 8288, 2369, 7248, 738, 8246, 6560, 1857, 6741, 2794, 9666, 9612, 751, 1948, 4154, 3150, 268, 5957, 8061, 4369, 9743, 1157, 2556, 8327, 1091, 245, 1198, 1772, 6905, 4065, 2011, 5308, 3806, 5261, 2433, 3681, 7876, 2905, 8091, 4761, 6883, 6722, 3893, 4690, 6570, 9553, 1640, 301, 7454, 8353, 6692, 9883, 4755, 4454, 7210, 9652, 3117, 3749, 325, 1078, 4293, 3580, 2668, 6109, 104, 4814, 6813, 3364, 1050, 9194, 6561, 3820, 2834, 2125, 4314, 7850, 7448, 9479, 2229, 66, 1209, 159, 6093, 6742, 8272, 3106, 2009, 689, 1607, 7945, 4317, 3723, 6651, 3295, 3525, 3725, 4785, 930, 2670, 2430, 1023, 2348, 9783, 1782, 290, 5083, 2180, 6080, 456, 4487, 5143, 7498, 9182, 5173, 9691, 4808, 3133, 4433, 4681, 4440, 3336, 1344, 3365, 6872, 3166, 3771, 9211, 2052, 6625, 2534, 7490, 3170, 5288, 9892, 1317, 6662, 515, 795, 6564, 171, 2082, 1328, 730, 4657, 9046, 846, 4820, 6021, 5890, 3062, 5135, 9922, 2144, 9634, 5105, 610, 9141, 7241, 1775, 6161, 3103, 1938, 1128, 1494, 1289, 1901, 2131, 4007, 4575, 9538, 1096, 9013, 827, 4669, 674, 9045, 9746, 2560, 1878, 2770, 4997, 8444, 9035, 421, 9427, 1159, 7459, 6769, 7952, 991, 4966, 9856, 2635, 4860, 4187, 4727, 3836, 1152, 4948, 8889, 9447, 998, 7349, 488, 6391, 8279, 1266, 7262, 96, 5735, 478, 6573, 4131, 1072, 6894, 3726, 6627, 553, 3448, 3108, 9826, 550, 4640, 2507, 960, 4967, 4658, 2659, 1663, 2109, 7216, 6538, 460, 571, 6027, 7473, 7153, 1642, 1117, 7436, 3705, 7434, 8107, 6603, 2263, 3186, 8276, 2488, 3975, 8472, 344, 3263, 9814, 7049, 243, 8020, 3436, 1362, 3189, 3691, 2149, 1079, 3218, 9513, 2351, 2192, 7823, 2028, 2374, 4215, 6730, 3604, 4504, 8183, 9017, 1298, 4415, 2291, 9071, 3167, 5262, 6694, 3599, 133, 7777, 3078, 4541, 1823, 7917, 3785, 9736, 9709, 3511, 4798, 5923, 5360, 7249, 2047, 4419, 1581, 4356, 4699, 3710, 6681, 1856, 1611, 6889, 6926, 4368, 2339, 9203, 7724, 1571, 2099, 577, 7233, 5038, 7915, 7689, 6243, 4018, 8322, 1874, 9926, 7259, 3205, 5046, 3093, 3503, 2690, 9713, 2063, 5176, 3848, 1383, 5955, 4031, 7472, 2394, 8182, 791, 3698, 499, 167, 618, 6668, 3921, 9417, 6460, 2658, 1941, 2200, 6756, 5887, 6613, 213, 381, 1363, 1121, 7220, 9975, 1204, 511, 1886, 432, 4327, 2297, 1641, 1062, 1192, 952, 3534, 4968, 1469, 2404, 187, 8115, 1701, 2419, 943, 9780, 951, 4735, 4827, 4505, 2183, 4552, 4721, 9698, 3139, 9522, 829, 1965, 8316, 3952, 2930, 9912, 5986, 1981, 2552, 9733, 741, 114, 3776, 3441, 3193, 3262, 6517, 486, 6592, 9904, 3702, 7718, 1357, 3519, 4679, 2689, 613, 5209, 1263, 4228, 6558, 9596, 1722, 6791, 1229, 3456, 3202, 4922, 9649, 4238, 3422, 9773, 4748, 4954, 2636, 3685, 6303, 495, 2386, 6645, 1077, 3629, 3739, 7186, 7235, 1391, 1125, 6721, 1718, 7451, 7445, 7822, 3772, 3476, 5457, 2589, 4246, 2877, 1903, 1727, 2508, 1314, 3550, 2162, 6004, 7982, 3762, 341, 8156, 1315, 2464, 6056, 8198, 876, 2110, 4500, 9731, 4548, 2532, 6043, 4746]
[195, 2305, 9858, 3795, 165, 9677, 7870, 6035, 5269, 3976, 9891, 5824, 3598, 7671, 7332, 619, 317, 922, 582, 8288, 2369, 7248, 738, 8246, 6560, 1857, 6741, 2794, 9666, 9612, 751, 1948, 4154, 3150, 268, 5957, 8061, 4369, 9743, 1157, 2556, 8327, 1091, 245, 1198, 1772, 6905, 4065, 2011, 5308, 3806, 5261, 2433, 3681, 7876, 2905, 8091, 4761, 6883, 6722, 3893, 4690, 6570, 9553, 1640, 301, 7454, 8353, 6692, 9883, 4755, 4454, 7210, 9652, 3117, 3749, 325, 1078, 4293, 3580, 2668, 6109, 104, 4814, 6813, 3364, 1050, 9194, 6561, 3820, 2834, 2125, 4314, 7850, 7448, 9479, 2229, 66, 1209, 159, 6093, 6742, 8272, 3106, 2009, 689, 1607, 7945, 4317, 3723, 6651, 3295, 3525, 3725, 4785, 930, 2670, 2430, 1023, 2348, 9783, 1782, 290, 5083, 2180, 6080, 456, 4487, 5143, 7498, 9182, 5173, 9691, 4808, 3133, 4433, 4681, 4440, 3336, 1344, 3365, 6872, 3166, 3771, 9211, 2052, 6625, 2534, 7490, 3170, 5288, 9892, 1317, 6662, 515, 795, 6564, 171, 2082, 1328, 730, 4657, 9046, 846, 4820, 6021, 5890, 3062, 5135, 9922, 2144, 9634, 5105, 610, 9141, 7241, 1775, 6161, 3103, 1938, 1128, 1494, 1289, 1901, 2131, 4007, 4575, 9538, 1096, 9013, 827, 4669, 674, 9045, 9746, 2560, 1878, 2770, 4997, 8444, 9035, 421, 9427, 1159, 7459, 6769, 7952, 991, 4966, 9856, 2635, 4860, 4187, 4727, 3836, 1152, 4948, 8889, 9447, 998, 7349, 488, 6391, 8279, 1266, 7262, 96, 5735, 478, 6573, 4131, 1072, 6894, 3726, 6627, 553, 3448, 3108, 9826, 550, 4640, 2507, 960, 4967, 4658, 2659, 1663, 2109, 7216, 6538, 460, 571, 6027, 7473, 7153, 1642, 1117, 7436, 3705, 7434, 8107, 6603, 2263, 3186, 8276, 2488, 3975, 8472, 344, 3263, 9814, 7049, 243, 8020, 3436, 1362, 3189, 3691, 2149, 1079, 3218, 9513, 2351, 2192, 7823, 2028, 2374, 4215, 6730, 3604, 4504, 8183, 9017, 1298, 4415, 2291, 9071, 3167, 5262, 6694, 3599, 133, 7777, 3078, 4541, 1823, 7917, 3785, 9736, 9709, 3511, 4798, 5923, 5360, 7249, 2047, 4419, 1581, 4356, 4699, 3710, 6681, 1856, 1611, 6889, 6926, 4368, 2339, 9203, 7724, 1571, 2099, 577, 7233, 5038, 7915, 7689, 6243, 4018, 8322, 1874, 9926, 7259, 3205, 5046, 3093, 3503, 2690, 9713, 2063, 5176, 3848, 1383, 5955, 4031, 7472, 2394, 8182, 791, 3698, 499, 167, 618, 6668, 3921, 9417, 6460, 2658, 1941, 2200, 6756, 5887, 6613, 213, 381, 1363, 1121, 7220, 9975, 1204, 511, 1886, 432, 4327, 2297, 1641, 1062, 1192, 952, 3534, 4968, 1469, 2404, 187, 8115, 1701, 2419, 943, 9780, 951, 4735, 4827, 4505, 2183, 4552, 4721, 9698, 3139, 9522, 829, 1965, 8316, 3952, 2930, 9912, 5986, 1981, 2552, 9733, 741, 114, 3776, 3441, 3193, 3262, 6517, 486, 6592, 9904, 3702, 7718, 1357, 3519, 4679, 2689, 613, 5209, 1263, 4228, 6558, 9596, 1722, 6791, 1229, 3456, 3202, 4922, 9649, 4238, 3422, 9773, 4748, 4954, 2636, 3685, 6303, 495, 2386, 6645, 1077, 3629, 3739, 7186, 7235, 1391, 1125, 6721, 1718, 7451, 7445, 7822, 3772, 3476, 5457, 2589, 4246, 2877, 1903, 1727, 2508, 1314, 3550, 2162, 6004, 7982, 3762, 341, 8156, 1315, 2464, 6056, 8198, 876, 2110, 4500, 9731, 4548, 2532, 6043, 4746]
[195, 2305, 9858, 3795, 165, 9677, 7870, 6035, 5269, 3976, 9891, 5824, 3598, 7671, 7332, 619, 317, 922, 582, 8288, 2369, 7248, 738, 8246, 6560, 1857, 6741, 2794, 9666, 9612, 751, 1948, 4154, 3150, 268, 5957, 8061, 4369, 9743, 1157, 2556, 8327, 1091, 245, 1198, 1772, 6905, 4065, 2011, 5308, 3806, 5261, 2433, 3681, 7876, 2905, 8091, 4761, 6883, 6722, 3893, 4690, 6570, 9553, 1640, 301, 7454, 8353, 6692, 9883, 4755, 4454, 7210, 9652, 3117, 3749, 325, 1078, 4293, 3580, 2668, 6109, 104, 4814, 6813, 3364, 1050, 9194, 6561, 3820, 2834, 2125, 4314, 7850, 7448, 9479, 2229, 66, 1209, 159, 6093, 6742, 8272, 3106, 2009, 689, 1607, 7945, 4317, 3723, 6651, 3295, 3525, 3725, 4785, 930, 2670, 2430, 1023, 2348, 9783, 1782, 290, 5083, 2180, 6080, 456, 4487, 5143, 7498, 9182, 5173, 9691, 4808, 3133, 4433, 4681, 4440, 3336, 1344, 3365, 6872, 3166, 3771, 9211, 2052, 6625, 2534, 7490, 3170, 5288, 9892, 1317, 6662, 515, 795, 6564, 171, 2082, 1328, 730, 4657, 9046, 846, 4820, 6021, 5890, 3062, 5135, 9922, 2144, 9634, 5105, 610, 9141, 7241, 1775, 6161, 3103, 1938, 1128, 1494, 1289, 1901, 2131, 4007, 4575, 9538, 1096, 9013, 827, 4669, 674, 9045, 9746, 2560, 1878, 2770, 4997, 8444, 9035, 421, 9427, 1159, 7459, 6769, 7952, 991, 4966, 9856, 2635, 4860, 4187, 4727, 3836, 1152, 4948, 8889, 9447, 998, 7349, 488, 6391, 8279, 1266, 7262, 96, 5735, 478, 6573, 4131, 1072, 6894, 3726, 6627, 553, 3448, 3108, 9826, 550, 4640, 2507, 960, 4967, 4658, 2659, 1663, 2109, 7216, 6538, 460, 571, 6027, 7473, 7153, 1642, 1117, 7436, 3705, 7434, 8107, 6603, 2263, 3186, 8276, 2488, 3975, 8472, 344, 3263, 9814, 7049, 243, 8020, 3436, 1362, 3189, 3691, 2149, 1079, 3218, 9513, 2351, 2192, 7823, 2028, 2374, 4215, 6730, 3604, 4504, 8183, 9017, 1298, 4415, 2291, 9071, 3167, 5262, 6694, 3599, 133, 7777, 3078, 4541, 1823, 7917, 3785, 9736, 9709, 3511, 4798, 5923, 5360, 7249, 2047, 4419, 1581, 4356, 4699, 3710, 6681, 1856, 1611, 6889, 6926, 4368, 2339, 9203, 7724, 1571, 2099, 577, 7233, 5038, 7915, 7689, 6243, 4018, 8322, 1874, 9926, 7259, 3205, 5046, 3093, 3503, 2690, 9713, 2063, 5176, 3848, 1383, 5955, 4031, 7472, 2394, 8182, 791, 3698, 499, 167, 618, 6668, 3921, 9417, 6460, 2658, 1941, 2200, 6756, 5887, 6613, 213, 381, 1363, 1121, 7220, 9975, 1204, 511, 1886, 432, 4327, 2297, 1641, 1062, 1192, 952, 3534, 4968, 1469, 2404, 187, 8115, 1701, 2419, 943, 9780, 951, 4735, 4827, 4505, 2183, 4552, 4721, 9698, 3139, 9522, 829, 1965, 8316, 3952, 2930, 9912, 5986, 1981, 2552, 9733, 741, 114, 3776, 3441, 3193, 3262, 6517, 486, 6592, 9904, 3702, 7718, 1357, 3519, 4679, 2689, 613, 5209, 1263, 4228, 6558, 9596, 1722, 6791, 1229, 3456, 3202, 4922, 9649, 4238, 3422, 9773, 4748, 4954, 2636, 3685, 6303, 495, 2386, 6645, 1077, 3629, 3739, 7186, 7235, 1391, 1125, 6721, 1718, 7451, 7445, 7822, 3772, 3476, 5457, 2589, 4246, 2877, 1903, 1727, 2508, 1314, 3550, 2162, 6004, 7982, 3762, 341, 8156, 1315, 2464, 6056, 8198, 876, 2110, 4500, 9731, 4548, 2532, 6043, 4746]
[195, 2305, 9858, 3795, 165, 9677, 7870, 6035, 5269, 3976, 9891, 5824, 3598, 7671, 7332, 619, 317, 922, 582, 8288, 2369, 7248, 738, 8246, 6560, 1857, 6741, 2794, 9666, 9612, 751, 1948, 4154, 3150, 268, 5957, 8061, 4369, 9743, 1157, 2556, 8327, 1091, 245, 1198, 1772, 6905, 4065, 2011, 5308, 3806, 5261, 2433, 3681, 7876, 2905, 8091, 4761, 6883, 6722, 3893, 4690, 6570, 9553, 1640, 301, 7454, 8353, 6692, 9883, 4755, 4454, 7210, 9652, 3117, 3749, 325, 1078, 4293, 3580, 2668, 6109, 104, 4814, 6813, 3364, 1050, 9194, 6561, 3820, 2834, 2125, 4314, 7850, 7448, 9479, 2229, 66, 1209, 159, 6093, 6742, 8272, 3106, 2009, 689, 1607, 7945, 4317, 3723, 6651, 3295, 3525, 3725, 4785, 930, 2670, 2430, 1023, 2348, 9783, 1782, 290, 5083, 2180, 6080, 456, 4487, 5143, 7498, 9182, 5173, 9691, 4808, 3133, 4433, 4681, 4440, 3336, 1344, 3365, 6872, 3166, 3771, 9211, 2052, 6625, 2534, 7490, 3170, 5288, 9892, 1317, 6662, 515, 795, 6564, 171, 2082, 1328, 730, 4657, 9046, 846, 4820, 6021, 5890, 3062, 5135, 9922, 2144, 9634, 5105, 610, 9141, 7241, 1775, 6161, 3103, 1938, 1128, 1494, 1289, 1901, 2131, 4007, 4575, 9538, 1096, 9013, 827, 4669, 674, 9045, 9746, 2560, 1878, 2770, 4997, 8444, 9035, 421, 9427, 1159, 7459, 6769, 7952, 991, 4966, 9856, 2635, 4860, 4187, 4727, 3836, 1152, 4948, 8889, 9447, 998, 7349, 488, 6391, 8279, 1266, 7262, 96, 5735, 478, 6573, 4131, 1072, 6894, 3726, 6627, 553, 3448, 3108, 9826, 550, 4640, 2507, 960, 4967, 4658, 2659, 1663, 2109, 7216, 6538, 460, 571, 6027, 7473, 7153, 1642, 1117, 7436, 3705, 7434, 8107, 6603, 2263, 3186, 8276, 2488, 3975, 8472, 344, 3263, 9814, 7049, 243, 8020, 3436, 1362, 3189, 3691, 2149, 1079, 3218, 9513, 2351, 2192, 7823, 2028, 2374, 4215, 6730, 3604, 4504, 8183, 9017, 1298, 4415, 2291, 9071, 3167, 5262, 6694, 3599, 133, 7777, 3078, 4541, 1823, 7917, 3785, 9736, 9709, 3511, 4798, 5923, 5360, 7249, 2047, 4419, 1581, 4356, 4699, 3710, 6681, 1856, 1611, 6889, 6926, 4368, 2339, 9203, 7724, 1571, 2099, 577, 7233, 5038, 7915, 7689, 6243, 4018, 8322, 1874, 9926, 7259, 3205, 5046, 3093, 3503, 2690, 9713, 2063, 5176, 3848, 1383, 5955, 4031, 7472, 2394, 8182, 791, 3698, 499, 167, 618, 6668, 3921, 9417, 6460, 2658, 1941, 2200, 6756, 5887, 6613, 213, 381, 1363, 1121, 7220, 9975, 1204, 511, 1886, 432, 4327, 2297, 1641, 1062, 1192, 952, 3534, 4968, 1469, 2404, 187, 8115, 1701, 2419, 943, 9780, 951, 4735, 4827, 4505, 2183, 4552, 4721, 9698, 3139, 9522, 829, 1965, 8316, 3952, 2930, 9912, 5986, 1981, 2552, 9733, 741, 114, 3776, 3441, 3193, 3262, 6517, 486, 6592, 9904, 3702, 7718, 1357, 3519, 4679, 2689, 613, 5209, 1263, 4228, 6558, 9596, 1722, 6791, 1229, 3456, 3202, 4922, 9649, 4238, 3422, 9773, 4748, 4954, 2636, 3685, 6303, 495, 2386, 6645, 1077, 3629, 3739, 7186, 7235, 1391, 1125, 6721, 1718, 7451, 7445, 7822, 3772, 3476, 5457, 2589, 4246, 2877, 1903, 1727, 2508, 1314, 3550, 2162, 6004, 7982, 3762, 341, 8156, 1315, 2464, 6056, 8198, 876, 2110, 4500, 9731, 4548, 2532, 6043, 4746]
[195, 2305, 9858, 3795, 165, 9677, 7870, 6035, 5269, 3976, 9891, 5824, 3598, 7671, 7332, 619, 317, 922, 582, 8288, 2369, 7248, 738, 8246, 6560, 1857, 6741, 2794, 9666, 9612, 751, 1948, 4154, 3150, 268, 5957, 8061, 4369, 9743, 1157, 2556, 8327, 1091, 245, 1198, 1772, 6905, 4065, 2011, 5308, 3806, 5261, 2433, 3681, 7876, 2905, 8091, 4761, 6883, 6722, 3893, 4690, 6570, 9553, 1640, 301, 7454, 8353, 6692, 9883, 4755, 4454, 7210, 9652, 3117, 3749, 325, 1078, 4293, 3580, 2668, 6109, 104, 4814, 6813, 3364, 1050, 9194, 6561, 3820, 2834, 2125, 4314, 7850, 7448, 9479, 2229, 66, 1209, 159, 6093, 6742, 8272, 3106, 2009, 689, 1607, 7945, 4317, 3723, 6651, 3295, 3525, 3725, 4785, 930, 2670, 2430, 1023, 2348, 9783, 1782, 290, 5083, 2180, 6080, 456, 4487, 5143, 7498, 9182, 5173, 9691, 4808, 3133, 4433, 4681, 4440, 3336, 1344, 3365, 6872, 3166, 3771, 9211, 2052, 6625, 2534, 7490, 3170, 5288, 9892, 1317, 6662, 515, 795, 6564, 171, 2082, 1328, 730, 4657, 9046, 846, 4820, 6021, 5890, 3062, 5135, 9922, 2144, 9634, 5105, 610, 9141, 7241, 1775, 6161, 3103, 1938, 1128, 1494, 1289, 1901, 2131, 4007, 4575, 9538, 1096, 9013, 827, 4669, 674, 9045, 9746, 2560, 1878, 2770, 4997, 8444, 9035, 421, 9427, 1159, 7459, 6769, 7952, 991, 4966, 9856, 2635, 4860, 4187, 4727, 3836, 1152, 4948, 8889, 9447, 998, 7349, 488, 6391, 8279, 1266, 7262, 96, 5735, 478, 6573, 4131, 1072, 6894, 3726, 6627, 553, 3448, 3108, 9826, 550, 4640, 2507, 960, 4967, 4658, 2659, 1663, 2109, 7216, 6538, 460, 571, 6027, 7473, 7153, 1642, 1117, 7436, 3705, 7434, 8107, 6603, 2263, 3186, 8276, 2488, 3975, 8472, 344, 3263, 9814, 7049, 243, 8020, 3436, 1362, 3189, 3691, 2149, 1079, 3218, 9513, 2351, 2192, 7823, 2028, 2374, 4215, 6730, 3604, 4504, 8183, 9017, 1298, 4415, 2291, 9071, 3167, 5262, 6694, 3599, 133, 7777, 3078, 4541, 1823, 7917, 3785, 9736, 9709, 3511, 4798, 5923, 5360, 7249, 2047, 4419, 1581, 4356, 4699, 3710, 6681, 1856, 1611, 6889, 6926, 4368, 2339, 9203, 7724, 1571, 2099, 577, 7233, 5038, 7915, 7689, 6243, 4018, 8322, 1874, 9926, 7259, 3205, 5046, 3093, 3503, 2690, 9713, 2063, 5176, 3848, 1383, 5955, 4031, 7472, 2394, 8182, 791, 3698, 499, 167, 618, 6668, 3921, 9417, 6460, 2658, 1941, 2200, 6756, 5887, 6613, 213, 381, 1363, 1121, 7220, 9975, 1204, 511, 1886, 432, 4327, 2297, 1641, 1062, 1192, 952, 3534, 4968, 1469, 2404, 187, 8115, 1701, 2419, 943, 9780, 951, 4735, 4827, 4505, 2183, 4552, 4721, 9698, 3139, 9522, 829, 1965, 8316, 3952, 2930, 9912, 5986, 1981, 2552, 9733, 741, 114, 3776, 3441, 3193, 3262, 6517, 486, 6592, 9904, 3702, 7718, 1357, 3519, 4679, 2689, 613, 5209, 1263, 4228, 6558, 9596, 1722, 6791, 1229, 3456, 3202, 4922, 9649, 4238, 3422, 9773, 4748, 4954, 2636, 3685, 6303, 495, 2386, 6645, 1077, 3629, 3739, 7186, 7235, 1391, 1125, 6721, 1718, 7451, 7445, 7822, 3772, 3476, 5457, 2589, 4246, 2877, 1903, 1727, 2508, 1314, 3550, 2162, 6004, 7982, 3762, 341, 8156, 1315, 2464, 6056, 8198, 876, 2110, 4500, 9731, 4548, 2532, 6043, 4746]
[195, 2305, 9858, 3795, 165, 9677, 7870, 6035, 5269, 3976, 9891, 5824, 3598, 7671, 7332, 619, 317, 922, 582, 8288, 2369, 7248, 738, 8246, 6560, 1857, 6741, 2794, 9666, 9612, 751, 1948, 4154, 3150, 268, 5957, 8061, 4369, 9743, 1157, 2556, 8327, 1091, 245, 1198, 1772, 6905, 4065, 2011, 5308, 3806, 5261, 2433, 3681, 7876, 2905, 8091, 4761, 6883, 6722, 3893, 4690, 6570, 9553, 1640, 301, 7454, 8353, 6692, 9883, 4755, 4454, 7210, 9652, 3117, 3749, 325, 1078, 4293, 3580, 2668, 6109, 104, 4814, 6813, 3364, 1050, 9194, 6561, 3820, 2834, 2125, 4314, 7850, 7448, 9479, 2229, 66, 1209, 159, 6093, 6742, 8272, 3106, 2009, 689, 1607, 7945, 4317, 3723, 6651, 3295, 3525, 3725, 4785, 930, 2670, 2430, 1023, 2348, 9783, 1782, 290, 5083, 2180, 6080, 456, 4487, 5143, 7498, 9182, 5173, 9691, 4808, 3133, 4433, 4681, 4440, 3336, 1344, 3365, 6872, 3166, 3771, 9211, 2052, 6625, 2534, 7490, 3170, 5288, 9892, 1317, 6662, 515, 795, 6564, 171, 2082, 1328, 730, 4657, 9046, 846, 4820, 6021, 5890, 3062, 5135, 9922, 2144, 9634, 5105, 610, 9141, 7241, 1775, 6161, 3103, 1938, 1128, 1494, 1289, 1901, 2131, 4007, 4575, 9538, 1096, 9013, 827, 4669, 674, 9045, 9746, 2560, 1878, 2770, 4997, 8444, 9035, 421, 9427, 1159, 7459, 6769, 7952, 991, 4966, 9856, 2635, 4860, 4187, 4727, 3836, 1152, 4948, 8889, 9447, 998, 7349, 488, 6391, 8279, 1266, 7262, 96, 5735, 478, 6573, 4131, 1072, 6894, 3726, 6627, 553, 3448, 3108, 9826, 550, 4640, 2507, 960, 4967, 4658, 2659, 1663, 2109, 7216, 6538, 460, 571, 6027, 7473, 7153, 1642, 1117, 7436, 3705, 7434, 8107, 6603, 2263, 3186, 8276, 2488, 3975, 8472, 344, 3263, 9814, 7049, 243, 8020, 3436, 1362, 3189, 3691, 2149, 1079, 3218, 9513, 2351, 2192, 7823, 2028, 2374, 4215, 6730, 3604, 4504, 8183, 9017, 1298, 4415, 2291, 9071, 3167, 5262, 6694, 3599, 133, 7777, 3078, 4541, 1823, 7917, 3785, 9736, 9709, 3511, 4798, 5923, 5360, 7249, 2047, 4419, 1581, 4356, 4699, 3710, 6681, 1856, 1611, 6889, 6926, 4368, 2339, 9203, 7724, 1571, 2099, 577, 7233, 5038, 7915, 7689, 6243, 4018, 8322, 1874, 9926, 7259, 3205, 5046, 3093, 3503, 2690, 9713, 2063, 5176, 3848, 1383, 5955, 4031, 7472, 2394, 8182, 791, 3698, 499, 167, 618, 6668, 3921, 9417, 6460, 2658, 1941, 2200, 6756, 5887, 6613, 213, 381, 1363, 1121, 7220, 9975, 1204, 511, 1886, 432, 4327, 2297, 1641, 1062, 1192, 952, 3534, 4968, 1469, 2404, 187, 8115, 1701, 2419, 943, 9780, 951, 4735, 4827, 4505, 2183, 4552, 4721, 9698, 3139, 9522, 829, 1965, 8316, 3952, 2930, 9912, 5986, 1981, 2552, 9733, 741, 114, 3776, 3441, 3193, 3262, 6517, 486, 6592, 9904, 3702, 7718, 1357, 3519, 4679, 2689, 613, 5209, 1263, 4228, 6558, 9596, 1722, 6791, 1229, 3456, 3202, 4922, 9649, 4238, 3422, 9773, 4748, 4954, 2636, 3685, 6303, 495, 2386, 6645, 1077, 3629, 3739, 7186, 7235, 1391, 1125, 6721, 1718, 7451, 7445, 7822, 3772, 3476, 5457, 2589, 4246, 2877, 1903, 1727, 2508, 1314, 3550, 2162, 6004, 7982, 3762, 341, 8156, 1315, 2464, 6056, 8198, 876, 2110, 4500, 9731, 4548, 2532, 6043, 4746]
[195, 2305, 9858, 3795, 165, 9677, 7870, 6035, 5269, 3976, 9891, 5824, 3598, 7671, 7332, 619, 317, 922, 582, 8288, 2369, 7248, 738, 8246, 6560, 1857, 6741, 2794, 9666, 9612, 751, 1948, 4154, 3150, 268, 5957, 8061, 4369, 9743, 1157, 2556, 8327, 1091, 245, 1198, 1772, 6905, 4065, 2011, 5308, 3806, 5261, 2433, 3681, 7876, 2905, 8091, 4761, 6883, 6722, 3893, 4690, 6570, 9553, 1640, 301, 7454, 8353, 6692, 9883, 4755, 4454, 7210, 9652, 3117, 3749, 325, 1078, 4293, 3580, 2668, 6109, 104, 4814, 6813, 3364, 1050, 9194, 6561, 3820, 2834, 2125, 4314, 7850, 7448, 9479, 2229, 66, 1209, 159, 6093, 6742, 8272, 3106, 2009, 689, 1607, 7945, 4317, 3723, 6651, 3295, 3525, 3725, 4785, 930, 2670, 2430, 1023, 2348, 9783, 1782, 290, 5083, 2180, 6080, 456, 4487, 5143, 7498, 9182, 5173, 9691, 4808, 3133, 4433, 4681, 4440, 3336, 1344, 3365, 6872, 3166, 3771, 9211, 2052, 6625, 2534, 7490, 3170, 5288, 9892, 1317, 6662, 515, 795, 6564, 171, 2082, 1328, 730, 4657, 9046, 846, 4820, 6021, 5890, 3062, 5135, 9922, 2144, 9634, 5105, 610, 9141, 7241, 1775, 6161, 3103, 1938, 1128, 1494, 1289, 1901, 2131, 4007, 4575, 9538, 1096, 9013, 827, 4669, 674, 9045, 9746, 2560, 1878, 2770, 4997, 8444, 9035, 421, 9427, 1159, 7459, 6769, 7952, 991, 4966, 9856, 2635, 4860, 4187, 4727, 3836, 1152, 4948, 8889, 9447, 998, 7349, 488, 6391, 8279, 1266, 7262, 96, 5735, 478, 6573, 4131, 1072, 6894, 3726, 6627, 553, 3448, 3108, 9826, 550, 4640, 2507, 960, 4967, 4658, 2659, 1663, 2109, 7216, 6538, 460, 571, 6027, 7473, 7153, 1642, 1117, 7436, 3705, 7434, 8107, 6603, 2263, 3186, 8276, 2488, 3975, 8472, 344, 3263, 9814, 7049, 243, 8020, 3436, 1362, 3189, 3691, 2149, 1079, 3218, 9513, 2351, 2192, 7823, 2028, 2374, 4215, 6730, 3604, 4504, 8183, 9017, 1298, 4415, 2291, 9071, 3167, 5262, 6694, 3599, 133, 7777, 3078, 4541, 1823, 7917, 3785, 9736, 9709, 3511, 4798, 5923, 5360, 7249, 2047, 4419, 1581, 4356, 4699, 3710, 6681, 1856, 1611, 6889, 6926, 4368, 2339, 9203, 7724, 1571, 2099, 577, 7233, 5038, 7915, 7689, 6243, 4018, 8322, 1874, 9926, 7259, 3205, 5046, 3093, 3503, 2690, 9713, 2063, 5176, 3848, 1383, 5955, 4031, 7472, 2394, 8182, 791, 3698, 499, 167, 618, 6668, 3921, 9417, 6460, 2658, 1941, 2200, 6756, 5887, 6613, 213, 381, 1363, 1121, 7220, 9975, 1204, 511, 1886, 432, 4327, 2297, 1641, 1062, 1192, 952, 3534, 4968, 1469, 2404, 187, 8115, 1701, 2419, 943, 9780, 951, 4735, 4827, 4505, 2183, 4552, 4721, 9698, 3139, 9522, 829, 1965, 8316, 3952, 2930, 9912, 5986, 1981, 2552, 9733, 741, 114, 3776, 3441, 3193, 3262, 6517, 486, 6592, 9904, 3702, 7718, 1357, 3519, 4679, 2689, 613, 5209, 1263, 4228, 6558, 9596, 1722, 6791, 1229, 3456, 3202, 4922, 9649, 4238, 3422, 9773, 4748, 4954, 2636, 3685, 6303, 495, 2386, 6645, 1077, 3629, 3739, 7186, 7235, 1391, 1125, 6721, 1718, 7451, 7445, 7822, 3772, 3476, 5457, 2589, 4246, 2877, 1903, 1727, 2508, 1314, 3550, 2162, 6004, 7982, 3762, 341, 8156, 1315, 2464, 6056, 8198, 876, 2110, 4500, 9731, 4548, 2532, 6043, 4746]
[195, 2305, 9858, 3795, 165, 9677, 7870, 6035, 5269, 3976, 9891, 5824, 3598, 7671, 7332, 619, 317, 922, 582, 8288, 2369, 7248, 738, 8246, 6560, 1857, 6741, 2794, 9666, 9612, 751, 1948, 4154, 3150, 268, 5957, 8061, 4369, 9743, 1157, 2556, 8327, 1091, 245, 1198, 1772, 6905, 4065, 2011, 5308, 3806, 5261, 2433, 3681, 7876, 2905, 8091, 4761, 6883, 6722, 3893, 4690, 6570, 9553, 1640, 301, 7454, 8353, 6692, 9883, 4755, 4454, 7210, 9652, 3117, 3749, 325, 1078, 4293, 3580, 2668, 6109, 104, 4814, 6813, 3364, 1050, 9194, 6561, 3820, 2834, 2125, 4314, 7850, 7448, 9479, 2229, 66, 1209, 159, 6093, 6742, 8272, 3106, 2009, 689, 1607, 7945, 4317, 3723, 6651, 3295, 3525, 3725, 4785, 930, 2670, 2430, 1023, 2348, 9783, 1782, 290, 5083, 2180, 6080, 456, 4487, 5143, 7498, 9182, 5173, 9691, 4808, 3133, 4433, 4681, 4440, 3336, 1344, 3365, 6872, 3166, 3771, 9211, 2052, 6625, 2534, 7490, 3170, 5288, 9892, 1317, 6662, 515, 795, 6564, 171, 2082, 1328, 730, 4657, 9046, 846, 4820, 6021, 5890, 3062, 5135, 9922, 2144, 9634, 5105, 610, 9141, 7241, 1775, 6161, 3103, 1938, 1128, 1494, 1289, 1901, 2131, 4007, 4575, 9538, 1096, 9013, 827, 4669, 674, 9045, 9746, 2560, 1878, 2770, 4997, 8444, 9035, 421, 9427, 1159, 7459, 6769, 7952, 991, 4966, 9856, 2635, 4860, 4187, 4727, 3836, 1152, 4948, 8889, 9447, 998, 7349, 488, 6391, 8279, 1266, 7262, 96, 5735, 478, 6573, 4131, 1072, 6894, 3726, 6627, 553, 3448, 3108, 9826, 550, 4640, 2507, 960, 4967, 4658, 2659, 1663, 2109, 7216, 6538, 460, 571, 6027, 7473, 7153, 1642, 1117, 7436, 3705, 7434, 8107, 6603, 2263, 3186, 8276, 2488, 3975, 8472, 344, 3263, 9814, 7049, 243, 8020, 3436, 1362, 3189, 3691, 2149, 1079, 3218, 9513, 2351, 2192, 7823, 2028, 2374, 4215, 6730, 3604, 4504, 8183, 9017, 1298, 4415, 2291, 9071, 3167, 5262, 6694, 3599, 133, 7777, 3078, 4541, 1823, 7917, 3785, 9736, 9709, 3511, 4798, 5923, 5360, 7249, 2047, 4419, 1581, 4356, 4699, 3710, 6681, 1856, 1611, 6889, 6926, 4368, 2339, 9203, 7724, 1571, 2099, 577, 7233, 5038, 7915, 7689, 6243, 4018, 8322, 1874, 9926, 7259, 3205, 5046, 3093, 3503, 2690, 9713, 2063, 5176, 3848, 1383, 5955, 4031, 7472, 2394, 8182, 791, 3698, 499, 167, 618, 6668, 3921, 9417, 6460, 2658, 1941, 2200, 6756, 5887, 6613, 213, 381, 1363, 1121, 7220, 9975, 1204, 511, 1886, 432, 4327, 2297, 1641, 1062, 1192, 952, 3534, 4968, 1469, 2404, 187, 8115, 1701, 2419, 943, 9780, 951, 4735, 4827, 4505, 2183, 4552, 4721, 9698, 3139, 9522, 829, 1965, 8316, 3952, 2930, 9912, 5986, 1981, 2552, 9733, 741, 114, 3776, 3441, 3193, 3262, 6517, 486, 6592, 9904, 3702, 7718, 1357, 3519, 4679, 2689, 613, 5209, 1263, 4228, 6558, 9596, 1722, 6791, 1229, 3456, 3202, 4922, 9649, 4238, 3422, 9773, 4748, 4954, 2636, 3685, 6303, 495, 2386, 6645, 1077, 3629, 3739, 7186, 7235, 1391, 1125, 6721, 1718, 7451, 7445, 7822, 3772, 3476, 5457, 2589, 4246, 2877, 1903, 1727, 2508, 1314, 3550, 2162, 6004, 7982, 3762, 341, 8156, 1315, 2464, 6056, 8198, 876, 2110, 4500, 9731, 4548, 2532, 6043, 4746]
[195, 2305, 9858, 3795, 165, 9677, 7870, 6035, 5269, 3976, 9891, 5824, 3598, 7671, 7332, 619, 317, 922, 582, 8288, 2369, 7248, 738, 8246, 6560, 1857, 6741, 2794, 9666, 9612, 751, 1948, 4154, 3150, 268, 5957, 8061, 4369, 9743, 1157, 2556, 8327, 1091, 245, 1198, 1772, 6905, 4065, 2011, 5308, 3806, 5261, 2433, 3681, 7876, 2905, 8091, 4761, 6883, 6722, 3893, 4690, 6570, 9553, 1640, 301, 7454, 8353, 6692, 9883, 4755, 4454, 7210, 9652, 3117, 3749, 325, 1078, 4293, 3580, 2668, 6109, 104, 4814, 6813, 3364, 1050, 9194, 6561, 3820, 2834, 2125, 4314, 7850, 7448, 9479, 2229, 66, 1209, 159, 6093, 6742, 8272, 3106, 2009, 689, 1607, 7945, 4317, 3723, 6651, 3295, 3525, 3725, 4785, 930, 2670, 2430, 1023, 2348, 9783, 1782, 290, 5083, 2180, 6080, 456, 4487, 5143, 7498, 9182, 5173, 9691, 4808, 3133, 4433, 4681, 4440, 3336, 1344, 3365, 6872, 3166, 3771, 9211, 2052, 6625, 2534, 7490, 3170, 5288, 9892, 1317, 6662, 515, 795, 6564, 171, 2082, 1328, 730, 4657, 9046, 846, 4820, 6021, 5890, 3062, 5135, 9922, 2144, 9634, 5105, 610, 9141, 7241, 1775, 6161, 3103, 1938, 1128, 1494, 1289, 1901, 2131, 4007, 4575, 9538, 1096, 9013, 827, 4669, 674, 9045, 9746, 2560, 1878, 2770, 4997, 8444, 9035, 421, 9427, 1159, 7459, 6769, 7952, 991, 4966, 9856, 2635, 4860, 4187, 4727, 3836, 1152, 4948, 8889, 9447, 998, 7349, 488, 6391, 8279, 1266, 7262, 96, 5735, 478, 6573, 4131, 1072, 6894, 3726, 6627, 553, 3448, 3108, 9826, 550, 4640, 2507, 960, 4967, 4658, 2659, 1663, 2109, 7216, 6538, 460, 571, 6027, 7473, 7153, 1642, 1117, 7436, 3705, 7434, 8107, 6603, 2263, 3186, 8276, 2488, 3975, 8472, 344, 3263, 9814, 7049, 243, 8020, 3436, 1362, 3189, 3691, 2149, 1079, 3218, 9513, 2351, 2192, 7823, 2028, 2374, 4215, 6730, 3604, 4504, 8183, 9017, 1298, 4415, 2291, 9071, 3167, 5262, 6694, 3599, 133, 7777, 3078, 4541, 1823, 7917, 3785, 9736, 9709, 3511, 4798, 5923, 5360, 7249, 2047, 4419, 1581, 4356, 4699, 3710, 6681, 1856, 1611, 6889, 6926, 4368, 2339, 9203, 7724, 1571, 2099, 577, 7233, 5038, 7915, 7689, 6243, 4018, 8322, 1874, 9926, 7259, 3205, 5046, 3093, 3503, 2690, 9713, 2063, 5176, 3848, 1383, 5955, 4031, 7472, 2394, 8182, 791, 3698, 499, 167, 618, 6668, 3921, 9417, 6460, 2658, 1941, 2200, 6756, 5887, 6613, 213, 381, 1363, 1121, 7220, 9975, 1204, 511, 1886, 432, 4327, 2297, 1641, 1062, 1192, 952, 3534, 4968, 1469, 2404, 187, 8115, 1701, 2419, 943, 9780, 951, 4735, 4827, 4505, 2183, 4552, 4721, 9698, 3139, 9522, 829, 1965, 8316, 3952, 2930, 9912, 5986, 1981, 2552, 9733, 741, 114, 3776, 3441, 3193, 3262, 6517, 486, 6592, 9904, 3702, 7718, 1357, 3519, 4679, 2689, 613, 5209, 1263, 4228, 6558, 9596, 1722, 6791, 1229, 3456, 3202, 4922, 9649, 4238, 3422, 9773, 4748, 4954, 2636, 3685, 6303, 495, 2386, 6645, 1077, 3629, 3739, 7186, 7235, 1391, 1125, 6721, 1718, 7451, 7445, 7822, 3772, 3476, 5457, 2589, 4246, 2877, 1903, 1727, 2508, 1314, 3550, 2162, 6004, 7982, 3762, 341, 8156, 1315, 2464, 6056, 8198, 876, 2110, 4500, 9731, 4548, 2532, 6043, 4746]
[195, 2305, 9858, 3795, 165, 9677, 7870, 6035, 5269, 3976, 9891, 5824, 3598, 7671, 7332, 619, 317, 922, 582, 8288, 2369, 7248, 738, 8246, 6560, 1857, 6741, 2794, 9666, 9612, 751, 1948, 4154, 3150, 268, 5957, 8061, 4369, 9743, 1157, 2556, 8327, 1091, 245, 1198, 1772, 6905, 4065, 2011, 5308, 3806, 5261, 2433, 3681, 7876, 2905, 8091, 4761, 6883, 6722, 3893, 4690, 6570, 9553, 1640, 301, 7454, 8353, 6692, 9883, 4755, 4454, 7210, 9652, 3117, 3749, 325, 1078, 4293, 3580, 2668, 6109, 104, 4814, 6813, 3364, 1050, 9194, 6561, 3820, 2834, 2125, 4314, 7850, 7448, 9479, 2229, 66, 1209, 159, 6093, 6742, 8272, 3106, 2009, 689, 1607, 7945, 4317, 3723, 6651, 3295, 3525, 3725, 4785, 930, 2670, 2430, 1023, 2348, 9783, 1782, 290, 5083, 2180, 6080, 456, 4487, 5143, 7498, 9182, 5173, 9691, 4808, 3133, 4433, 4681, 4440, 3336, 1344, 3365, 6872, 3166, 3771, 9211, 2052, 6625, 2534, 7490, 3170, 5288, 9892, 1317, 6662, 515, 795, 6564, 171, 2082, 1328, 730, 4657, 9046, 846, 4820, 6021, 5890, 3062, 5135, 9922, 2144, 9634, 5105, 610, 9141, 7241, 1775, 6161, 3103, 1938, 1128, 1494, 1289, 1901, 2131, 4007, 4575, 9538, 1096, 9013, 827, 4669, 674, 9045, 9746, 2560, 1878, 2770, 4997, 8444, 9035, 421, 9427, 1159, 7459, 6769, 7952, 991, 4966, 9856, 2635, 4860, 4187, 4727, 3836, 1152, 4948, 8889, 9447, 998, 7349, 488, 6391, 8279, 1266, 7262, 96, 5735, 478, 6573, 4131, 1072, 6894, 3726, 6627, 553, 3448, 3108, 9826, 550, 4640, 2507, 960, 4967, 4658, 2659, 1663, 2109, 7216, 6538, 460, 571, 6027, 7473, 7153, 1642, 1117, 7436, 3705, 7434, 8107, 6603, 2263, 3186, 8276, 2488, 3975, 8472, 344, 3263, 9814, 7049, 243, 8020, 3436, 1362, 3189, 3691, 2149, 1079, 3218, 9513, 2351, 2192, 7823, 2028, 2374, 4215, 6730, 3604, 4504, 8183, 9017, 1298, 4415, 2291, 9071, 3167, 5262, 6694, 3599, 133, 7777, 3078, 4541, 1823, 7917, 3785, 9736, 9709, 3511, 4798, 5923, 5360, 7249, 2047, 4419, 1581, 4356, 4699, 3710, 6681, 1856, 1611, 6889, 6926, 4368, 2339, 9203, 7724, 1571, 2099, 577, 7233, 5038, 7915, 7689, 6243, 4018, 8322, 1874, 9926, 7259, 3205, 5046, 3093, 3503, 2690, 9713, 2063, 5176, 3848, 1383, 5955, 4031, 7472, 2394, 8182, 791, 3698, 499, 167, 618, 6668, 3921, 9417, 6460, 2658, 1941, 2200, 6756, 5887, 6613, 213, 381, 1363, 1121, 7220, 9975, 1204, 511, 1886, 432, 4327, 2297, 1641, 1062, 1192, 952, 3534, 4968, 1469, 2404, 187, 8115, 1701, 2419, 943, 9780, 951, 4735, 4827, 4505, 2183, 4552, 4721, 9698, 3139, 9522, 829, 1965, 8316, 3952, 2930, 9912, 5986, 1981, 2552, 9733, 741, 114, 3776, 3441, 3193, 3262, 6517, 486, 6592, 9904, 3702, 7718, 1357, 3519, 4679, 2689, 613, 5209, 1263, 4228, 6558, 9596, 1722, 6791, 1229, 3456, 3202, 4922, 9649, 4238, 3422, 9773, 4748, 4954, 2636, 3685, 6303, 495, 2386, 6645, 1077, 3629, 3739, 7186, 7235, 1391, 1125, 6721, 1718, 7451, 7445, 7822, 3772, 3476, 5457, 2589, 4246, 2877, 1903, 1727, 2508, 1314, 3550, 2162, 6004, 7982, 3762, 341, 8156, 1315, 2464, 6056, 8198, 876, 2110, 4500, 9731, 4548, 2532, 6043, 4746]
[195, 2305, 9858, 3795, 165, 9677, 7870, 6035, 5269, 3976, 9891, 5824, 3598, 7671, 7332, 619, 317, 922, 582, 8288, 2369, 7248, 738, 8246, 6560, 1857, 6741, 2794, 9666, 9612, 751, 1948, 4154, 3150, 268, 5957, 8061, 4369, 9743, 1157, 2556, 8327, 1091, 245, 1198, 1772, 6905, 4065, 2011, 5308, 3806, 5261, 2433, 3681, 7876, 2905, 8091, 4761, 6883, 6722, 3893, 4690, 6570, 9553, 1640, 301, 7454, 8353, 6692, 9883, 4755, 4454, 7210, 9652, 3117, 3749, 325, 1078, 4293, 3580, 2668, 6109, 104, 4814, 6813, 3364, 1050, 9194, 6561, 3820, 2834, 2125, 4314, 7850, 7448, 9479, 2229, 66, 1209, 159, 6093, 6742, 8272, 3106, 2009, 689, 1607, 7945, 4317, 3723, 6651, 3295, 3525, 3725, 4785, 930, 2670, 2430, 1023, 2348, 9783, 1782, 290, 5083, 2180, 6080, 456, 4487, 5143, 7498, 9182, 5173, 9691, 4808, 3133, 4433, 4681, 4440, 3336, 1344, 3365, 6872, 3166, 3771, 9211, 2052, 6625, 2534, 7490, 3170, 5288, 9892, 1317, 6662, 515, 795, 6564, 171, 2082, 1328, 730, 4657, 9046, 846, 4820, 6021, 5890, 3062, 5135, 9922, 2144, 9634, 5105, 610, 9141, 7241, 1775, 6161, 3103, 1938, 1128, 1494, 1289, 1901, 2131, 4007, 4575, 9538, 1096, 9013, 827, 4669, 674, 9045, 9746, 2560, 1878, 2770, 4997, 8444, 9035, 421, 9427, 1159, 7459, 6769, 7952, 991, 4966, 9856, 2635, 4860, 4187, 4727, 3836, 1152, 4948, 8889, 9447, 998, 7349, 488, 6391, 8279, 1266, 7262, 96, 5735, 478, 6573, 4131, 1072, 6894, 3726, 6627, 553, 3448, 3108, 9826, 550, 4640, 2507, 960, 4967, 4658, 2659, 1663, 2109, 7216, 6538, 460, 571, 6027, 7473, 7153, 1642, 1117, 7436, 3705, 7434, 8107, 6603, 2263, 3186, 8276, 2488, 3975, 8472, 344, 3263, 9814, 7049, 243, 8020, 3436, 1362, 3189, 3691, 2149, 1079, 3218, 9513, 2351, 2192, 7823, 2028, 2374, 4215, 6730, 3604, 4504, 8183, 9017, 1298, 4415, 2291, 9071, 3167, 5262, 6694, 3599, 133, 7777, 3078, 4541, 1823, 7917, 3785, 9736, 9709, 3511, 4798, 5923, 5360, 7249, 2047, 4419, 1581, 4356, 4699, 3710, 6681, 1856, 1611, 6889, 6926, 4368, 2339, 9203, 7724, 1571, 2099, 577, 7233, 5038, 7915, 7689, 6243, 4018, 8322, 1874, 9926, 7259, 3205, 5046, 3093, 3503, 2690, 9713, 2063, 5176, 3848, 1383, 5955, 4031, 7472, 2394, 8182, 791, 3698, 499, 167, 618, 6668, 3921, 9417, 6460, 2658, 1941, 2200, 6756, 5887, 6613, 213, 381, 1363, 1121, 7220, 9975, 1204, 511, 1886, 432, 4327, 2297, 1641, 1062, 1192, 952, 3534, 4968, 1469, 2404, 187, 8115, 1701, 2419, 943, 9780, 951, 4735, 4827, 4505, 2183, 4552, 4721, 9698, 3139, 9522, 829, 1965, 8316, 3952, 2930, 9912, 5986, 1981, 2552, 9733, 741, 114, 3776, 3441, 3193, 3262, 6517, 486, 6592, 9904, 3702, 7718, 1357, 3519, 4679, 2689, 613, 5209, 1263, 4228, 6558, 9596, 1722, 6791, 1229, 3456, 3202, 4922, 9649, 4238, 3422, 9773, 4748, 4954, 2636, 3685, 6303, 495, 2386, 6645, 1077, 3629, 3739, 7186, 7235, 1391, 1125, 6721, 1718, 7451, 7445, 7822, 3772, 3476, 5457, 2589, 4246, 2877, 1903, 1727, 2508, 1314, 3550, 2162, 6004, 7982, 3762, 341, 8156, 1315, 2464, 6056, 8198, 876, 2110, 4500, 9731, 4548, 2532, 6043, 4746]
[195, 2305, 9858, 3795, 165, 9677, 7870, 6035, 5269, 3976, 9891, 5824, 3598, 7671, 7332, 619, 317, 922, 582, 8288, 2369, 7248, 738, 8246, 6560, 1857, 6741, 2794, 9666, 9612, 751, 1948, 4154, 3150, 268, 5957, 8061, 4369, 9743, 1157, 2556, 8327, 1091, 245, 1198, 1772, 6905, 4065, 2011, 5308, 3806, 5261, 2433, 3681, 7876, 2905, 8091, 4761, 6883, 6722, 3893, 4690, 6570, 9553, 1640, 301, 7454, 8353, 6692, 9883, 4755, 4454, 7210, 9652, 3117, 3749, 325, 1078, 4293, 3580, 2668, 6109, 104, 4814, 6813, 3364, 1050, 9194, 6561, 3820, 2834, 2125, 4314, 7850, 7448, 9479, 2229, 66, 1209, 159, 6093, 6742, 8272, 3106, 2009, 689, 1607, 7945, 4317, 3723, 6651, 3295, 3525, 3725, 4785, 930, 2670, 2430, 1023, 2348, 9783, 1782, 290, 5083, 2180, 6080, 456, 4487, 5143, 7498, 9182, 5173, 9691, 4808, 3133, 4433, 4681, 4440, 3336, 1344, 3365, 6872, 3166, 3771, 9211, 2052, 6625, 2534, 7490, 3170, 5288, 9892, 1317, 6662, 515, 795, 6564, 171, 2082, 1328, 730, 4657, 9046, 846, 4820, 6021, 5890, 3062, 5135, 9922, 2144, 9634, 5105, 610, 9141, 7241, 1775, 6161, 3103, 1938, 1128, 1494, 1289, 1901, 2131, 4007, 4575, 9538, 1096, 9013, 827, 4669, 674, 9045, 9746, 2560, 1878, 2770, 4997, 8444, 9035, 421, 9427, 1159, 7459, 6769, 7952, 991, 4966, 9856, 2635, 4860, 4187, 4727, 3836, 1152, 4948, 8889, 9447, 998, 7349, 488, 6391, 8279, 1266, 7262, 96, 5735, 478, 6573, 4131, 1072, 6894, 3726, 6627, 553, 3448, 3108, 9826, 550, 4640, 2507, 960, 4967, 4658, 2659, 1663, 2109, 7216, 6538, 460, 571, 6027, 7473, 7153, 1642, 1117, 7436, 3705, 7434, 8107, 6603, 2263, 3186, 8276, 2488, 3975, 8472, 344, 3263, 9814, 7049, 243, 8020, 3436, 1362, 3189, 3691, 2149, 1079, 3218, 9513, 2351, 2192, 7823, 2028, 2374, 4215, 6730, 3604, 4504, 8183, 9017, 1298, 4415, 2291, 9071, 3167, 5262, 6694, 3599, 133, 7777, 3078, 4541, 1823, 7917, 3785, 9736, 9709, 3511, 4798, 5923, 5360, 7249, 2047, 4419, 1581, 4356, 4699, 3710, 6681, 1856, 1611, 6889, 6926, 4368, 2339, 9203, 7724, 1571, 2099, 577, 7233, 5038, 7915, 7689, 6243, 4018, 8322, 1874, 9926, 7259, 3205, 5046, 3093, 3503, 2690, 9713, 2063, 5176, 3848, 1383, 5955, 4031, 7472, 2394, 8182, 791, 3698, 499, 167, 618, 6668, 3921, 9417, 6460, 2658, 1941, 2200, 6756, 5887, 6613, 213, 381, 1363, 1121, 7220, 9975, 1204, 511, 1886, 432, 4327, 2297, 1641, 1062, 1192, 952, 3534, 4968, 1469, 2404, 187, 8115, 1701, 2419, 943, 9780, 951, 4735, 4827, 4505, 2183, 4552, 4721, 9698, 3139, 9522, 829, 1965, 8316, 3952, 2930, 9912, 5986, 1981, 2552, 9733, 741, 114, 3776, 3441, 3193, 3262, 6517, 486, 6592, 9904, 3702, 7718, 1357, 3519, 4679, 2689, 613, 5209, 1263, 4228, 6558, 9596, 1722, 6791, 1229, 3456, 3202, 4922, 9649, 4238, 3422, 9773, 4748, 4954, 2636, 3685, 6303, 495, 2386, 6645, 1077, 3629, 3739, 7186, 7235, 1391, 1125, 6721, 1718, 7451, 7445, 7822, 3772, 3476, 5457, 2589, 4246, 2877, 1903, 1727, 2508, 1314, 3550, 2162, 6004, 7982, 3762, 341, 8156, 1315, 2464, 6056, 8198, 876, 2110, 4500, 9731, 4548, 2532, 6043, 4746]
[195, 2305, 9858, 3795, 165, 9677, 7870, 6035, 5269, 3976, 9891, 5824, 3598, 7671, 7332, 619, 317, 922, 582, 8288, 2369, 7248, 738, 8246, 6560, 1857, 6741, 2794, 9666, 9612, 751, 1948, 4154, 3150, 268, 5957, 8061, 4369, 9743, 1157, 2556, 8327, 1091, 245, 1198, 1772, 6905, 4065, 2011, 5308, 3806, 5261, 2433, 3681, 7876, 2905, 8091, 4761, 6883, 6722, 3893, 4690, 6570, 9553, 1640, 301, 7454, 8353, 6692, 9883, 4755, 4454, 7210, 9652, 3117, 3749, 325, 1078, 4293, 3580, 2668, 6109, 104, 4814, 6813, 3364, 1050, 9194, 6561, 3820, 2834, 2125, 4314, 7850, 7448, 9479, 2229, 66, 1209, 159, 6093, 6742, 8272, 3106, 2009, 689, 1607, 7945, 4317, 3723, 6651, 3295, 3525, 3725, 4785, 930, 2670, 2430, 1023, 2348, 9783, 1782, 290, 5083, 2180, 6080, 456, 4487, 5143, 7498, 9182, 5173, 9691, 4808, 3133, 4433, 4681, 4440, 3336, 1344, 3365, 6872, 3166, 3771, 9211, 2052, 6625, 2534, 7490, 3170, 5288, 9892, 1317, 6662, 515, 795, 6564, 171, 2082, 1328, 730, 4657, 9046, 846, 4820, 6021, 5890, 3062, 5135, 9922, 2144, 9634, 5105, 610, 9141, 7241, 1775, 6161, 3103, 1938, 1128, 1494, 1289, 1901, 2131, 4007, 4575, 9538, 1096, 9013, 827, 4669, 674, 9045, 9746, 2560, 1878, 2770, 4997, 8444, 9035, 421, 9427, 1159, 7459, 6769, 7952, 991, 4966, 9856, 2635, 4860, 4187, 4727, 3836, 1152, 4948, 8889, 9447, 998, 7349, 488, 6391, 8279, 1266, 7262, 96, 5735, 478, 6573, 4131, 1072, 6894, 3726, 6627, 553, 3448, 3108, 9826, 550, 4640, 2507, 960, 4967, 4658, 2659, 1663, 2109, 7216, 6538, 460, 571, 6027, 7473, 7153, 1642, 1117, 7436, 3705, 7434, 8107, 6603, 2263, 3186, 8276, 2488, 3975, 8472, 344, 3263, 9814, 7049, 243, 8020, 3436, 1362, 3189, 3691, 2149, 1079, 3218, 9513, 2351, 2192, 7823, 2028, 2374, 4215, 6730, 3604, 4504, 8183, 9017, 1298, 4415, 2291, 9071, 3167, 5262, 6694, 3599, 133, 7777, 3078, 4541, 1823, 7917, 3785, 9736, 9709, 3511, 4798, 5923, 5360, 7249, 2047, 4419, 1581, 4356, 4699, 3710, 6681, 1856, 1611, 6889, 6926, 4368, 2339, 9203, 7724, 1571, 2099, 577, 7233, 5038, 7915, 7689, 6243, 4018, 8322, 1874, 9926, 7259, 3205, 5046, 3093, 3503, 2690, 9713, 2063, 5176, 3848, 1383, 5955, 4031, 7472, 2394, 8182, 791, 3698, 499, 167, 618, 6668, 3921, 9417, 6460, 2658, 1941, 2200, 6756, 5887, 6613, 213, 381, 1363, 1121, 7220, 9975, 1204, 511, 1886, 432, 4327, 2297, 1641, 1062, 1192, 952, 3534, 4968, 1469, 2404, 187, 8115, 1701, 2419, 943, 9780, 951, 4735, 4827, 4505, 2183, 4552, 4721, 9698, 3139, 9522, 829, 1965, 8316, 3952, 2930, 9912, 5986, 1981, 2552, 9733, 741, 114, 3776, 3441, 3193, 3262, 6517, 486, 6592, 9904, 3702, 7718, 1357, 3519, 4679, 2689, 613, 5209, 1263, 4228, 6558, 9596, 1722, 6791, 1229, 3456, 3202, 4922, 9649, 4238, 3422, 9773, 4748, 4954, 2636, 3685, 6303, 495, 2386, 6645, 1077, 3629, 3739, 7186, 7235, 1391, 1125, 6721, 1718, 7451, 7445, 7822, 3772, 3476, 5457, 2589, 4246, 2877, 1903, 1727, 2508, 1314, 3550, 2162, 6004, 7982, 3762, 341, 8156, 1315, 2464, 6056, 8198, 876, 2110, 4500, 9731, 4548, 2532, 6043, 4746]
[195, 2305, 9858, 3795, 165, 9677, 7870, 6035, 5269, 3976, 9891, 5824, 3598, 7671, 7332, 619, 317, 922, 582, 8288, 2369, 7248, 738, 8246, 6560, 1857, 6741, 2794, 9666, 9612, 751, 1948, 4154, 3150, 268, 5957, 8061, 4369, 9743, 1157, 2556, 8327, 1091, 245, 1198, 1772, 6905, 4065, 2011, 5308, 3806, 5261, 2433, 3681, 7876, 2905, 8091, 4761, 6883, 6722, 3893, 4690, 6570, 9553, 1640, 301, 7454, 8353, 6692, 9883, 4755, 4454, 7210, 9652, 3117, 3749, 325, 1078, 4293, 3580, 2668, 6109, 104, 4814, 6813, 3364, 1050, 9194, 6561, 3820, 2834, 2125, 4314, 7850, 7448, 9479, 2229, 66, 1209, 159, 6093, 6742, 8272, 3106, 2009, 689, 1607, 7945, 4317, 3723, 6651, 3295, 3525, 3725, 4785, 930, 2670, 2430, 1023, 2348, 9783, 1782, 290, 5083, 2180, 6080, 456, 4487, 5143, 7498, 9182, 5173, 9691, 4808, 3133, 4433, 4681, 4440, 3336, 1344, 3365, 6872, 3166, 3771, 9211, 2052, 6625, 2534, 7490, 3170, 5288, 9892, 1317, 6662, 515, 795, 6564, 171, 2082, 1328, 730, 4657, 9046, 846, 4820, 6021, 5890, 3062, 5135, 9922, 2144, 9634, 5105, 610, 9141, 7241, 1775, 6161, 3103, 1938, 1128, 1494, 1289, 1901, 2131, 4007, 4575, 9538, 1096, 9013, 827, 4669, 674, 9045, 9746, 2560, 1878, 2770, 4997, 8444, 9035, 421, 9427, 1159, 7459, 6769, 7952, 991, 4966, 9856, 2635, 4860, 4187, 4727, 3836, 1152, 4948, 8889, 9447, 998, 7349, 488, 6391, 8279, 1266, 7262, 96, 5735, 478, 6573, 4131, 1072, 6894, 3726, 6627, 553, 3448, 3108, 9826, 550, 4640, 2507, 960, 4967, 4658, 2659, 1663, 2109, 7216, 6538, 460, 571, 6027, 7473, 7153, 1642, 1117, 7436, 3705, 7434, 8107, 6603, 2263, 3186, 8276, 2488, 3975, 8472, 344, 3263, 9814, 7049, 243, 8020, 3436, 1362, 3189, 3691, 2149, 1079, 3218, 9513, 2351, 2192, 7823, 2028, 2374, 4215, 6730, 3604, 4504, 8183, 9017, 1298, 4415, 2291, 9071, 3167, 5262, 6694, 3599, 133, 7777, 3078, 4541, 1823, 7917, 3785, 9736, 9709, 3511, 4798, 5923, 5360, 7249, 2047, 4419, 1581, 4356, 4699, 3710, 6681, 1856, 1611, 6889, 6926, 4368, 2339, 9203, 7724, 1571, 2099, 577, 7233, 5038, 7915, 7689, 6243, 4018, 8322, 1874, 9926, 7259, 3205, 5046, 3093, 3503, 2690, 9713, 2063, 5176, 3848, 1383, 5955, 4031, 7472, 2394, 8182, 791, 3698, 499, 167, 618, 6668, 3921, 9417, 6460, 2658, 1941, 2200, 6756, 5887, 6613, 213, 381, 1363, 1121, 7220, 9975, 1204, 511, 1886, 432, 4327, 2297, 1641, 1062, 1192, 952, 3534, 4968, 1469, 2404, 187, 8115, 1701, 2419, 943, 9780, 951, 4735, 4827, 4505, 2183, 4552, 4721, 9698, 3139, 9522, 829, 1965, 8316, 3952, 2930, 9912, 5986, 1981, 2552, 9733, 741, 114, 3776, 3441, 3193, 3262, 6517, 486, 6592, 9904, 3702, 7718, 1357, 3519, 4679, 2689, 613, 5209, 1263, 4228, 6558, 9596, 1722, 6791, 1229, 3456, 3202, 4922, 9649, 4238, 3422, 9773, 4748, 4954, 2636, 3685, 6303, 495, 2386, 6645, 1077, 3629, 3739, 7186, 7235, 1391, 1125, 6721, 1718, 7451, 7445, 7822, 3772, 3476, 5457, 2589, 4246, 2877, 1903, 1727, 2508, 1314, 3550, 2162, 6004, 7982, 3762, 341, 8156, 1315, 2464, 6056, 8198, 876, 2110, 4500, 9731, 4548, 2532, 6043, 4746]
[195, 2305, 9858, 3795, 165, 9677, 7870, 6035, 5269, 3976, 9891, 5824, 3598, 7671, 7332, 619, 317, 922, 582, 8288, 2369, 7248, 738, 8246, 6560, 1857, 6741, 2794, 9666, 9612, 751, 1948, 4154, 3150, 268, 5957, 8061, 4369, 9743, 1157, 2556, 8327, 1091, 245, 1198, 1772, 6905, 4065, 2011, 5308, 3806, 5261, 2433, 3681, 7876, 2905, 8091, 4761, 6883, 6722, 3893, 4690, 6570, 9553, 1640, 301, 7454, 8353, 6692, 9883, 4755, 4454, 7210, 9652, 3117, 3749, 325, 1078, 4293, 3580, 2668, 6109, 104, 4814, 6813, 3364, 1050, 9194, 6561, 3820, 2834, 2125, 4314, 7850, 7448, 9479, 2229, 66, 1209, 159, 6093, 6742, 8272, 3106, 2009, 689, 1607, 7945, 4317, 3723, 6651, 3295, 3525, 3725, 4785, 930, 2670, 2430, 1023, 2348, 9783, 1782, 290, 5083, 2180, 6080, 456, 4487, 5143, 7498, 9182, 5173, 9691, 4808, 3133, 4433, 4681, 4440, 3336, 1344, 3365, 6872, 3166, 3771, 9211, 2052, 6625, 2534, 7490, 3170, 5288, 9892, 1317, 6662, 515, 795, 6564, 171, 2082, 1328, 730, 4657, 9046, 846, 4820, 6021, 5890, 3062, 5135, 9922, 2144, 9634, 5105, 610, 9141, 7241, 1775, 6161, 3103, 1938, 1128, 1494, 1289, 1901, 2131, 4007, 4575, 9538, 1096, 9013, 827, 4669, 674, 9045, 9746, 2560, 1878, 2770, 4997, 8444, 9035, 421, 9427, 1159, 7459, 6769, 7952, 991, 4966, 9856, 2635, 4860, 4187, 4727, 3836, 1152, 4948, 8889, 9447, 998, 7349, 488, 6391, 8279, 1266, 7262, 96, 5735, 478, 6573, 4131, 1072, 6894, 3726, 6627, 553, 3448, 3108, 9826, 550, 4640, 2507, 960, 4967, 4658, 2659, 1663, 2109, 7216, 6538, 460, 571, 6027, 7473, 7153, 1642, 1117, 7436, 3705, 7434, 8107, 6603, 2263, 3186, 8276, 2488, 3975, 8472, 344, 3263, 9814, 7049, 243, 8020, 3436, 1362, 3189, 3691, 2149, 1079, 3218, 9513, 2351, 2192, 7823, 2028, 2374, 4215, 6730, 3604, 4504, 8183, 9017, 1298, 4415, 2291, 9071, 3167, 5262, 6694, 3599, 133, 7777, 3078, 4541, 1823, 7917, 3785, 9736, 9709, 3511, 4798, 5923, 5360, 7249, 2047, 4419, 1581, 4356, 4699, 3710, 6681, 1856, 1611, 6889, 6926, 4368, 2339, 9203, 7724, 1571, 2099, 577, 7233, 5038, 7915, 7689, 6243, 4018, 8322, 1874, 9926, 7259, 3205, 5046, 3093, 3503, 2690, 9713, 2063, 5176, 3848, 1383, 5955, 4031, 7472, 2394, 8182, 791, 3698, 499, 167, 618, 6668, 3921, 9417, 6460, 2658, 1941, 2200, 6756, 5887, 6613, 213, 381, 1363, 1121, 7220, 9975, 1204, 511, 1886, 432, 4327, 2297, 1641, 1062, 1192, 952, 3534, 4968, 1469, 2404, 187, 8115, 1701, 2419, 943, 9780, 951, 4735, 4827, 4505, 2183, 4552, 4721, 9698, 3139, 9522, 829, 1965, 8316, 3952, 2930, 9912, 5986, 1981, 2552, 9733, 741, 114, 3776, 3441, 3193, 3262, 6517, 486, 6592, 9904, 3702, 7718, 1357, 3519, 4679, 2689, 613, 5209, 1263, 4228, 6558, 9596, 1722, 6791, 1229, 3456, 3202, 4922, 9649, 4238, 3422, 9773, 4748, 4954, 2636, 3685, 6303, 495, 2386, 6645, 1077, 3629, 3739, 7186, 7235, 1391, 1125, 6721, 1718, 7451, 7445, 7822, 3772, 3476, 5457, 2589, 4246, 2877, 1903, 1727, 2508, 1314, 3550, 2162, 6004, 7982, 3762, 341, 8156, 1315, 2464, 6056, 8198, 876, 2110, 4500, 9731, 4548, 2532, 6043, 4746]
[195, 2305, 9858, 3795, 165, 9677, 7870, 6035, 5269, 3976, 9891, 5824, 3598, 7671, 7332, 619, 317, 922, 582, 8288, 2369, 7248, 738, 8246, 6560, 1857, 6741, 2794, 9666, 9612, 751, 1948, 4154, 3150, 268, 5957, 8061, 4369, 9743, 1157, 2556, 8327, 1091, 245, 1198, 1772, 6905, 4065, 2011, 5308, 3806, 5261, 2433, 3681, 7876, 2905, 8091, 4761, 6883, 6722, 3893, 4690, 6570, 9553, 1640, 301, 7454, 8353, 6692, 9883, 4755, 4454, 7210, 9652, 3117, 3749, 325, 1078, 4293, 3580, 2668, 6109, 104, 4814, 6813, 3364, 1050, 9194, 6561, 3820, 2834, 2125, 4314, 7850, 7448, 9479, 2229, 66, 1209, 159, 6093, 6742, 8272, 3106, 2009, 689, 1607, 7945, 4317, 3723, 6651, 3295, 3525, 3725, 4785, 930, 2670, 2430, 1023, 2348, 9783, 1782, 290, 5083, 2180, 6080, 456, 4487, 5143, 7498, 9182, 5173, 9691, 4808, 3133, 4433, 4681, 4440, 3336, 1344, 3365, 6872, 3166, 3771, 9211, 2052, 6625, 2534, 7490, 3170, 5288, 9892, 1317, 6662, 515, 795, 6564, 171, 2082, 1328, 730, 4657, 9046, 846, 4820, 6021, 5890, 3062, 5135, 9922, 2144, 9634, 5105, 610, 9141, 7241, 1775, 6161, 3103, 1938, 1128, 1494, 1289, 1901, 2131, 4007, 4575, 9538, 1096, 9013, 827, 4669, 674, 9045, 9746, 2560, 1878, 2770, 4997, 8444, 9035, 421, 9427, 1159, 7459, 6769, 7952, 991, 4966, 9856, 2635, 4860, 4187, 4727, 3836, 1152, 4948, 8889, 9447, 998, 7349, 488, 6391, 8279, 1266, 7262, 96, 5735, 478, 6573, 4131, 1072, 6894, 3726, 6627, 553, 3448, 3108, 9826, 550, 4640, 2507, 960, 4967, 4658, 2659, 1663, 2109, 7216, 6538, 460, 571, 6027, 7473, 7153, 1642, 1117, 7436, 3705, 7434, 8107, 6603, 2263, 3186, 8276, 2488, 3975, 8472, 344, 3263, 9814, 7049, 243, 8020, 3436, 1362, 3189, 3691, 2149, 1079, 3218, 9513, 2351, 2192, 7823, 2028, 2374, 4215, 6730, 3604, 4504, 8183, 9017, 1298, 4415, 2291, 9071, 3167, 5262, 6694, 3599, 133, 7777, 3078, 4541, 1823, 7917, 3785, 9736, 9709, 3511, 4798, 5923, 5360, 7249, 2047, 4419, 1581, 4356, 4699, 3710, 6681, 1856, 1611, 6889, 6926, 4368, 2339, 9203, 7724, 1571, 2099, 577, 7233, 5038, 7915, 7689, 6243, 4018, 8322, 1874, 9926, 7259, 3205, 5046, 3093, 3503, 2690, 9713, 2063, 5176, 3848, 1383, 5955, 4031, 7472, 2394, 8182, 791, 3698, 499, 167, 618, 6668, 3921, 9417, 6460, 2658, 1941, 2200, 6756, 5887, 6613, 213, 381, 1363, 1121, 7220, 9975, 1204, 511, 1886, 432, 4327, 2297, 1641, 1062, 1192, 952, 3534, 4968, 1469, 2404, 187, 8115, 1701, 2419, 943, 9780, 951, 4735, 4827, 4505, 2183, 4552, 4721, 9698, 3139, 9522, 829, 1965, 8316, 3952, 2930, 9912, 5986, 1981, 2552, 9733, 741, 114, 3776, 3441, 3193, 3262, 6517, 486, 6592, 9904, 3702, 7718, 1357, 3519, 4679, 2689, 613, 5209, 1263, 4228, 6558, 9596, 1722, 6791, 1229, 3456, 3202, 4922, 9649, 4238, 3422, 9773, 4748, 4954, 2636, 3685, 6303, 495, 2386, 6645, 1077, 3629, 3739, 7186, 7235, 1391, 1125, 6721, 1718, 7451, 7445, 7822, 3772, 3476, 5457, 2589, 4246, 2877, 1903, 1727, 2508, 1314, 3550, 2162, 6004, 7982, 3762, 341, 8156, 1315, 2464, 6056, 8198, 876, 2110, 4500, 9731, 4548, 2532, 6043, 4746]
[195, 2305, 9858, 3795, 165, 9677, 7870, 6035, 5269, 3976, 9891, 5824, 3598, 7671, 7332, 619, 317, 922, 582, 8288, 2369, 7248, 738, 8246, 6560, 1857, 6741, 2794, 9666, 9612, 751, 1948, 4154, 3150, 268, 5957, 8061, 4369, 9743, 1157, 2556, 8327, 1091, 245, 1198, 1772, 6905, 4065, 2011, 5308, 3806, 5261, 2433, 3681, 7876, 2905, 8091, 4761, 6883, 6722, 3893, 4690, 6570, 9553, 1640, 301, 7454, 8353, 6692, 9883, 4755, 4454, 7210, 9652, 3117, 3749, 325, 1078, 4293, 3580, 2668, 6109, 104, 4814, 6813, 3364, 1050, 9194, 6561, 3820, 2834, 2125, 4314, 7850, 7448, 9479, 2229, 66, 1209, 159, 6093, 6742, 8272, 3106, 2009, 689, 1607, 7945, 4317, 3723, 6651, 3295, 3525, 3725, 4785, 930, 2670, 2430, 1023, 2348, 9783, 1782, 290, 5083, 2180, 6080, 456, 4487, 5143, 7498, 9182, 5173, 9691, 4808, 3133, 4433, 4681, 4440, 3336, 1344, 3365, 6872, 3166, 3771, 9211, 2052, 6625, 2534, 7490, 3170, 5288, 9892, 1317, 6662, 515, 795, 6564, 171, 2082, 1328, 730, 4657, 9046, 846, 4820, 6021, 5890, 3062, 5135, 9922, 2144, 9634, 5105, 610, 9141, 7241, 1775, 6161, 3103, 1938, 1128, 1494, 1289, 1901, 2131, 4007, 4575, 9538, 1096, 9013, 827, 4669, 674, 9045, 9746, 2560, 1878, 2770, 4997, 8444, 9035, 421, 9427, 1159, 7459, 6769, 7952, 991, 4966, 9856, 2635, 4860, 4187, 4727, 3836, 1152, 4948, 8889, 9447, 998, 7349, 488, 6391, 8279, 1266, 7262, 96, 5735, 478, 6573, 4131, 1072, 6894, 3726, 6627, 553, 3448, 3108, 9826, 550, 4640, 2507, 960, 4967, 4658, 2659, 1663, 2109, 7216, 6538, 460, 571, 6027, 7473, 7153, 1642, 1117, 7436, 3705, 7434, 8107, 6603, 2263, 3186, 8276, 2488, 3975, 8472, 344, 3263, 9814, 7049, 243, 8020, 3436, 1362, 3189, 3691, 2149, 1079, 3218, 9513, 2351, 2192, 7823, 2028, 2374, 4215, 6730, 3604, 4504, 8183, 9017, 1298, 4415, 2291, 9071, 3167, 5262, 6694, 3599, 133, 7777, 3078, 4541, 1823, 7917, 3785, 9736, 9709, 3511, 4798, 5923, 5360, 7249, 2047, 4419, 1581, 4356, 4699, 3710, 6681, 1856, 1611, 6889, 6926, 4368, 2339, 9203, 7724, 1571, 2099, 577, 7233, 5038, 7915, 7689, 6243, 4018, 8322, 1874, 9926, 7259, 3205, 5046, 3093, 3503, 2690, 9713, 2063, 5176, 3848, 1383, 5955, 4031, 7472, 2394, 8182, 791, 3698, 499, 167, 618, 6668, 3921, 9417, 6460, 2658, 1941, 2200, 6756, 5887, 6613, 213, 381, 1363, 1121, 7220, 9975, 1204, 511, 1886, 432, 4327, 2297, 1641, 1062, 1192, 952, 3534, 4968, 1469, 2404, 187, 8115, 1701, 2419, 943, 9780, 951, 4735, 4827, 4505, 2183, 4552, 4721, 9698, 3139, 9522, 829, 1965, 8316, 3952, 2930, 9912, 5986, 1981, 2552, 9733, 741, 114, 3776, 3441, 3193, 3262, 6517, 486, 6592, 9904, 3702, 7718, 1357, 3519, 4679, 2689, 613, 5209, 1263, 4228, 6558, 9596, 1722, 6791, 1229, 3456, 3202, 4922, 9649, 4238, 3422, 9773, 4748, 4954, 2636, 3685, 6303, 495, 2386, 6645, 1077, 3629, 3739, 7186, 7235, 1391, 1125, 6721, 1718, 7451, 7445, 7822, 3772, 3476, 5457, 2589, 4246, 2877, 1903, 1727, 2508, 1314, 3550, 2162, 6004, 7982, 3762, 341, 8156, 1315, 2464, 6056, 8198, 876, 2110, 4500, 9731, 4548, 2532, 6043, 4746]
[195, 2305, 9858, 3795, 165, 9677, 7870, 6035, 5269, 3976, 9891, 5824, 3598, 7671, 7332, 619, 317, 922, 582, 8288, 2369, 7248, 738, 8246, 6560, 1857, 6741, 2794, 9666, 9612, 751, 1948, 4154, 3150, 268, 5957, 8061, 4369, 9743, 1157, 2556, 8327, 1091, 245, 1198, 1772, 6905, 4065, 2011, 5308, 3806, 5261, 2433, 3681, 7876, 2905, 8091, 4761, 6883, 6722, 3893, 4690, 6570, 9553, 1640, 301, 7454, 8353, 6692, 9883, 4755, 4454, 7210, 9652, 3117, 3749, 325, 1078, 4293, 3580, 2668, 6109, 104, 4814, 6813, 3364, 1050, 9194, 6561, 3820, 2834, 2125, 4314, 7850, 7448, 9479, 2229, 66, 1209, 159, 6093, 6742, 8272, 3106, 2009, 689, 1607, 7945, 4317, 3723, 6651, 3295, 3525, 3725, 4785, 930, 2670, 2430, 1023, 2348, 9783, 1782, 290, 5083, 2180, 6080, 456, 4487, 5143, 7498, 9182, 5173, 9691, 4808, 3133, 4433, 4681, 4440, 3336, 1344, 3365, 6872, 3166, 3771, 9211, 2052, 6625, 2534, 7490, 3170, 5288, 9892, 1317, 6662, 515, 795, 6564, 171, 2082, 1328, 730, 4657, 9046, 846, 4820, 6021, 5890, 3062, 5135, 9922, 2144, 9634, 5105, 610, 9141, 7241, 1775, 6161, 3103, 1938, 1128, 1494, 1289, 1901, 2131, 4007, 4575, 9538, 1096, 9013, 827, 4669, 674, 9045, 9746, 2560, 1878, 2770, 4997, 8444, 9035, 421, 9427, 1159, 7459, 6769, 7952, 991, 4966, 9856, 2635, 4860, 4187, 4727, 3836, 1152, 4948, 8889, 9447, 998, 7349, 488, 6391, 8279, 1266, 7262, 96, 5735, 478, 6573, 4131, 1072, 6894, 3726, 6627, 553, 3448, 3108, 9826, 550, 4640, 2507, 960, 4967, 4658, 2659, 1663, 2109, 7216, 6538, 460, 571, 6027, 7473, 7153, 1642, 1117, 7436, 3705, 7434, 8107, 6603, 2263, 3186, 8276, 2488, 3975, 8472, 344, 3263, 9814, 7049, 243, 8020, 3436, 1362, 3189, 3691, 2149, 1079, 3218, 9513, 2351, 2192, 7823, 2028, 2374, 4215, 6730, 3604, 4504, 8183, 9017, 1298, 4415, 2291, 9071, 3167, 5262, 6694, 3599, 133, 7777, 3078, 4541, 1823, 7917, 3785, 9736, 9709, 3511, 4798, 5923, 5360, 7249, 2047, 4419, 1581, 4356, 4699, 3710, 6681, 1856, 1611, 6889, 6926, 4368, 2339, 9203, 7724, 1571, 2099, 577, 7233, 5038, 7915, 7689, 6243, 4018, 8322, 1874, 9926, 7259, 3205, 5046, 3093, 3503, 2690, 9713, 2063, 5176, 3848, 1383, 5955, 4031, 7472, 2394, 8182, 791, 3698, 499, 167, 618, 6668, 3921, 9417, 6460, 2658, 1941, 2200, 6756, 5887, 6613, 213, 381, 1363, 1121, 7220, 9975, 1204, 511, 1886, 432, 4327, 2297, 1641, 1062, 1192, 952, 3534, 4968, 1469, 2404, 187, 8115, 1701, 2419, 943, 9780, 951, 4735, 4827, 4505, 2183, 4552, 4721, 9698, 3139, 9522, 829, 1965, 8316, 3952, 2930, 9912, 5986, 1981, 2552, 9733, 741, 114, 3776, 3441, 3193, 3262, 6517, 486, 6592, 9904, 3702, 7718, 1357, 3519, 4679, 2689, 613, 5209, 1263, 4228, 6558, 9596, 1722, 6791, 1229, 3456, 3202, 4922, 9649, 4238, 3422, 9773, 4748, 4954, 2636, 3685, 6303, 495, 2386, 6645, 1077, 3629, 3739, 7186, 7235, 1391, 1125, 6721, 1718, 7451, 7445, 7822, 3772, 3476, 5457, 2589, 4246, 2877, 1903, 1727, 2508, 1314, 3550, 2162, 6004, 7982, 3762, 341, 8156, 1315, 2464, 6056, 8198, 876, 2110, 4500, 9731, 4548, 2532, 6043, 4746]
[195, 2305, 9858, 3795, 165, 9677, 7870, 6035, 5269, 3976, 9891, 5824, 3598, 7671, 7332, 619, 317, 922, 582, 8288, 2369, 7248, 738, 8246, 6560, 1857, 6741, 2794, 9666, 9612, 751, 1948, 4154, 3150, 268, 5957, 8061, 4369, 9743, 1157, 2556, 8327, 1091, 245, 1198, 1772, 6905, 4065, 2011, 5308, 3806, 5261, 2433, 3681, 7876, 2905, 8091, 4761, 6883, 6722, 3893, 4690, 6570, 9553, 1640, 301, 7454, 8353, 6692, 9883, 4755, 4454, 7210, 9652, 3117, 3749, 325, 1078, 4293, 3580, 2668, 6109, 104, 4814, 6813, 3364, 1050, 9194, 6561, 3820, 2834, 2125, 4314, 7850, 7448, 9479, 2229, 66, 1209, 159, 6093, 6742, 8272, 3106, 2009, 689, 1607, 7945, 4317, 3723, 6651, 3295, 3525, 3725, 4785, 930, 2670, 2430, 1023, 2348, 9783, 1782, 290, 5083, 2180, 6080, 456, 4487, 5143, 7498, 9182, 5173, 9691, 4808, 3133, 4433, 4681, 4440, 3336, 1344, 3365, 6872, 3166, 3771, 9211, 2052, 6625, 2534, 7490, 3170, 5288, 9892, 1317, 6662, 515, 795, 6564, 171, 2082, 1328, 730, 4657, 9046, 846, 4820, 6021, 5890, 3062, 5135, 9922, 2144, 9634, 5105, 610, 9141, 7241, 1775, 6161, 3103, 1938, 1128, 1494, 1289, 1901, 2131, 4007, 4575, 9538, 1096, 9013, 827, 4669, 674, 9045, 9746, 2560, 1878, 2770, 4997, 8444, 9035, 421, 9427, 1159, 7459, 6769, 7952, 991, 4966, 9856, 2635, 4860, 4187, 4727, 3836, 1152, 4948, 8889, 9447, 998, 7349, 488, 6391, 8279, 1266, 7262, 96, 5735, 478, 6573, 4131, 1072, 6894, 3726, 6627, 553, 3448, 3108, 9826, 550, 4640, 2507, 960, 4967, 4658, 2659, 1663, 2109, 7216, 6538, 460, 571, 6027, 7473, 7153, 1642, 1117, 7436, 3705, 7434, 8107, 6603, 2263, 3186, 8276, 2488, 3975, 8472, 344, 3263, 9814, 7049, 243, 8020, 3436, 1362, 3189, 3691, 2149, 1079, 3218, 9513, 2351, 2192, 7823, 2028, 2374, 4215, 6730, 3604, 4504, 8183, 9017, 1298, 4415, 2291, 9071, 3167, 5262, 6694, 3599, 133, 7777, 3078, 4541, 1823, 7917, 3785, 9736, 9709, 3511, 4798, 5923, 5360, 7249, 2047, 4419, 1581, 4356, 4699, 3710, 6681, 1856, 1611, 6889, 6926, 4368, 2339, 9203, 7724, 1571, 2099, 577, 7233, 5038, 7915, 7689, 6243, 4018, 8322, 1874, 9926, 7259, 3205, 5046, 3093, 3503, 2690, 9713, 2063, 5176, 3848, 1383, 5955, 4031, 7472, 2394, 8182, 791, 3698, 499, 167, 618, 6668, 3921, 9417, 6460, 2658, 1941, 2200, 6756, 5887, 6613, 213, 381, 1363, 1121, 7220, 9975, 1204, 511, 1886, 432, 4327, 2297, 1641, 1062, 1192, 952, 3534, 4968, 1469, 2404, 187, 8115, 1701, 2419, 943, 9780, 951, 4735, 4827, 4505, 2183, 4552, 4721, 9698, 3139, 9522, 829, 1965, 8316, 3952, 2930, 9912, 5986, 1981, 2552, 9733, 741, 114, 3776, 3441, 3193, 3262, 6517, 486, 6592, 9904, 3702, 7718, 1357, 3519, 4679, 2689, 613, 5209, 1263, 4228, 6558, 9596, 1722, 6791, 1229, 3456, 3202, 4922, 9649, 4238, 3422, 9773, 4748, 4954, 2636, 3685, 6303, 495, 2386, 6645, 1077, 3629, 3739, 7186, 7235, 1391, 1125, 6721, 1718, 7451, 7445, 7822, 3772, 3476, 5457, 2589, 4246, 2877, 1903, 1727, 2508, 1314, 3550, 2162, 6004, 7982, 3762, 341, 8156, 1315, 2464, 6056, 8198, 876, 2110, 4500, 9731, 4548, 2532, 6043, 4746]
