Fault List:
86
86
86
86
86
86
86
86
86
86
86
86
86
86
86
86
86
86
86
86
86
86
86
86
86
86
86
86
86
86
FDR List:
0.6277372262773723
0.6277372262773723
0.6277372262773723
0.6277372262773723
0.6277372262773723
0.6277372262773723
0.6277372262773723
0.6277372262773723
0.6277372262773723
0.6277372262773723
0.6277372262773723
0.6277372262773723
0.6277372262773723
0.6277372262773723
0.6277372262773723
0.6277372262773723
0.6277372262773723
0.6277372262773723
0.6277372262773723
0.6277372262773723
0.6277372262773723
0.6277372262773723
0.6277372262773723
0.6277372262773723
0.6277372262773723
0.6277372262773723
0.6277372262773723
0.6277372262773723
0.6277372262773723
0.6277372262773723
Time List:
6.5280921459198
6.881390810012817
6.361452102661133
6.883442163467407
6.565214157104492
7.181794166564941
7.429360866546631
6.730088949203491
6.105165004730225
6.95434308052063
6.827104091644287
6.858866930007935
6.496269941329956
7.129307985305786
7.10786509513855
7.447940111160278
6.747861862182617
7.067137002944946
7.9452009201049805
7.421412944793701
6.914264917373657
6.5962440967559814
7.3910112380981445
8.628006935119629
6.593455791473389
8.303942918777466
8.731675863265991
7.925096035003662
6.275579929351807
7.063650846481323
Subset List:
[3951, 7742, 827, 2185, 7542, 6620, 2698, 4180, 5495, 9840, 4498, 9924, 2146, 3416, 4423, 7211, 1256, 2419, 1308, 9677, 3898, 3808, 2770, 9211, 3757, 4163, 4108, 324, 1782, 4761, 4433, 577, 6599, 4657, 8020, 3381, 23, 3334, 1345, 6611, 2365, 5434, 7504, 4017, 1089, 3644, 9793, 1495, 2348, 3994, 9649, 1014, 4284, 4461, 2237, 9243, 6914, 5841, 779, 8000, 1644, 2930, 2159, 7338, 3385, 1325, 1050, 7494, 1440, 1641, 4368, 618, 4439, 8445, 4323, 3818, 3577, 4419, 1928, 3727, 2697, 1039, 2358, 6642, 736, 182, 1618, 2299, 9588, 483, 9733, 6651, 6625, 7153, 6975, 5209, 2508, 6154, 478, 1317, 1567, 6737, 6912, 7850, 6530, 9906, 7198, 3504, 6460, 9513, 8227, 5943, 245, 9883, 7419, 443, 2325, 5308, 9268, 486, 6035, 4056, 8245, 7248, 2772, 4315, 1550, 6768, 1581, 9634, 4739, 8353, 3681, 6537, 3166, 1159, 5269, 6573, 1737, 4880, 9116, 1259, 8047, 7249, 149, 1062, 3859, 6111, 2957, 6575, 1658, 6331, 8665, 9700, 2233, 2986, 4020, 7361, 394, 4355, 3685, 8327, 1091, 3030, 9506, 1748, 1727, 1124, 3369, 7187, 2445, 9754, 3115, 4625, 6709, 3702, 3631, 4748, 4876, 582, 468, 7539, 2099, 5851, 235, 550, 9997, 1115, 8866, 8253, 1833, 2029, 3580, 4018, 610, 7402, 7498, 2241, 9687, 857, 499, 3654, 3705, 9675, 6788, 4848, 3846, 1077, 1404, 4137, 8259, 1561, 4400, 9679, 5054, 5409, 4096, 66, 3384, 2611, 7235, 7999, 6617, 1941, 4131, 3339, 5940, 4431, 7923, 5210, 1888, 1357, 3062, 692, 3967, 2021, 6668, 3769, 6940, 3275, 4076, 1469, 9071, 5735, 3750, 3785, 247, 3778, 7608, 8144, 59, 2400, 5885, 9128, 2004, 4313, 3855, 2488, 2946, 9016, 3329, 6563, 341, 3754, 5644, 4199, 9479, 4541, 3748, 5176, 9035, 1364, 6997, 1135, 3189, 700, 9998, 5824, 8293, 3751, 9925, 1045, 1068, 7777, 1173, 268, 2853, 3550, 1473, 3534, 1493, 7718, 960, 4868, 9892, 1378, 283, 7920, 447, 2778, 787, 8296, 9194, 4852, 6688, 4177, 4929, 2689, 1761, 6593, 3183, 689, 9694, 1114, 211, 4013, 1127, 7135, 7917, 9783, 9831, 1384, 2215, 9619, 2163, 2659, 4712, 2668, 2263, 2574, 4201, 4118, 6730, 3623, 1024, 944, 1234, 5140, 624, 2300, 4504, 7084, 3824, 1000, 3474, 4146, 151, 7578, 7398, 7445, 6945, 1247, 5331, 1023, 2229, 9253, 1429, 304, 63, 1751, 3511, 2569, 3645, 9672, 7673, 4451, 619, 213, 4990, 7735, 9646, 1672, 9762, 95, 6312, 1344, 9669, 5973, 6501, 61, 4373, 3839, 645, 3228, 7044, 4656, 3674, 1902, 658, 4197, 9382, 3962, 3599, 1725, 3394, 4228, 4212, 8486, 9008, 720, 4509, 7558, 7207, 4211, 8097, 5056, 8275, 6605, 7210, 2313, 6710, 6080, 9875, 4316, 1846, 2970, 3795, 6004, 9877, 7208, 1044, 4230, 5138, 7724, 3820, 4059, 7671, 6065, 2024, 5720, 7043, 9465, 9217, 2082, 9338, 3136, 1903, 7982, 4740, 5225, 2131, 9005, 8508, 1866, 1981, 2351, 1940, 6390, 1882, 1153, 2182, 6665, 3773, 6391, 7805, 9173, 3975, 6739, 1525, 4615, 9698, 2040, 1648, 2339, 6421, 5803, 9023, 1969, 7451, 3206, 9782, 5626, 2118, 195, 9290, 9691, 2109, 4966, 9491, 502, 7195, 5569, 7511, 2810, 3663, 1772, 613, 3873, 9943, 3001, 6700, 4310, 8867, 4959, 358, 4616, 218, 844, 7434, 2063]
[3951, 7742, 827, 2185, 7542, 6620, 2698, 4180, 5495, 9840, 4498, 9924, 2146, 3416, 4423, 7211, 1256, 2419, 1308, 9677, 3898, 3808, 2770, 9211, 3757, 4163, 4108, 324, 1782, 4761, 4433, 577, 6599, 4657, 8020, 3381, 23, 3334, 1345, 6611, 2365, 5434, 7504, 4017, 1089, 3644, 9793, 1495, 2348, 3994, 9649, 1014, 4284, 4461, 2237, 9243, 6914, 5841, 779, 8000, 1644, 2930, 2159, 7338, 3385, 1325, 1050, 7494, 1440, 1641, 4368, 618, 4439, 8445, 4323, 3818, 3577, 4419, 1928, 3727, 2697, 1039, 2358, 6642, 736, 182, 1618, 2299, 9588, 483, 9733, 6651, 6625, 7153, 6975, 5209, 2508, 6154, 478, 1317, 1567, 6737, 6912, 7850, 6530, 9906, 7198, 3504, 6460, 9513, 8227, 5943, 245, 9883, 7419, 443, 2325, 5308, 9268, 486, 6035, 4056, 8245, 7248, 2772, 4315, 1550, 6768, 1581, 9634, 4739, 8353, 3681, 6537, 3166, 1159, 5269, 6573, 1737, 4880, 9116, 1259, 8047, 7249, 149, 1062, 3859, 6111, 2957, 6575, 1658, 6331, 8665, 9700, 2233, 2986, 4020, 7361, 394, 4355, 3685, 8327, 1091, 3030, 9506, 1748, 1727, 1124, 3369, 7187, 2445, 9754, 3115, 4625, 6709, 3702, 3631, 4748, 4876, 582, 468, 7539, 2099, 5851, 235, 550, 9997, 1115, 8866, 8253, 1833, 2029, 3580, 4018, 610, 7402, 7498, 2241, 9687, 857, 499, 3654, 3705, 9675, 6788, 4848, 3846, 1077, 1404, 4137, 8259, 1561, 4400, 9679, 5054, 5409, 4096, 66, 3384, 2611, 7235, 7999, 6617, 1941, 4131, 3339, 5940, 4431, 7923, 5210, 1888, 1357, 3062, 692, 3967, 2021, 6668, 3769, 6940, 3275, 4076, 1469, 9071, 5735, 3750, 3785, 247, 3778, 7608, 8144, 59, 2400, 5885, 9128, 2004, 4313, 3855, 2488, 2946, 9016, 3329, 6563, 341, 3754, 5644, 4199, 9479, 4541, 3748, 5176, 9035, 1364, 6997, 1135, 3189, 700, 9998, 5824, 8293, 3751, 9925, 1045, 1068, 7777, 1173, 268, 2853, 3550, 1473, 3534, 1493, 7718, 960, 4868, 9892, 1378, 283, 7920, 447, 2778, 787, 8296, 9194, 4852, 6688, 4177, 4929, 2689, 1761, 6593, 3183, 689, 9694, 1114, 211, 4013, 1127, 7135, 7917, 9783, 9831, 1384, 2215, 9619, 2163, 2659, 4712, 2668, 2263, 2574, 4201, 4118, 6730, 3623, 1024, 944, 1234, 5140, 624, 2300, 4504, 7084, 3824, 1000, 3474, 4146, 151, 7578, 7398, 7445, 6945, 1247, 5331, 1023, 2229, 9253, 1429, 304, 63, 1751, 3511, 2569, 3645, 9672, 7673, 4451, 619, 213, 4990, 7735, 9646, 1672, 9762, 95, 6312, 1344, 9669, 5973, 6501, 61, 4373, 3839, 645, 3228, 7044, 4656, 3674, 1902, 658, 4197, 9382, 3962, 3599, 1725, 3394, 4228, 4212, 8486, 9008, 720, 4509, 7558, 7207, 4211, 8097, 5056, 8275, 6605, 7210, 2313, 6710, 6080, 9875, 4316, 1846, 2970, 3795, 6004, 9877, 7208, 1044, 4230, 5138, 7724, 3820, 4059, 7671, 6065, 2024, 5720, 7043, 9465, 9217, 2082, 9338, 3136, 1903, 7982, 4740, 5225, 2131, 9005, 8508, 1866, 1981, 2351, 1940, 6390, 1882, 1153, 2182, 6665, 3773, 6391, 7805, 9173, 3975, 6739, 1525, 4615, 9698, 2040, 1648, 2339, 6421, 5803, 9023, 1969, 7451, 3206, 9782, 5626, 2118, 195, 9290, 9691, 2109, 4966, 9491, 502, 7195, 5569, 7511, 2810, 3663, 1772, 613, 3873, 9943, 3001, 6700, 4310, 8867, 4959, 358, 4616, 218, 844, 7434, 2063]
[3951, 7742, 827, 2185, 7542, 6620, 2698, 4180, 5495, 9840, 4498, 9924, 2146, 3416, 4423, 7211, 1256, 2419, 1308, 9677, 3898, 3808, 2770, 9211, 3757, 4163, 4108, 324, 1782, 4761, 4433, 577, 6599, 4657, 8020, 3381, 23, 3334, 1345, 6611, 2365, 5434, 7504, 4017, 1089, 3644, 9793, 1495, 2348, 3994, 9649, 1014, 4284, 4461, 2237, 9243, 6914, 5841, 779, 8000, 1644, 2930, 2159, 7338, 3385, 1325, 1050, 7494, 1440, 1641, 4368, 618, 4439, 8445, 4323, 3818, 3577, 4419, 1928, 3727, 2697, 1039, 2358, 6642, 736, 182, 1618, 2299, 9588, 483, 9733, 6651, 6625, 7153, 6975, 5209, 2508, 6154, 478, 1317, 1567, 6737, 6912, 7850, 6530, 9906, 7198, 3504, 6460, 9513, 8227, 5943, 245, 9883, 7419, 443, 2325, 5308, 9268, 486, 6035, 4056, 8245, 7248, 2772, 4315, 1550, 6768, 1581, 9634, 4739, 8353, 3681, 6537, 3166, 1159, 5269, 6573, 1737, 4880, 9116, 1259, 8047, 7249, 149, 1062, 3859, 6111, 2957, 6575, 1658, 6331, 8665, 9700, 2233, 2986, 4020, 7361, 394, 4355, 3685, 8327, 1091, 3030, 9506, 1748, 1727, 1124, 3369, 7187, 2445, 9754, 3115, 4625, 6709, 3702, 3631, 4748, 4876, 582, 468, 7539, 2099, 5851, 235, 550, 9997, 1115, 8866, 8253, 1833, 2029, 3580, 4018, 610, 7402, 7498, 2241, 9687, 857, 499, 3654, 3705, 9675, 6788, 4848, 3846, 1077, 1404, 4137, 8259, 1561, 4400, 9679, 5054, 5409, 4096, 66, 3384, 2611, 7235, 7999, 6617, 1941, 4131, 3339, 5940, 4431, 7923, 5210, 1888, 1357, 3062, 692, 3967, 2021, 6668, 3769, 6940, 3275, 4076, 1469, 9071, 5735, 3750, 3785, 247, 3778, 7608, 8144, 59, 2400, 5885, 9128, 2004, 4313, 3855, 2488, 2946, 9016, 3329, 6563, 341, 3754, 5644, 4199, 9479, 4541, 3748, 5176, 9035, 1364, 6997, 1135, 3189, 700, 9998, 5824, 8293, 3751, 9925, 1045, 1068, 7777, 1173, 268, 2853, 3550, 1473, 3534, 1493, 7718, 960, 4868, 9892, 1378, 283, 7920, 447, 2778, 787, 8296, 9194, 4852, 6688, 4177, 4929, 2689, 1761, 6593, 3183, 689, 9694, 1114, 211, 4013, 1127, 7135, 7917, 9783, 9831, 1384, 2215, 9619, 2163, 2659, 4712, 2668, 2263, 2574, 4201, 4118, 6730, 3623, 1024, 944, 1234, 5140, 624, 2300, 4504, 7084, 3824, 1000, 3474, 4146, 151, 7578, 7398, 7445, 6945, 1247, 5331, 1023, 2229, 9253, 1429, 304, 63, 1751, 3511, 2569, 3645, 9672, 7673, 4451, 619, 213, 4990, 7735, 9646, 1672, 9762, 95, 6312, 1344, 9669, 5973, 6501, 61, 4373, 3839, 645, 3228, 7044, 4656, 3674, 1902, 658, 4197, 9382, 3962, 3599, 1725, 3394, 4228, 4212, 8486, 9008, 720, 4509, 7558, 7207, 4211, 8097, 5056, 8275, 6605, 7210, 2313, 6710, 6080, 9875, 4316, 1846, 2970, 3795, 6004, 9877, 7208, 1044, 4230, 5138, 7724, 3820, 4059, 7671, 6065, 2024, 5720, 7043, 9465, 9217, 2082, 9338, 3136, 1903, 7982, 4740, 5225, 2131, 9005, 8508, 1866, 1981, 2351, 1940, 6390, 1882, 1153, 2182, 6665, 3773, 6391, 7805, 9173, 3975, 6739, 1525, 4615, 9698, 2040, 1648, 2339, 6421, 5803, 9023, 1969, 7451, 3206, 9782, 5626, 2118, 195, 9290, 9691, 2109, 4966, 9491, 502, 7195, 5569, 7511, 2810, 3663, 1772, 613, 3873, 9943, 3001, 6700, 4310, 8867, 4959, 358, 4616, 218, 844, 7434, 2063]
[3951, 7742, 827, 2185, 7542, 6620, 2698, 4180, 5495, 9840, 4498, 9924, 2146, 3416, 4423, 7211, 1256, 2419, 1308, 9677, 3898, 3808, 2770, 9211, 3757, 4163, 4108, 324, 1782, 4761, 4433, 577, 6599, 4657, 8020, 3381, 23, 3334, 1345, 6611, 2365, 5434, 7504, 4017, 1089, 3644, 9793, 1495, 2348, 3994, 9649, 1014, 4284, 4461, 2237, 9243, 6914, 5841, 779, 8000, 1644, 2930, 2159, 7338, 3385, 1325, 1050, 7494, 1440, 1641, 4368, 618, 4439, 8445, 4323, 3818, 3577, 4419, 1928, 3727, 2697, 1039, 2358, 6642, 736, 182, 1618, 2299, 9588, 483, 9733, 6651, 6625, 7153, 6975, 5209, 2508, 6154, 478, 1317, 1567, 6737, 6912, 7850, 6530, 9906, 7198, 3504, 6460, 9513, 8227, 5943, 245, 9883, 7419, 443, 2325, 5308, 9268, 486, 6035, 4056, 8245, 7248, 2772, 4315, 1550, 6768, 1581, 9634, 4739, 8353, 3681, 6537, 3166, 1159, 5269, 6573, 1737, 4880, 9116, 1259, 8047, 7249, 149, 1062, 3859, 6111, 2957, 6575, 1658, 6331, 8665, 9700, 2233, 2986, 4020, 7361, 394, 4355, 3685, 8327, 1091, 3030, 9506, 1748, 1727, 1124, 3369, 7187, 2445, 9754, 3115, 4625, 6709, 3702, 3631, 4748, 4876, 582, 468, 7539, 2099, 5851, 235, 550, 9997, 1115, 8866, 8253, 1833, 2029, 3580, 4018, 610, 7402, 7498, 2241, 9687, 857, 499, 3654, 3705, 9675, 6788, 4848, 3846, 1077, 1404, 4137, 8259, 1561, 4400, 9679, 5054, 5409, 4096, 66, 3384, 2611, 7235, 7999, 6617, 1941, 4131, 3339, 5940, 4431, 7923, 5210, 1888, 1357, 3062, 692, 3967, 2021, 6668, 3769, 6940, 3275, 4076, 1469, 9071, 5735, 3750, 3785, 247, 3778, 7608, 8144, 59, 2400, 5885, 9128, 2004, 4313, 3855, 2488, 2946, 9016, 3329, 6563, 341, 3754, 5644, 4199, 9479, 4541, 3748, 5176, 9035, 1364, 6997, 1135, 3189, 700, 9998, 5824, 8293, 3751, 9925, 1045, 1068, 7777, 1173, 268, 2853, 3550, 1473, 3534, 1493, 7718, 960, 4868, 9892, 1378, 283, 7920, 447, 2778, 787, 8296, 9194, 4852, 6688, 4177, 4929, 2689, 1761, 6593, 3183, 689, 9694, 1114, 211, 4013, 1127, 7135, 7917, 9783, 9831, 1384, 2215, 9619, 2163, 2659, 4712, 2668, 2263, 2574, 4201, 4118, 6730, 3623, 1024, 944, 1234, 5140, 624, 2300, 4504, 7084, 3824, 1000, 3474, 4146, 151, 7578, 7398, 7445, 6945, 1247, 5331, 1023, 2229, 9253, 1429, 304, 63, 1751, 3511, 2569, 3645, 9672, 7673, 4451, 619, 213, 4990, 7735, 9646, 1672, 9762, 95, 6312, 1344, 9669, 5973, 6501, 61, 4373, 3839, 645, 3228, 7044, 4656, 3674, 1902, 658, 4197, 9382, 3962, 3599, 1725, 3394, 4228, 4212, 8486, 9008, 720, 4509, 7558, 7207, 4211, 8097, 5056, 8275, 6605, 7210, 2313, 6710, 6080, 9875, 4316, 1846, 2970, 3795, 6004, 9877, 7208, 1044, 4230, 5138, 7724, 3820, 4059, 7671, 6065, 2024, 5720, 7043, 9465, 9217, 2082, 9338, 3136, 1903, 7982, 4740, 5225, 2131, 9005, 8508, 1866, 1981, 2351, 1940, 6390, 1882, 1153, 2182, 6665, 3773, 6391, 7805, 9173, 3975, 6739, 1525, 4615, 9698, 2040, 1648, 2339, 6421, 5803, 9023, 1969, 7451, 3206, 9782, 5626, 2118, 195, 9290, 9691, 2109, 4966, 9491, 502, 7195, 5569, 7511, 2810, 3663, 1772, 613, 3873, 9943, 3001, 6700, 4310, 8867, 4959, 358, 4616, 218, 844, 7434, 2063]
[3951, 7742, 827, 2185, 7542, 6620, 2698, 4180, 5495, 9840, 4498, 9924, 2146, 3416, 4423, 7211, 1256, 2419, 1308, 9677, 3898, 3808, 2770, 9211, 3757, 4163, 4108, 324, 1782, 4761, 4433, 577, 6599, 4657, 8020, 3381, 23, 3334, 1345, 6611, 2365, 5434, 7504, 4017, 1089, 3644, 9793, 1495, 2348, 3994, 9649, 1014, 4284, 4461, 2237, 9243, 6914, 5841, 779, 8000, 1644, 2930, 2159, 7338, 3385, 1325, 1050, 7494, 1440, 1641, 4368, 618, 4439, 8445, 4323, 3818, 3577, 4419, 1928, 3727, 2697, 1039, 2358, 6642, 736, 182, 1618, 2299, 9588, 483, 9733, 6651, 6625, 7153, 6975, 5209, 2508, 6154, 478, 1317, 1567, 6737, 6912, 7850, 6530, 9906, 7198, 3504, 6460, 9513, 8227, 5943, 245, 9883, 7419, 443, 2325, 5308, 9268, 486, 6035, 4056, 8245, 7248, 2772, 4315, 1550, 6768, 1581, 9634, 4739, 8353, 3681, 6537, 3166, 1159, 5269, 6573, 1737, 4880, 9116, 1259, 8047, 7249, 149, 1062, 3859, 6111, 2957, 6575, 1658, 6331, 8665, 9700, 2233, 2986, 4020, 7361, 394, 4355, 3685, 8327, 1091, 3030, 9506, 1748, 1727, 1124, 3369, 7187, 2445, 9754, 3115, 4625, 6709, 3702, 3631, 4748, 4876, 582, 468, 7539, 2099, 5851, 235, 550, 9997, 1115, 8866, 8253, 1833, 2029, 3580, 4018, 610, 7402, 7498, 2241, 9687, 857, 499, 3654, 3705, 9675, 6788, 4848, 3846, 1077, 1404, 4137, 8259, 1561, 4400, 9679, 5054, 5409, 4096, 66, 3384, 2611, 7235, 7999, 6617, 1941, 4131, 3339, 5940, 4431, 7923, 5210, 1888, 1357, 3062, 692, 3967, 2021, 6668, 3769, 6940, 3275, 4076, 1469, 9071, 5735, 3750, 3785, 247, 3778, 7608, 8144, 59, 2400, 5885, 9128, 2004, 4313, 3855, 2488, 2946, 9016, 3329, 6563, 341, 3754, 5644, 4199, 9479, 4541, 3748, 5176, 9035, 1364, 6997, 1135, 3189, 700, 9998, 5824, 8293, 3751, 9925, 1045, 1068, 7777, 1173, 268, 2853, 3550, 1473, 3534, 1493, 7718, 960, 4868, 9892, 1378, 283, 7920, 447, 2778, 787, 8296, 9194, 4852, 6688, 4177, 4929, 2689, 1761, 6593, 3183, 689, 9694, 1114, 211, 4013, 1127, 7135, 7917, 9783, 9831, 1384, 2215, 9619, 2163, 2659, 4712, 2668, 2263, 2574, 4201, 4118, 6730, 3623, 1024, 944, 1234, 5140, 624, 2300, 4504, 7084, 3824, 1000, 3474, 4146, 151, 7578, 7398, 7445, 6945, 1247, 5331, 1023, 2229, 9253, 1429, 304, 63, 1751, 3511, 2569, 3645, 9672, 7673, 4451, 619, 213, 4990, 7735, 9646, 1672, 9762, 95, 6312, 1344, 9669, 5973, 6501, 61, 4373, 3839, 645, 3228, 7044, 4656, 3674, 1902, 658, 4197, 9382, 3962, 3599, 1725, 3394, 4228, 4212, 8486, 9008, 720, 4509, 7558, 7207, 4211, 8097, 5056, 8275, 6605, 7210, 2313, 6710, 6080, 9875, 4316, 1846, 2970, 3795, 6004, 9877, 7208, 1044, 4230, 5138, 7724, 3820, 4059, 7671, 6065, 2024, 5720, 7043, 9465, 9217, 2082, 9338, 3136, 1903, 7982, 4740, 5225, 2131, 9005, 8508, 1866, 1981, 2351, 1940, 6390, 1882, 1153, 2182, 6665, 3773, 6391, 7805, 9173, 3975, 6739, 1525, 4615, 9698, 2040, 1648, 2339, 6421, 5803, 9023, 1969, 7451, 3206, 9782, 5626, 2118, 195, 9290, 9691, 2109, 4966, 9491, 502, 7195, 5569, 7511, 2810, 3663, 1772, 613, 3873, 9943, 3001, 6700, 4310, 8867, 4959, 358, 4616, 218, 844, 7434, 2063]
[3951, 7742, 827, 2185, 7542, 6620, 2698, 4180, 5495, 9840, 4498, 9924, 2146, 3416, 4423, 7211, 1256, 2419, 1308, 9677, 3898, 3808, 2770, 9211, 3757, 4163, 4108, 324, 1782, 4761, 4433, 577, 6599, 4657, 8020, 3381, 23, 3334, 1345, 6611, 2365, 5434, 7504, 4017, 1089, 3644, 9793, 1495, 2348, 3994, 9649, 1014, 4284, 4461, 2237, 9243, 6914, 5841, 779, 8000, 1644, 2930, 2159, 7338, 3385, 1325, 1050, 7494, 1440, 1641, 4368, 618, 4439, 8445, 4323, 3818, 3577, 4419, 1928, 3727, 2697, 1039, 2358, 6642, 736, 182, 1618, 2299, 9588, 483, 9733, 6651, 6625, 7153, 6975, 5209, 2508, 6154, 478, 1317, 1567, 6737, 6912, 7850, 6530, 9906, 7198, 3504, 6460, 9513, 8227, 5943, 245, 9883, 7419, 443, 2325, 5308, 9268, 486, 6035, 4056, 8245, 7248, 2772, 4315, 1550, 6768, 1581, 9634, 4739, 8353, 3681, 6537, 3166, 1159, 5269, 6573, 1737, 4880, 9116, 1259, 8047, 7249, 149, 1062, 3859, 6111, 2957, 6575, 1658, 6331, 8665, 9700, 2233, 2986, 4020, 7361, 394, 4355, 3685, 8327, 1091, 3030, 9506, 1748, 1727, 1124, 3369, 7187, 2445, 9754, 3115, 4625, 6709, 3702, 3631, 4748, 4876, 582, 468, 7539, 2099, 5851, 235, 550, 9997, 1115, 8866, 8253, 1833, 2029, 3580, 4018, 610, 7402, 7498, 2241, 9687, 857, 499, 3654, 3705, 9675, 6788, 4848, 3846, 1077, 1404, 4137, 8259, 1561, 4400, 9679, 5054, 5409, 4096, 66, 3384, 2611, 7235, 7999, 6617, 1941, 4131, 3339, 5940, 4431, 7923, 5210, 1888, 1357, 3062, 692, 3967, 2021, 6668, 3769, 6940, 3275, 4076, 1469, 9071, 5735, 3750, 3785, 247, 3778, 7608, 8144, 59, 2400, 5885, 9128, 2004, 4313, 3855, 2488, 2946, 9016, 3329, 6563, 341, 3754, 5644, 4199, 9479, 4541, 3748, 5176, 9035, 1364, 6997, 1135, 3189, 700, 9998, 5824, 8293, 3751, 9925, 1045, 1068, 7777, 1173, 268, 2853, 3550, 1473, 3534, 1493, 7718, 960, 4868, 9892, 1378, 283, 7920, 447, 2778, 787, 8296, 9194, 4852, 6688, 4177, 4929, 2689, 1761, 6593, 3183, 689, 9694, 1114, 211, 4013, 1127, 7135, 7917, 9783, 9831, 1384, 2215, 9619, 2163, 2659, 4712, 2668, 2263, 2574, 4201, 4118, 6730, 3623, 1024, 944, 1234, 5140, 624, 2300, 4504, 7084, 3824, 1000, 3474, 4146, 151, 7578, 7398, 7445, 6945, 1247, 5331, 1023, 2229, 9253, 1429, 304, 63, 1751, 3511, 2569, 3645, 9672, 7673, 4451, 619, 213, 4990, 7735, 9646, 1672, 9762, 95, 6312, 1344, 9669, 5973, 6501, 61, 4373, 3839, 645, 3228, 7044, 4656, 3674, 1902, 658, 4197, 9382, 3962, 3599, 1725, 3394, 4228, 4212, 8486, 9008, 720, 4509, 7558, 7207, 4211, 8097, 5056, 8275, 6605, 7210, 2313, 6710, 6080, 9875, 4316, 1846, 2970, 3795, 6004, 9877, 7208, 1044, 4230, 5138, 7724, 3820, 4059, 7671, 6065, 2024, 5720, 7043, 9465, 9217, 2082, 9338, 3136, 1903, 7982, 4740, 5225, 2131, 9005, 8508, 1866, 1981, 2351, 1940, 6390, 1882, 1153, 2182, 6665, 3773, 6391, 7805, 9173, 3975, 6739, 1525, 4615, 9698, 2040, 1648, 2339, 6421, 5803, 9023, 1969, 7451, 3206, 9782, 5626, 2118, 195, 9290, 9691, 2109, 4966, 9491, 502, 7195, 5569, 7511, 2810, 3663, 1772, 613, 3873, 9943, 3001, 6700, 4310, 8867, 4959, 358, 4616, 218, 844, 7434, 2063]
[3951, 7742, 827, 2185, 7542, 6620, 2698, 4180, 5495, 9840, 4498, 9924, 2146, 3416, 4423, 7211, 1256, 2419, 1308, 9677, 3898, 3808, 2770, 9211, 3757, 4163, 4108, 324, 1782, 4761, 4433, 577, 6599, 4657, 8020, 3381, 23, 3334, 1345, 6611, 2365, 5434, 7504, 4017, 1089, 3644, 9793, 1495, 2348, 3994, 9649, 1014, 4284, 4461, 2237, 9243, 6914, 5841, 779, 8000, 1644, 2930, 2159, 7338, 3385, 1325, 1050, 7494, 1440, 1641, 4368, 618, 4439, 8445, 4323, 3818, 3577, 4419, 1928, 3727, 2697, 1039, 2358, 6642, 736, 182, 1618, 2299, 9588, 483, 9733, 6651, 6625, 7153, 6975, 5209, 2508, 6154, 478, 1317, 1567, 6737, 6912, 7850, 6530, 9906, 7198, 3504, 6460, 9513, 8227, 5943, 245, 9883, 7419, 443, 2325, 5308, 9268, 486, 6035, 4056, 8245, 7248, 2772, 4315, 1550, 6768, 1581, 9634, 4739, 8353, 3681, 6537, 3166, 1159, 5269, 6573, 1737, 4880, 9116, 1259, 8047, 7249, 149, 1062, 3859, 6111, 2957, 6575, 1658, 6331, 8665, 9700, 2233, 2986, 4020, 7361, 394, 4355, 3685, 8327, 1091, 3030, 9506, 1748, 1727, 1124, 3369, 7187, 2445, 9754, 3115, 4625, 6709, 3702, 3631, 4748, 4876, 582, 468, 7539, 2099, 5851, 235, 550, 9997, 1115, 8866, 8253, 1833, 2029, 3580, 4018, 610, 7402, 7498, 2241, 9687, 857, 499, 3654, 3705, 9675, 6788, 4848, 3846, 1077, 1404, 4137, 8259, 1561, 4400, 9679, 5054, 5409, 4096, 66, 3384, 2611, 7235, 7999, 6617, 1941, 4131, 3339, 5940, 4431, 7923, 5210, 1888, 1357, 3062, 692, 3967, 2021, 6668, 3769, 6940, 3275, 4076, 1469, 9071, 5735, 3750, 3785, 247, 3778, 7608, 8144, 59, 2400, 5885, 9128, 2004, 4313, 3855, 2488, 2946, 9016, 3329, 6563, 341, 3754, 5644, 4199, 9479, 4541, 3748, 5176, 9035, 1364, 6997, 1135, 3189, 700, 9998, 5824, 8293, 3751, 9925, 1045, 1068, 7777, 1173, 268, 2853, 3550, 1473, 3534, 1493, 7718, 960, 4868, 9892, 1378, 283, 7920, 447, 2778, 787, 8296, 9194, 4852, 6688, 4177, 4929, 2689, 1761, 6593, 3183, 689, 9694, 1114, 211, 4013, 1127, 7135, 7917, 9783, 9831, 1384, 2215, 9619, 2163, 2659, 4712, 2668, 2263, 2574, 4201, 4118, 6730, 3623, 1024, 944, 1234, 5140, 624, 2300, 4504, 7084, 3824, 1000, 3474, 4146, 151, 7578, 7398, 7445, 6945, 1247, 5331, 1023, 2229, 9253, 1429, 304, 63, 1751, 3511, 2569, 3645, 9672, 7673, 4451, 619, 213, 4990, 7735, 9646, 1672, 9762, 95, 6312, 1344, 9669, 5973, 6501, 61, 4373, 3839, 645, 3228, 7044, 4656, 3674, 1902, 658, 4197, 9382, 3962, 3599, 1725, 3394, 4228, 4212, 8486, 9008, 720, 4509, 7558, 7207, 4211, 8097, 5056, 8275, 6605, 7210, 2313, 6710, 6080, 9875, 4316, 1846, 2970, 3795, 6004, 9877, 7208, 1044, 4230, 5138, 7724, 3820, 4059, 7671, 6065, 2024, 5720, 7043, 9465, 9217, 2082, 9338, 3136, 1903, 7982, 4740, 5225, 2131, 9005, 8508, 1866, 1981, 2351, 1940, 6390, 1882, 1153, 2182, 6665, 3773, 6391, 7805, 9173, 3975, 6739, 1525, 4615, 9698, 2040, 1648, 2339, 6421, 5803, 9023, 1969, 7451, 3206, 9782, 5626, 2118, 195, 9290, 9691, 2109, 4966, 9491, 502, 7195, 5569, 7511, 2810, 3663, 1772, 613, 3873, 9943, 3001, 6700, 4310, 8867, 4959, 358, 4616, 218, 844, 7434, 2063]
[3951, 7742, 827, 2185, 7542, 6620, 2698, 4180, 5495, 9840, 4498, 9924, 2146, 3416, 4423, 7211, 1256, 2419, 1308, 9677, 3898, 3808, 2770, 9211, 3757, 4163, 4108, 324, 1782, 4761, 4433, 577, 6599, 4657, 8020, 3381, 23, 3334, 1345, 6611, 2365, 5434, 7504, 4017, 1089, 3644, 9793, 1495, 2348, 3994, 9649, 1014, 4284, 4461, 2237, 9243, 6914, 5841, 779, 8000, 1644, 2930, 2159, 7338, 3385, 1325, 1050, 7494, 1440, 1641, 4368, 618, 4439, 8445, 4323, 3818, 3577, 4419, 1928, 3727, 2697, 1039, 2358, 6642, 736, 182, 1618, 2299, 9588, 483, 9733, 6651, 6625, 7153, 6975, 5209, 2508, 6154, 478, 1317, 1567, 6737, 6912, 7850, 6530, 9906, 7198, 3504, 6460, 9513, 8227, 5943, 245, 9883, 7419, 443, 2325, 5308, 9268, 486, 6035, 4056, 8245, 7248, 2772, 4315, 1550, 6768, 1581, 9634, 4739, 8353, 3681, 6537, 3166, 1159, 5269, 6573, 1737, 4880, 9116, 1259, 8047, 7249, 149, 1062, 3859, 6111, 2957, 6575, 1658, 6331, 8665, 9700, 2233, 2986, 4020, 7361, 394, 4355, 3685, 8327, 1091, 3030, 9506, 1748, 1727, 1124, 3369, 7187, 2445, 9754, 3115, 4625, 6709, 3702, 3631, 4748, 4876, 582, 468, 7539, 2099, 5851, 235, 550, 9997, 1115, 8866, 8253, 1833, 2029, 3580, 4018, 610, 7402, 7498, 2241, 9687, 857, 499, 3654, 3705, 9675, 6788, 4848, 3846, 1077, 1404, 4137, 8259, 1561, 4400, 9679, 5054, 5409, 4096, 66, 3384, 2611, 7235, 7999, 6617, 1941, 4131, 3339, 5940, 4431, 7923, 5210, 1888, 1357, 3062, 692, 3967, 2021, 6668, 3769, 6940, 3275, 4076, 1469, 9071, 5735, 3750, 3785, 247, 3778, 7608, 8144, 59, 2400, 5885, 9128, 2004, 4313, 3855, 2488, 2946, 9016, 3329, 6563, 341, 3754, 5644, 4199, 9479, 4541, 3748, 5176, 9035, 1364, 6997, 1135, 3189, 700, 9998, 5824, 8293, 3751, 9925, 1045, 1068, 7777, 1173, 268, 2853, 3550, 1473, 3534, 1493, 7718, 960, 4868, 9892, 1378, 283, 7920, 447, 2778, 787, 8296, 9194, 4852, 6688, 4177, 4929, 2689, 1761, 6593, 3183, 689, 9694, 1114, 211, 4013, 1127, 7135, 7917, 9783, 9831, 1384, 2215, 9619, 2163, 2659, 4712, 2668, 2263, 2574, 4201, 4118, 6730, 3623, 1024, 944, 1234, 5140, 624, 2300, 4504, 7084, 3824, 1000, 3474, 4146, 151, 7578, 7398, 7445, 6945, 1247, 5331, 1023, 2229, 9253, 1429, 304, 63, 1751, 3511, 2569, 3645, 9672, 7673, 4451, 619, 213, 4990, 7735, 9646, 1672, 9762, 95, 6312, 1344, 9669, 5973, 6501, 61, 4373, 3839, 645, 3228, 7044, 4656, 3674, 1902, 658, 4197, 9382, 3962, 3599, 1725, 3394, 4228, 4212, 8486, 9008, 720, 4509, 7558, 7207, 4211, 8097, 5056, 8275, 6605, 7210, 2313, 6710, 6080, 9875, 4316, 1846, 2970, 3795, 6004, 9877, 7208, 1044, 4230, 5138, 7724, 3820, 4059, 7671, 6065, 2024, 5720, 7043, 9465, 9217, 2082, 9338, 3136, 1903, 7982, 4740, 5225, 2131, 9005, 8508, 1866, 1981, 2351, 1940, 6390, 1882, 1153, 2182, 6665, 3773, 6391, 7805, 9173, 3975, 6739, 1525, 4615, 9698, 2040, 1648, 2339, 6421, 5803, 9023, 1969, 7451, 3206, 9782, 5626, 2118, 195, 9290, 9691, 2109, 4966, 9491, 502, 7195, 5569, 7511, 2810, 3663, 1772, 613, 3873, 9943, 3001, 6700, 4310, 8867, 4959, 358, 4616, 218, 844, 7434, 2063]
[3951, 7742, 827, 2185, 7542, 6620, 2698, 4180, 5495, 9840, 4498, 9924, 2146, 3416, 4423, 7211, 1256, 2419, 1308, 9677, 3898, 3808, 2770, 9211, 3757, 4163, 4108, 324, 1782, 4761, 4433, 577, 6599, 4657, 8020, 3381, 23, 3334, 1345, 6611, 2365, 5434, 7504, 4017, 1089, 3644, 9793, 1495, 2348, 3994, 9649, 1014, 4284, 4461, 2237, 9243, 6914, 5841, 779, 8000, 1644, 2930, 2159, 7338, 3385, 1325, 1050, 7494, 1440, 1641, 4368, 618, 4439, 8445, 4323, 3818, 3577, 4419, 1928, 3727, 2697, 1039, 2358, 6642, 736, 182, 1618, 2299, 9588, 483, 9733, 6651, 6625, 7153, 6975, 5209, 2508, 6154, 478, 1317, 1567, 6737, 6912, 7850, 6530, 9906, 7198, 3504, 6460, 9513, 8227, 5943, 245, 9883, 7419, 443, 2325, 5308, 9268, 486, 6035, 4056, 8245, 7248, 2772, 4315, 1550, 6768, 1581, 9634, 4739, 8353, 3681, 6537, 3166, 1159, 5269, 6573, 1737, 4880, 9116, 1259, 8047, 7249, 149, 1062, 3859, 6111, 2957, 6575, 1658, 6331, 8665, 9700, 2233, 2986, 4020, 7361, 394, 4355, 3685, 8327, 1091, 3030, 9506, 1748, 1727, 1124, 3369, 7187, 2445, 9754, 3115, 4625, 6709, 3702, 3631, 4748, 4876, 582, 468, 7539, 2099, 5851, 235, 550, 9997, 1115, 8866, 8253, 1833, 2029, 3580, 4018, 610, 7402, 7498, 2241, 9687, 857, 499, 3654, 3705, 9675, 6788, 4848, 3846, 1077, 1404, 4137, 8259, 1561, 4400, 9679, 5054, 5409, 4096, 66, 3384, 2611, 7235, 7999, 6617, 1941, 4131, 3339, 5940, 4431, 7923, 5210, 1888, 1357, 3062, 692, 3967, 2021, 6668, 3769, 6940, 3275, 4076, 1469, 9071, 5735, 3750, 3785, 247, 3778, 7608, 8144, 59, 2400, 5885, 9128, 2004, 4313, 3855, 2488, 2946, 9016, 3329, 6563, 341, 3754, 5644, 4199, 9479, 4541, 3748, 5176, 9035, 1364, 6997, 1135, 3189, 700, 9998, 5824, 8293, 3751, 9925, 1045, 1068, 7777, 1173, 268, 2853, 3550, 1473, 3534, 1493, 7718, 960, 4868, 9892, 1378, 283, 7920, 447, 2778, 787, 8296, 9194, 4852, 6688, 4177, 4929, 2689, 1761, 6593, 3183, 689, 9694, 1114, 211, 4013, 1127, 7135, 7917, 9783, 9831, 1384, 2215, 9619, 2163, 2659, 4712, 2668, 2263, 2574, 4201, 4118, 6730, 3623, 1024, 944, 1234, 5140, 624, 2300, 4504, 7084, 3824, 1000, 3474, 4146, 151, 7578, 7398, 7445, 6945, 1247, 5331, 1023, 2229, 9253, 1429, 304, 63, 1751, 3511, 2569, 3645, 9672, 7673, 4451, 619, 213, 4990, 7735, 9646, 1672, 9762, 95, 6312, 1344, 9669, 5973, 6501, 61, 4373, 3839, 645, 3228, 7044, 4656, 3674, 1902, 658, 4197, 9382, 3962, 3599, 1725, 3394, 4228, 4212, 8486, 9008, 720, 4509, 7558, 7207, 4211, 8097, 5056, 8275, 6605, 7210, 2313, 6710, 6080, 9875, 4316, 1846, 2970, 3795, 6004, 9877, 7208, 1044, 4230, 5138, 7724, 3820, 4059, 7671, 6065, 2024, 5720, 7043, 9465, 9217, 2082, 9338, 3136, 1903, 7982, 4740, 5225, 2131, 9005, 8508, 1866, 1981, 2351, 1940, 6390, 1882, 1153, 2182, 6665, 3773, 6391, 7805, 9173, 3975, 6739, 1525, 4615, 9698, 2040, 1648, 2339, 6421, 5803, 9023, 1969, 7451, 3206, 9782, 5626, 2118, 195, 9290, 9691, 2109, 4966, 9491, 502, 7195, 5569, 7511, 2810, 3663, 1772, 613, 3873, 9943, 3001, 6700, 4310, 8867, 4959, 358, 4616, 218, 844, 7434, 2063]
[3951, 7742, 827, 2185, 7542, 6620, 2698, 4180, 5495, 9840, 4498, 9924, 2146, 3416, 4423, 7211, 1256, 2419, 1308, 9677, 3898, 3808, 2770, 9211, 3757, 4163, 4108, 324, 1782, 4761, 4433, 577, 6599, 4657, 8020, 3381, 23, 3334, 1345, 6611, 2365, 5434, 7504, 4017, 1089, 3644, 9793, 1495, 2348, 3994, 9649, 1014, 4284, 4461, 2237, 9243, 6914, 5841, 779, 8000, 1644, 2930, 2159, 7338, 3385, 1325, 1050, 7494, 1440, 1641, 4368, 618, 4439, 8445, 4323, 3818, 3577, 4419, 1928, 3727, 2697, 1039, 2358, 6642, 736, 182, 1618, 2299, 9588, 483, 9733, 6651, 6625, 7153, 6975, 5209, 2508, 6154, 478, 1317, 1567, 6737, 6912, 7850, 6530, 9906, 7198, 3504, 6460, 9513, 8227, 5943, 245, 9883, 7419, 443, 2325, 5308, 9268, 486, 6035, 4056, 8245, 7248, 2772, 4315, 1550, 6768, 1581, 9634, 4739, 8353, 3681, 6537, 3166, 1159, 5269, 6573, 1737, 4880, 9116, 1259, 8047, 7249, 149, 1062, 3859, 6111, 2957, 6575, 1658, 6331, 8665, 9700, 2233, 2986, 4020, 7361, 394, 4355, 3685, 8327, 1091, 3030, 9506, 1748, 1727, 1124, 3369, 7187, 2445, 9754, 3115, 4625, 6709, 3702, 3631, 4748, 4876, 582, 468, 7539, 2099, 5851, 235, 550, 9997, 1115, 8866, 8253, 1833, 2029, 3580, 4018, 610, 7402, 7498, 2241, 9687, 857, 499, 3654, 3705, 9675, 6788, 4848, 3846, 1077, 1404, 4137, 8259, 1561, 4400, 9679, 5054, 5409, 4096, 66, 3384, 2611, 7235, 7999, 6617, 1941, 4131, 3339, 5940, 4431, 7923, 5210, 1888, 1357, 3062, 692, 3967, 2021, 6668, 3769, 6940, 3275, 4076, 1469, 9071, 5735, 3750, 3785, 247, 3778, 7608, 8144, 59, 2400, 5885, 9128, 2004, 4313, 3855, 2488, 2946, 9016, 3329, 6563, 341, 3754, 5644, 4199, 9479, 4541, 3748, 5176, 9035, 1364, 6997, 1135, 3189, 700, 9998, 5824, 8293, 3751, 9925, 1045, 1068, 7777, 1173, 268, 2853, 3550, 1473, 3534, 1493, 7718, 960, 4868, 9892, 1378, 283, 7920, 447, 2778, 787, 8296, 9194, 4852, 6688, 4177, 4929, 2689, 1761, 6593, 3183, 689, 9694, 1114, 211, 4013, 1127, 7135, 7917, 9783, 9831, 1384, 2215, 9619, 2163, 2659, 4712, 2668, 2263, 2574, 4201, 4118, 6730, 3623, 1024, 944, 1234, 5140, 624, 2300, 4504, 7084, 3824, 1000, 3474, 4146, 151, 7578, 7398, 7445, 6945, 1247, 5331, 1023, 2229, 9253, 1429, 304, 63, 1751, 3511, 2569, 3645, 9672, 7673, 4451, 619, 213, 4990, 7735, 9646, 1672, 9762, 95, 6312, 1344, 9669, 5973, 6501, 61, 4373, 3839, 645, 3228, 7044, 4656, 3674, 1902, 658, 4197, 9382, 3962, 3599, 1725, 3394, 4228, 4212, 8486, 9008, 720, 4509, 7558, 7207, 4211, 8097, 5056, 8275, 6605, 7210, 2313, 6710, 6080, 9875, 4316, 1846, 2970, 3795, 6004, 9877, 7208, 1044, 4230, 5138, 7724, 3820, 4059, 7671, 6065, 2024, 5720, 7043, 9465, 9217, 2082, 9338, 3136, 1903, 7982, 4740, 5225, 2131, 9005, 8508, 1866, 1981, 2351, 1940, 6390, 1882, 1153, 2182, 6665, 3773, 6391, 7805, 9173, 3975, 6739, 1525, 4615, 9698, 2040, 1648, 2339, 6421, 5803, 9023, 1969, 7451, 3206, 9782, 5626, 2118, 195, 9290, 9691, 2109, 4966, 9491, 502, 7195, 5569, 7511, 2810, 3663, 1772, 613, 3873, 9943, 3001, 6700, 4310, 8867, 4959, 358, 4616, 218, 844, 7434, 2063]
[3951, 7742, 827, 2185, 7542, 6620, 2698, 4180, 5495, 9840, 4498, 9924, 2146, 3416, 4423, 7211, 1256, 2419, 1308, 9677, 3898, 3808, 2770, 9211, 3757, 4163, 4108, 324, 1782, 4761, 4433, 577, 6599, 4657, 8020, 3381, 23, 3334, 1345, 6611, 2365, 5434, 7504, 4017, 1089, 3644, 9793, 1495, 2348, 3994, 9649, 1014, 4284, 4461, 2237, 9243, 6914, 5841, 779, 8000, 1644, 2930, 2159, 7338, 3385, 1325, 1050, 7494, 1440, 1641, 4368, 618, 4439, 8445, 4323, 3818, 3577, 4419, 1928, 3727, 2697, 1039, 2358, 6642, 736, 182, 1618, 2299, 9588, 483, 9733, 6651, 6625, 7153, 6975, 5209, 2508, 6154, 478, 1317, 1567, 6737, 6912, 7850, 6530, 9906, 7198, 3504, 6460, 9513, 8227, 5943, 245, 9883, 7419, 443, 2325, 5308, 9268, 486, 6035, 4056, 8245, 7248, 2772, 4315, 1550, 6768, 1581, 9634, 4739, 8353, 3681, 6537, 3166, 1159, 5269, 6573, 1737, 4880, 9116, 1259, 8047, 7249, 149, 1062, 3859, 6111, 2957, 6575, 1658, 6331, 8665, 9700, 2233, 2986, 4020, 7361, 394, 4355, 3685, 8327, 1091, 3030, 9506, 1748, 1727, 1124, 3369, 7187, 2445, 9754, 3115, 4625, 6709, 3702, 3631, 4748, 4876, 582, 468, 7539, 2099, 5851, 235, 550, 9997, 1115, 8866, 8253, 1833, 2029, 3580, 4018, 610, 7402, 7498, 2241, 9687, 857, 499, 3654, 3705, 9675, 6788, 4848, 3846, 1077, 1404, 4137, 8259, 1561, 4400, 9679, 5054, 5409, 4096, 66, 3384, 2611, 7235, 7999, 6617, 1941, 4131, 3339, 5940, 4431, 7923, 5210, 1888, 1357, 3062, 692, 3967, 2021, 6668, 3769, 6940, 3275, 4076, 1469, 9071, 5735, 3750, 3785, 247, 3778, 7608, 8144, 59, 2400, 5885, 9128, 2004, 4313, 3855, 2488, 2946, 9016, 3329, 6563, 341, 3754, 5644, 4199, 9479, 4541, 3748, 5176, 9035, 1364, 6997, 1135, 3189, 700, 9998, 5824, 8293, 3751, 9925, 1045, 1068, 7777, 1173, 268, 2853, 3550, 1473, 3534, 1493, 7718, 960, 4868, 9892, 1378, 283, 7920, 447, 2778, 787, 8296, 9194, 4852, 6688, 4177, 4929, 2689, 1761, 6593, 3183, 689, 9694, 1114, 211, 4013, 1127, 7135, 7917, 9783, 9831, 1384, 2215, 9619, 2163, 2659, 4712, 2668, 2263, 2574, 4201, 4118, 6730, 3623, 1024, 944, 1234, 5140, 624, 2300, 4504, 7084, 3824, 1000, 3474, 4146, 151, 7578, 7398, 7445, 6945, 1247, 5331, 1023, 2229, 9253, 1429, 304, 63, 1751, 3511, 2569, 3645, 9672, 7673, 4451, 619, 213, 4990, 7735, 9646, 1672, 9762, 95, 6312, 1344, 9669, 5973, 6501, 61, 4373, 3839, 645, 3228, 7044, 4656, 3674, 1902, 658, 4197, 9382, 3962, 3599, 1725, 3394, 4228, 4212, 8486, 9008, 720, 4509, 7558, 7207, 4211, 8097, 5056, 8275, 6605, 7210, 2313, 6710, 6080, 9875, 4316, 1846, 2970, 3795, 6004, 9877, 7208, 1044, 4230, 5138, 7724, 3820, 4059, 7671, 6065, 2024, 5720, 7043, 9465, 9217, 2082, 9338, 3136, 1903, 7982, 4740, 5225, 2131, 9005, 8508, 1866, 1981, 2351, 1940, 6390, 1882, 1153, 2182, 6665, 3773, 6391, 7805, 9173, 3975, 6739, 1525, 4615, 9698, 2040, 1648, 2339, 6421, 5803, 9023, 1969, 7451, 3206, 9782, 5626, 2118, 195, 9290, 9691, 2109, 4966, 9491, 502, 7195, 5569, 7511, 2810, 3663, 1772, 613, 3873, 9943, 3001, 6700, 4310, 8867, 4959, 358, 4616, 218, 844, 7434, 2063]
[3951, 7742, 827, 2185, 7542, 6620, 2698, 4180, 5495, 9840, 4498, 9924, 2146, 3416, 4423, 7211, 1256, 2419, 1308, 9677, 3898, 3808, 2770, 9211, 3757, 4163, 4108, 324, 1782, 4761, 4433, 577, 6599, 4657, 8020, 3381, 23, 3334, 1345, 6611, 2365, 5434, 7504, 4017, 1089, 3644, 9793, 1495, 2348, 3994, 9649, 1014, 4284, 4461, 2237, 9243, 6914, 5841, 779, 8000, 1644, 2930, 2159, 7338, 3385, 1325, 1050, 7494, 1440, 1641, 4368, 618, 4439, 8445, 4323, 3818, 3577, 4419, 1928, 3727, 2697, 1039, 2358, 6642, 736, 182, 1618, 2299, 9588, 483, 9733, 6651, 6625, 7153, 6975, 5209, 2508, 6154, 478, 1317, 1567, 6737, 6912, 7850, 6530, 9906, 7198, 3504, 6460, 9513, 8227, 5943, 245, 9883, 7419, 443, 2325, 5308, 9268, 486, 6035, 4056, 8245, 7248, 2772, 4315, 1550, 6768, 1581, 9634, 4739, 8353, 3681, 6537, 3166, 1159, 5269, 6573, 1737, 4880, 9116, 1259, 8047, 7249, 149, 1062, 3859, 6111, 2957, 6575, 1658, 6331, 8665, 9700, 2233, 2986, 4020, 7361, 394, 4355, 3685, 8327, 1091, 3030, 9506, 1748, 1727, 1124, 3369, 7187, 2445, 9754, 3115, 4625, 6709, 3702, 3631, 4748, 4876, 582, 468, 7539, 2099, 5851, 235, 550, 9997, 1115, 8866, 8253, 1833, 2029, 3580, 4018, 610, 7402, 7498, 2241, 9687, 857, 499, 3654, 3705, 9675, 6788, 4848, 3846, 1077, 1404, 4137, 8259, 1561, 4400, 9679, 5054, 5409, 4096, 66, 3384, 2611, 7235, 7999, 6617, 1941, 4131, 3339, 5940, 4431, 7923, 5210, 1888, 1357, 3062, 692, 3967, 2021, 6668, 3769, 6940, 3275, 4076, 1469, 9071, 5735, 3750, 3785, 247, 3778, 7608, 8144, 59, 2400, 5885, 9128, 2004, 4313, 3855, 2488, 2946, 9016, 3329, 6563, 341, 3754, 5644, 4199, 9479, 4541, 3748, 5176, 9035, 1364, 6997, 1135, 3189, 700, 9998, 5824, 8293, 3751, 9925, 1045, 1068, 7777, 1173, 268, 2853, 3550, 1473, 3534, 1493, 7718, 960, 4868, 9892, 1378, 283, 7920, 447, 2778, 787, 8296, 9194, 4852, 6688, 4177, 4929, 2689, 1761, 6593, 3183, 689, 9694, 1114, 211, 4013, 1127, 7135, 7917, 9783, 9831, 1384, 2215, 9619, 2163, 2659, 4712, 2668, 2263, 2574, 4201, 4118, 6730, 3623, 1024, 944, 1234, 5140, 624, 2300, 4504, 7084, 3824, 1000, 3474, 4146, 151, 7578, 7398, 7445, 6945, 1247, 5331, 1023, 2229, 9253, 1429, 304, 63, 1751, 3511, 2569, 3645, 9672, 7673, 4451, 619, 213, 4990, 7735, 9646, 1672, 9762, 95, 6312, 1344, 9669, 5973, 6501, 61, 4373, 3839, 645, 3228, 7044, 4656, 3674, 1902, 658, 4197, 9382, 3962, 3599, 1725, 3394, 4228, 4212, 8486, 9008, 720, 4509, 7558, 7207, 4211, 8097, 5056, 8275, 6605, 7210, 2313, 6710, 6080, 9875, 4316, 1846, 2970, 3795, 6004, 9877, 7208, 1044, 4230, 5138, 7724, 3820, 4059, 7671, 6065, 2024, 5720, 7043, 9465, 9217, 2082, 9338, 3136, 1903, 7982, 4740, 5225, 2131, 9005, 8508, 1866, 1981, 2351, 1940, 6390, 1882, 1153, 2182, 6665, 3773, 6391, 7805, 9173, 3975, 6739, 1525, 4615, 9698, 2040, 1648, 2339, 6421, 5803, 9023, 1969, 7451, 3206, 9782, 5626, 2118, 195, 9290, 9691, 2109, 4966, 9491, 502, 7195, 5569, 7511, 2810, 3663, 1772, 613, 3873, 9943, 3001, 6700, 4310, 8867, 4959, 358, 4616, 218, 844, 7434, 2063]
[3951, 7742, 827, 2185, 7542, 6620, 2698, 4180, 5495, 9840, 4498, 9924, 2146, 3416, 4423, 7211, 1256, 2419, 1308, 9677, 3898, 3808, 2770, 9211, 3757, 4163, 4108, 324, 1782, 4761, 4433, 577, 6599, 4657, 8020, 3381, 23, 3334, 1345, 6611, 2365, 5434, 7504, 4017, 1089, 3644, 9793, 1495, 2348, 3994, 9649, 1014, 4284, 4461, 2237, 9243, 6914, 5841, 779, 8000, 1644, 2930, 2159, 7338, 3385, 1325, 1050, 7494, 1440, 1641, 4368, 618, 4439, 8445, 4323, 3818, 3577, 4419, 1928, 3727, 2697, 1039, 2358, 6642, 736, 182, 1618, 2299, 9588, 483, 9733, 6651, 6625, 7153, 6975, 5209, 2508, 6154, 478, 1317, 1567, 6737, 6912, 7850, 6530, 9906, 7198, 3504, 6460, 9513, 8227, 5943, 245, 9883, 7419, 443, 2325, 5308, 9268, 486, 6035, 4056, 8245, 7248, 2772, 4315, 1550, 6768, 1581, 9634, 4739, 8353, 3681, 6537, 3166, 1159, 5269, 6573, 1737, 4880, 9116, 1259, 8047, 7249, 149, 1062, 3859, 6111, 2957, 6575, 1658, 6331, 8665, 9700, 2233, 2986, 4020, 7361, 394, 4355, 3685, 8327, 1091, 3030, 9506, 1748, 1727, 1124, 3369, 7187, 2445, 9754, 3115, 4625, 6709, 3702, 3631, 4748, 4876, 582, 468, 7539, 2099, 5851, 235, 550, 9997, 1115, 8866, 8253, 1833, 2029, 3580, 4018, 610, 7402, 7498, 2241, 9687, 857, 499, 3654, 3705, 9675, 6788, 4848, 3846, 1077, 1404, 4137, 8259, 1561, 4400, 9679, 5054, 5409, 4096, 66, 3384, 2611, 7235, 7999, 6617, 1941, 4131, 3339, 5940, 4431, 7923, 5210, 1888, 1357, 3062, 692, 3967, 2021, 6668, 3769, 6940, 3275, 4076, 1469, 9071, 5735, 3750, 3785, 247, 3778, 7608, 8144, 59, 2400, 5885, 9128, 2004, 4313, 3855, 2488, 2946, 9016, 3329, 6563, 341, 3754, 5644, 4199, 9479, 4541, 3748, 5176, 9035, 1364, 6997, 1135, 3189, 700, 9998, 5824, 8293, 3751, 9925, 1045, 1068, 7777, 1173, 268, 2853, 3550, 1473, 3534, 1493, 7718, 960, 4868, 9892, 1378, 283, 7920, 447, 2778, 787, 8296, 9194, 4852, 6688, 4177, 4929, 2689, 1761, 6593, 3183, 689, 9694, 1114, 211, 4013, 1127, 7135, 7917, 9783, 9831, 1384, 2215, 9619, 2163, 2659, 4712, 2668, 2263, 2574, 4201, 4118, 6730, 3623, 1024, 944, 1234, 5140, 624, 2300, 4504, 7084, 3824, 1000, 3474, 4146, 151, 7578, 7398, 7445, 6945, 1247, 5331, 1023, 2229, 9253, 1429, 304, 63, 1751, 3511, 2569, 3645, 9672, 7673, 4451, 619, 213, 4990, 7735, 9646, 1672, 9762, 95, 6312, 1344, 9669, 5973, 6501, 61, 4373, 3839, 645, 3228, 7044, 4656, 3674, 1902, 658, 4197, 9382, 3962, 3599, 1725, 3394, 4228, 4212, 8486, 9008, 720, 4509, 7558, 7207, 4211, 8097, 5056, 8275, 6605, 7210, 2313, 6710, 6080, 9875, 4316, 1846, 2970, 3795, 6004, 9877, 7208, 1044, 4230, 5138, 7724, 3820, 4059, 7671, 6065, 2024, 5720, 7043, 9465, 9217, 2082, 9338, 3136, 1903, 7982, 4740, 5225, 2131, 9005, 8508, 1866, 1981, 2351, 1940, 6390, 1882, 1153, 2182, 6665, 3773, 6391, 7805, 9173, 3975, 6739, 1525, 4615, 9698, 2040, 1648, 2339, 6421, 5803, 9023, 1969, 7451, 3206, 9782, 5626, 2118, 195, 9290, 9691, 2109, 4966, 9491, 502, 7195, 5569, 7511, 2810, 3663, 1772, 613, 3873, 9943, 3001, 6700, 4310, 8867, 4959, 358, 4616, 218, 844, 7434, 2063]
[3951, 7742, 827, 2185, 7542, 6620, 2698, 4180, 5495, 9840, 4498, 9924, 2146, 3416, 4423, 7211, 1256, 2419, 1308, 9677, 3898, 3808, 2770, 9211, 3757, 4163, 4108, 324, 1782, 4761, 4433, 577, 6599, 4657, 8020, 3381, 23, 3334, 1345, 6611, 2365, 5434, 7504, 4017, 1089, 3644, 9793, 1495, 2348, 3994, 9649, 1014, 4284, 4461, 2237, 9243, 6914, 5841, 779, 8000, 1644, 2930, 2159, 7338, 3385, 1325, 1050, 7494, 1440, 1641, 4368, 618, 4439, 8445, 4323, 3818, 3577, 4419, 1928, 3727, 2697, 1039, 2358, 6642, 736, 182, 1618, 2299, 9588, 483, 9733, 6651, 6625, 7153, 6975, 5209, 2508, 6154, 478, 1317, 1567, 6737, 6912, 7850, 6530, 9906, 7198, 3504, 6460, 9513, 8227, 5943, 245, 9883, 7419, 443, 2325, 5308, 9268, 486, 6035, 4056, 8245, 7248, 2772, 4315, 1550, 6768, 1581, 9634, 4739, 8353, 3681, 6537, 3166, 1159, 5269, 6573, 1737, 4880, 9116, 1259, 8047, 7249, 149, 1062, 3859, 6111, 2957, 6575, 1658, 6331, 8665, 9700, 2233, 2986, 4020, 7361, 394, 4355, 3685, 8327, 1091, 3030, 9506, 1748, 1727, 1124, 3369, 7187, 2445, 9754, 3115, 4625, 6709, 3702, 3631, 4748, 4876, 582, 468, 7539, 2099, 5851, 235, 550, 9997, 1115, 8866, 8253, 1833, 2029, 3580, 4018, 610, 7402, 7498, 2241, 9687, 857, 499, 3654, 3705, 9675, 6788, 4848, 3846, 1077, 1404, 4137, 8259, 1561, 4400, 9679, 5054, 5409, 4096, 66, 3384, 2611, 7235, 7999, 6617, 1941, 4131, 3339, 5940, 4431, 7923, 5210, 1888, 1357, 3062, 692, 3967, 2021, 6668, 3769, 6940, 3275, 4076, 1469, 9071, 5735, 3750, 3785, 247, 3778, 7608, 8144, 59, 2400, 5885, 9128, 2004, 4313, 3855, 2488, 2946, 9016, 3329, 6563, 341, 3754, 5644, 4199, 9479, 4541, 3748, 5176, 9035, 1364, 6997, 1135, 3189, 700, 9998, 5824, 8293, 3751, 9925, 1045, 1068, 7777, 1173, 268, 2853, 3550, 1473, 3534, 1493, 7718, 960, 4868, 9892, 1378, 283, 7920, 447, 2778, 787, 8296, 9194, 4852, 6688, 4177, 4929, 2689, 1761, 6593, 3183, 689, 9694, 1114, 211, 4013, 1127, 7135, 7917, 9783, 9831, 1384, 2215, 9619, 2163, 2659, 4712, 2668, 2263, 2574, 4201, 4118, 6730, 3623, 1024, 944, 1234, 5140, 624, 2300, 4504, 7084, 3824, 1000, 3474, 4146, 151, 7578, 7398, 7445, 6945, 1247, 5331, 1023, 2229, 9253, 1429, 304, 63, 1751, 3511, 2569, 3645, 9672, 7673, 4451, 619, 213, 4990, 7735, 9646, 1672, 9762, 95, 6312, 1344, 9669, 5973, 6501, 61, 4373, 3839, 645, 3228, 7044, 4656, 3674, 1902, 658, 4197, 9382, 3962, 3599, 1725, 3394, 4228, 4212, 8486, 9008, 720, 4509, 7558, 7207, 4211, 8097, 5056, 8275, 6605, 7210, 2313, 6710, 6080, 9875, 4316, 1846, 2970, 3795, 6004, 9877, 7208, 1044, 4230, 5138, 7724, 3820, 4059, 7671, 6065, 2024, 5720, 7043, 9465, 9217, 2082, 9338, 3136, 1903, 7982, 4740, 5225, 2131, 9005, 8508, 1866, 1981, 2351, 1940, 6390, 1882, 1153, 2182, 6665, 3773, 6391, 7805, 9173, 3975, 6739, 1525, 4615, 9698, 2040, 1648, 2339, 6421, 5803, 9023, 1969, 7451, 3206, 9782, 5626, 2118, 195, 9290, 9691, 2109, 4966, 9491, 502, 7195, 5569, 7511, 2810, 3663, 1772, 613, 3873, 9943, 3001, 6700, 4310, 8867, 4959, 358, 4616, 218, 844, 7434, 2063]
[3951, 7742, 827, 2185, 7542, 6620, 2698, 4180, 5495, 9840, 4498, 9924, 2146, 3416, 4423, 7211, 1256, 2419, 1308, 9677, 3898, 3808, 2770, 9211, 3757, 4163, 4108, 324, 1782, 4761, 4433, 577, 6599, 4657, 8020, 3381, 23, 3334, 1345, 6611, 2365, 5434, 7504, 4017, 1089, 3644, 9793, 1495, 2348, 3994, 9649, 1014, 4284, 4461, 2237, 9243, 6914, 5841, 779, 8000, 1644, 2930, 2159, 7338, 3385, 1325, 1050, 7494, 1440, 1641, 4368, 618, 4439, 8445, 4323, 3818, 3577, 4419, 1928, 3727, 2697, 1039, 2358, 6642, 736, 182, 1618, 2299, 9588, 483, 9733, 6651, 6625, 7153, 6975, 5209, 2508, 6154, 478, 1317, 1567, 6737, 6912, 7850, 6530, 9906, 7198, 3504, 6460, 9513, 8227, 5943, 245, 9883, 7419, 443, 2325, 5308, 9268, 486, 6035, 4056, 8245, 7248, 2772, 4315, 1550, 6768, 1581, 9634, 4739, 8353, 3681, 6537, 3166, 1159, 5269, 6573, 1737, 4880, 9116, 1259, 8047, 7249, 149, 1062, 3859, 6111, 2957, 6575, 1658, 6331, 8665, 9700, 2233, 2986, 4020, 7361, 394, 4355, 3685, 8327, 1091, 3030, 9506, 1748, 1727, 1124, 3369, 7187, 2445, 9754, 3115, 4625, 6709, 3702, 3631, 4748, 4876, 582, 468, 7539, 2099, 5851, 235, 550, 9997, 1115, 8866, 8253, 1833, 2029, 3580, 4018, 610, 7402, 7498, 2241, 9687, 857, 499, 3654, 3705, 9675, 6788, 4848, 3846, 1077, 1404, 4137, 8259, 1561, 4400, 9679, 5054, 5409, 4096, 66, 3384, 2611, 7235, 7999, 6617, 1941, 4131, 3339, 5940, 4431, 7923, 5210, 1888, 1357, 3062, 692, 3967, 2021, 6668, 3769, 6940, 3275, 4076, 1469, 9071, 5735, 3750, 3785, 247, 3778, 7608, 8144, 59, 2400, 5885, 9128, 2004, 4313, 3855, 2488, 2946, 9016, 3329, 6563, 341, 3754, 5644, 4199, 9479, 4541, 3748, 5176, 9035, 1364, 6997, 1135, 3189, 700, 9998, 5824, 8293, 3751, 9925, 1045, 1068, 7777, 1173, 268, 2853, 3550, 1473, 3534, 1493, 7718, 960, 4868, 9892, 1378, 283, 7920, 447, 2778, 787, 8296, 9194, 4852, 6688, 4177, 4929, 2689, 1761, 6593, 3183, 689, 9694, 1114, 211, 4013, 1127, 7135, 7917, 9783, 9831, 1384, 2215, 9619, 2163, 2659, 4712, 2668, 2263, 2574, 4201, 4118, 6730, 3623, 1024, 944, 1234, 5140, 624, 2300, 4504, 7084, 3824, 1000, 3474, 4146, 151, 7578, 7398, 7445, 6945, 1247, 5331, 1023, 2229, 9253, 1429, 304, 63, 1751, 3511, 2569, 3645, 9672, 7673, 4451, 619, 213, 4990, 7735, 9646, 1672, 9762, 95, 6312, 1344, 9669, 5973, 6501, 61, 4373, 3839, 645, 3228, 7044, 4656, 3674, 1902, 658, 4197, 9382, 3962, 3599, 1725, 3394, 4228, 4212, 8486, 9008, 720, 4509, 7558, 7207, 4211, 8097, 5056, 8275, 6605, 7210, 2313, 6710, 6080, 9875, 4316, 1846, 2970, 3795, 6004, 9877, 7208, 1044, 4230, 5138, 7724, 3820, 4059, 7671, 6065, 2024, 5720, 7043, 9465, 9217, 2082, 9338, 3136, 1903, 7982, 4740, 5225, 2131, 9005, 8508, 1866, 1981, 2351, 1940, 6390, 1882, 1153, 2182, 6665, 3773, 6391, 7805, 9173, 3975, 6739, 1525, 4615, 9698, 2040, 1648, 2339, 6421, 5803, 9023, 1969, 7451, 3206, 9782, 5626, 2118, 195, 9290, 9691, 2109, 4966, 9491, 502, 7195, 5569, 7511, 2810, 3663, 1772, 613, 3873, 9943, 3001, 6700, 4310, 8867, 4959, 358, 4616, 218, 844, 7434, 2063]
[3951, 7742, 827, 2185, 7542, 6620, 2698, 4180, 5495, 9840, 4498, 9924, 2146, 3416, 4423, 7211, 1256, 2419, 1308, 9677, 3898, 3808, 2770, 9211, 3757, 4163, 4108, 324, 1782, 4761, 4433, 577, 6599, 4657, 8020, 3381, 23, 3334, 1345, 6611, 2365, 5434, 7504, 4017, 1089, 3644, 9793, 1495, 2348, 3994, 9649, 1014, 4284, 4461, 2237, 9243, 6914, 5841, 779, 8000, 1644, 2930, 2159, 7338, 3385, 1325, 1050, 7494, 1440, 1641, 4368, 618, 4439, 8445, 4323, 3818, 3577, 4419, 1928, 3727, 2697, 1039, 2358, 6642, 736, 182, 1618, 2299, 9588, 483, 9733, 6651, 6625, 7153, 6975, 5209, 2508, 6154, 478, 1317, 1567, 6737, 6912, 7850, 6530, 9906, 7198, 3504, 6460, 9513, 8227, 5943, 245, 9883, 7419, 443, 2325, 5308, 9268, 486, 6035, 4056, 8245, 7248, 2772, 4315, 1550, 6768, 1581, 9634, 4739, 8353, 3681, 6537, 3166, 1159, 5269, 6573, 1737, 4880, 9116, 1259, 8047, 7249, 149, 1062, 3859, 6111, 2957, 6575, 1658, 6331, 8665, 9700, 2233, 2986, 4020, 7361, 394, 4355, 3685, 8327, 1091, 3030, 9506, 1748, 1727, 1124, 3369, 7187, 2445, 9754, 3115, 4625, 6709, 3702, 3631, 4748, 4876, 582, 468, 7539, 2099, 5851, 235, 550, 9997, 1115, 8866, 8253, 1833, 2029, 3580, 4018, 610, 7402, 7498, 2241, 9687, 857, 499, 3654, 3705, 9675, 6788, 4848, 3846, 1077, 1404, 4137, 8259, 1561, 4400, 9679, 5054, 5409, 4096, 66, 3384, 2611, 7235, 7999, 6617, 1941, 4131, 3339, 5940, 4431, 7923, 5210, 1888, 1357, 3062, 692, 3967, 2021, 6668, 3769, 6940, 3275, 4076, 1469, 9071, 5735, 3750, 3785, 247, 3778, 7608, 8144, 59, 2400, 5885, 9128, 2004, 4313, 3855, 2488, 2946, 9016, 3329, 6563, 341, 3754, 5644, 4199, 9479, 4541, 3748, 5176, 9035, 1364, 6997, 1135, 3189, 700, 9998, 5824, 8293, 3751, 9925, 1045, 1068, 7777, 1173, 268, 2853, 3550, 1473, 3534, 1493, 7718, 960, 4868, 9892, 1378, 283, 7920, 447, 2778, 787, 8296, 9194, 4852, 6688, 4177, 4929, 2689, 1761, 6593, 3183, 689, 9694, 1114, 211, 4013, 1127, 7135, 7917, 9783, 9831, 1384, 2215, 9619, 2163, 2659, 4712, 2668, 2263, 2574, 4201, 4118, 6730, 3623, 1024, 944, 1234, 5140, 624, 2300, 4504, 7084, 3824, 1000, 3474, 4146, 151, 7578, 7398, 7445, 6945, 1247, 5331, 1023, 2229, 9253, 1429, 304, 63, 1751, 3511, 2569, 3645, 9672, 7673, 4451, 619, 213, 4990, 7735, 9646, 1672, 9762, 95, 6312, 1344, 9669, 5973, 6501, 61, 4373, 3839, 645, 3228, 7044, 4656, 3674, 1902, 658, 4197, 9382, 3962, 3599, 1725, 3394, 4228, 4212, 8486, 9008, 720, 4509, 7558, 7207, 4211, 8097, 5056, 8275, 6605, 7210, 2313, 6710, 6080, 9875, 4316, 1846, 2970, 3795, 6004, 9877, 7208, 1044, 4230, 5138, 7724, 3820, 4059, 7671, 6065, 2024, 5720, 7043, 9465, 9217, 2082, 9338, 3136, 1903, 7982, 4740, 5225, 2131, 9005, 8508, 1866, 1981, 2351, 1940, 6390, 1882, 1153, 2182, 6665, 3773, 6391, 7805, 9173, 3975, 6739, 1525, 4615, 9698, 2040, 1648, 2339, 6421, 5803, 9023, 1969, 7451, 3206, 9782, 5626, 2118, 195, 9290, 9691, 2109, 4966, 9491, 502, 7195, 5569, 7511, 2810, 3663, 1772, 613, 3873, 9943, 3001, 6700, 4310, 8867, 4959, 358, 4616, 218, 844, 7434, 2063]
[3951, 7742, 827, 2185, 7542, 6620, 2698, 4180, 5495, 9840, 4498, 9924, 2146, 3416, 4423, 7211, 1256, 2419, 1308, 9677, 3898, 3808, 2770, 9211, 3757, 4163, 4108, 324, 1782, 4761, 4433, 577, 6599, 4657, 8020, 3381, 23, 3334, 1345, 6611, 2365, 5434, 7504, 4017, 1089, 3644, 9793, 1495, 2348, 3994, 9649, 1014, 4284, 4461, 2237, 9243, 6914, 5841, 779, 8000, 1644, 2930, 2159, 7338, 3385, 1325, 1050, 7494, 1440, 1641, 4368, 618, 4439, 8445, 4323, 3818, 3577, 4419, 1928, 3727, 2697, 1039, 2358, 6642, 736, 182, 1618, 2299, 9588, 483, 9733, 6651, 6625, 7153, 6975, 5209, 2508, 6154, 478, 1317, 1567, 6737, 6912, 7850, 6530, 9906, 7198, 3504, 6460, 9513, 8227, 5943, 245, 9883, 7419, 443, 2325, 5308, 9268, 486, 6035, 4056, 8245, 7248, 2772, 4315, 1550, 6768, 1581, 9634, 4739, 8353, 3681, 6537, 3166, 1159, 5269, 6573, 1737, 4880, 9116, 1259, 8047, 7249, 149, 1062, 3859, 6111, 2957, 6575, 1658, 6331, 8665, 9700, 2233, 2986, 4020, 7361, 394, 4355, 3685, 8327, 1091, 3030, 9506, 1748, 1727, 1124, 3369, 7187, 2445, 9754, 3115, 4625, 6709, 3702, 3631, 4748, 4876, 582, 468, 7539, 2099, 5851, 235, 550, 9997, 1115, 8866, 8253, 1833, 2029, 3580, 4018, 610, 7402, 7498, 2241, 9687, 857, 499, 3654, 3705, 9675, 6788, 4848, 3846, 1077, 1404, 4137, 8259, 1561, 4400, 9679, 5054, 5409, 4096, 66, 3384, 2611, 7235, 7999, 6617, 1941, 4131, 3339, 5940, 4431, 7923, 5210, 1888, 1357, 3062, 692, 3967, 2021, 6668, 3769, 6940, 3275, 4076, 1469, 9071, 5735, 3750, 3785, 247, 3778, 7608, 8144, 59, 2400, 5885, 9128, 2004, 4313, 3855, 2488, 2946, 9016, 3329, 6563, 341, 3754, 5644, 4199, 9479, 4541, 3748, 5176, 9035, 1364, 6997, 1135, 3189, 700, 9998, 5824, 8293, 3751, 9925, 1045, 1068, 7777, 1173, 268, 2853, 3550, 1473, 3534, 1493, 7718, 960, 4868, 9892, 1378, 283, 7920, 447, 2778, 787, 8296, 9194, 4852, 6688, 4177, 4929, 2689, 1761, 6593, 3183, 689, 9694, 1114, 211, 4013, 1127, 7135, 7917, 9783, 9831, 1384, 2215, 9619, 2163, 2659, 4712, 2668, 2263, 2574, 4201, 4118, 6730, 3623, 1024, 944, 1234, 5140, 624, 2300, 4504, 7084, 3824, 1000, 3474, 4146, 151, 7578, 7398, 7445, 6945, 1247, 5331, 1023, 2229, 9253, 1429, 304, 63, 1751, 3511, 2569, 3645, 9672, 7673, 4451, 619, 213, 4990, 7735, 9646, 1672, 9762, 95, 6312, 1344, 9669, 5973, 6501, 61, 4373, 3839, 645, 3228, 7044, 4656, 3674, 1902, 658, 4197, 9382, 3962, 3599, 1725, 3394, 4228, 4212, 8486, 9008, 720, 4509, 7558, 7207, 4211, 8097, 5056, 8275, 6605, 7210, 2313, 6710, 6080, 9875, 4316, 1846, 2970, 3795, 6004, 9877, 7208, 1044, 4230, 5138, 7724, 3820, 4059, 7671, 6065, 2024, 5720, 7043, 9465, 9217, 2082, 9338, 3136, 1903, 7982, 4740, 5225, 2131, 9005, 8508, 1866, 1981, 2351, 1940, 6390, 1882, 1153, 2182, 6665, 3773, 6391, 7805, 9173, 3975, 6739, 1525, 4615, 9698, 2040, 1648, 2339, 6421, 5803, 9023, 1969, 7451, 3206, 9782, 5626, 2118, 195, 9290, 9691, 2109, 4966, 9491, 502, 7195, 5569, 7511, 2810, 3663, 1772, 613, 3873, 9943, 3001, 6700, 4310, 8867, 4959, 358, 4616, 218, 844, 7434, 2063]
[3951, 7742, 827, 2185, 7542, 6620, 2698, 4180, 5495, 9840, 4498, 9924, 2146, 3416, 4423, 7211, 1256, 2419, 1308, 9677, 3898, 3808, 2770, 9211, 3757, 4163, 4108, 324, 1782, 4761, 4433, 577, 6599, 4657, 8020, 3381, 23, 3334, 1345, 6611, 2365, 5434, 7504, 4017, 1089, 3644, 9793, 1495, 2348, 3994, 9649, 1014, 4284, 4461, 2237, 9243, 6914, 5841, 779, 8000, 1644, 2930, 2159, 7338, 3385, 1325, 1050, 7494, 1440, 1641, 4368, 618, 4439, 8445, 4323, 3818, 3577, 4419, 1928, 3727, 2697, 1039, 2358, 6642, 736, 182, 1618, 2299, 9588, 483, 9733, 6651, 6625, 7153, 6975, 5209, 2508, 6154, 478, 1317, 1567, 6737, 6912, 7850, 6530, 9906, 7198, 3504, 6460, 9513, 8227, 5943, 245, 9883, 7419, 443, 2325, 5308, 9268, 486, 6035, 4056, 8245, 7248, 2772, 4315, 1550, 6768, 1581, 9634, 4739, 8353, 3681, 6537, 3166, 1159, 5269, 6573, 1737, 4880, 9116, 1259, 8047, 7249, 149, 1062, 3859, 6111, 2957, 6575, 1658, 6331, 8665, 9700, 2233, 2986, 4020, 7361, 394, 4355, 3685, 8327, 1091, 3030, 9506, 1748, 1727, 1124, 3369, 7187, 2445, 9754, 3115, 4625, 6709, 3702, 3631, 4748, 4876, 582, 468, 7539, 2099, 5851, 235, 550, 9997, 1115, 8866, 8253, 1833, 2029, 3580, 4018, 610, 7402, 7498, 2241, 9687, 857, 499, 3654, 3705, 9675, 6788, 4848, 3846, 1077, 1404, 4137, 8259, 1561, 4400, 9679, 5054, 5409, 4096, 66, 3384, 2611, 7235, 7999, 6617, 1941, 4131, 3339, 5940, 4431, 7923, 5210, 1888, 1357, 3062, 692, 3967, 2021, 6668, 3769, 6940, 3275, 4076, 1469, 9071, 5735, 3750, 3785, 247, 3778, 7608, 8144, 59, 2400, 5885, 9128, 2004, 4313, 3855, 2488, 2946, 9016, 3329, 6563, 341, 3754, 5644, 4199, 9479, 4541, 3748, 5176, 9035, 1364, 6997, 1135, 3189, 700, 9998, 5824, 8293, 3751, 9925, 1045, 1068, 7777, 1173, 268, 2853, 3550, 1473, 3534, 1493, 7718, 960, 4868, 9892, 1378, 283, 7920, 447, 2778, 787, 8296, 9194, 4852, 6688, 4177, 4929, 2689, 1761, 6593, 3183, 689, 9694, 1114, 211, 4013, 1127, 7135, 7917, 9783, 9831, 1384, 2215, 9619, 2163, 2659, 4712, 2668, 2263, 2574, 4201, 4118, 6730, 3623, 1024, 944, 1234, 5140, 624, 2300, 4504, 7084, 3824, 1000, 3474, 4146, 151, 7578, 7398, 7445, 6945, 1247, 5331, 1023, 2229, 9253, 1429, 304, 63, 1751, 3511, 2569, 3645, 9672, 7673, 4451, 619, 213, 4990, 7735, 9646, 1672, 9762, 95, 6312, 1344, 9669, 5973, 6501, 61, 4373, 3839, 645, 3228, 7044, 4656, 3674, 1902, 658, 4197, 9382, 3962, 3599, 1725, 3394, 4228, 4212, 8486, 9008, 720, 4509, 7558, 7207, 4211, 8097, 5056, 8275, 6605, 7210, 2313, 6710, 6080, 9875, 4316, 1846, 2970, 3795, 6004, 9877, 7208, 1044, 4230, 5138, 7724, 3820, 4059, 7671, 6065, 2024, 5720, 7043, 9465, 9217, 2082, 9338, 3136, 1903, 7982, 4740, 5225, 2131, 9005, 8508, 1866, 1981, 2351, 1940, 6390, 1882, 1153, 2182, 6665, 3773, 6391, 7805, 9173, 3975, 6739, 1525, 4615, 9698, 2040, 1648, 2339, 6421, 5803, 9023, 1969, 7451, 3206, 9782, 5626, 2118, 195, 9290, 9691, 2109, 4966, 9491, 502, 7195, 5569, 7511, 2810, 3663, 1772, 613, 3873, 9943, 3001, 6700, 4310, 8867, 4959, 358, 4616, 218, 844, 7434, 2063]
[3951, 7742, 827, 2185, 7542, 6620, 2698, 4180, 5495, 9840, 4498, 9924, 2146, 3416, 4423, 7211, 1256, 2419, 1308, 9677, 3898, 3808, 2770, 9211, 3757, 4163, 4108, 324, 1782, 4761, 4433, 577, 6599, 4657, 8020, 3381, 23, 3334, 1345, 6611, 2365, 5434, 7504, 4017, 1089, 3644, 9793, 1495, 2348, 3994, 9649, 1014, 4284, 4461, 2237, 9243, 6914, 5841, 779, 8000, 1644, 2930, 2159, 7338, 3385, 1325, 1050, 7494, 1440, 1641, 4368, 618, 4439, 8445, 4323, 3818, 3577, 4419, 1928, 3727, 2697, 1039, 2358, 6642, 736, 182, 1618, 2299, 9588, 483, 9733, 6651, 6625, 7153, 6975, 5209, 2508, 6154, 478, 1317, 1567, 6737, 6912, 7850, 6530, 9906, 7198, 3504, 6460, 9513, 8227, 5943, 245, 9883, 7419, 443, 2325, 5308, 9268, 486, 6035, 4056, 8245, 7248, 2772, 4315, 1550, 6768, 1581, 9634, 4739, 8353, 3681, 6537, 3166, 1159, 5269, 6573, 1737, 4880, 9116, 1259, 8047, 7249, 149, 1062, 3859, 6111, 2957, 6575, 1658, 6331, 8665, 9700, 2233, 2986, 4020, 7361, 394, 4355, 3685, 8327, 1091, 3030, 9506, 1748, 1727, 1124, 3369, 7187, 2445, 9754, 3115, 4625, 6709, 3702, 3631, 4748, 4876, 582, 468, 7539, 2099, 5851, 235, 550, 9997, 1115, 8866, 8253, 1833, 2029, 3580, 4018, 610, 7402, 7498, 2241, 9687, 857, 499, 3654, 3705, 9675, 6788, 4848, 3846, 1077, 1404, 4137, 8259, 1561, 4400, 9679, 5054, 5409, 4096, 66, 3384, 2611, 7235, 7999, 6617, 1941, 4131, 3339, 5940, 4431, 7923, 5210, 1888, 1357, 3062, 692, 3967, 2021, 6668, 3769, 6940, 3275, 4076, 1469, 9071, 5735, 3750, 3785, 247, 3778, 7608, 8144, 59, 2400, 5885, 9128, 2004, 4313, 3855, 2488, 2946, 9016, 3329, 6563, 341, 3754, 5644, 4199, 9479, 4541, 3748, 5176, 9035, 1364, 6997, 1135, 3189, 700, 9998, 5824, 8293, 3751, 9925, 1045, 1068, 7777, 1173, 268, 2853, 3550, 1473, 3534, 1493, 7718, 960, 4868, 9892, 1378, 283, 7920, 447, 2778, 787, 8296, 9194, 4852, 6688, 4177, 4929, 2689, 1761, 6593, 3183, 689, 9694, 1114, 211, 4013, 1127, 7135, 7917, 9783, 9831, 1384, 2215, 9619, 2163, 2659, 4712, 2668, 2263, 2574, 4201, 4118, 6730, 3623, 1024, 944, 1234, 5140, 624, 2300, 4504, 7084, 3824, 1000, 3474, 4146, 151, 7578, 7398, 7445, 6945, 1247, 5331, 1023, 2229, 9253, 1429, 304, 63, 1751, 3511, 2569, 3645, 9672, 7673, 4451, 619, 213, 4990, 7735, 9646, 1672, 9762, 95, 6312, 1344, 9669, 5973, 6501, 61, 4373, 3839, 645, 3228, 7044, 4656, 3674, 1902, 658, 4197, 9382, 3962, 3599, 1725, 3394, 4228, 4212, 8486, 9008, 720, 4509, 7558, 7207, 4211, 8097, 5056, 8275, 6605, 7210, 2313, 6710, 6080, 9875, 4316, 1846, 2970, 3795, 6004, 9877, 7208, 1044, 4230, 5138, 7724, 3820, 4059, 7671, 6065, 2024, 5720, 7043, 9465, 9217, 2082, 9338, 3136, 1903, 7982, 4740, 5225, 2131, 9005, 8508, 1866, 1981, 2351, 1940, 6390, 1882, 1153, 2182, 6665, 3773, 6391, 7805, 9173, 3975, 6739, 1525, 4615, 9698, 2040, 1648, 2339, 6421, 5803, 9023, 1969, 7451, 3206, 9782, 5626, 2118, 195, 9290, 9691, 2109, 4966, 9491, 502, 7195, 5569, 7511, 2810, 3663, 1772, 613, 3873, 9943, 3001, 6700, 4310, 8867, 4959, 358, 4616, 218, 844, 7434, 2063]
[3951, 7742, 827, 2185, 7542, 6620, 2698, 4180, 5495, 9840, 4498, 9924, 2146, 3416, 4423, 7211, 1256, 2419, 1308, 9677, 3898, 3808, 2770, 9211, 3757, 4163, 4108, 324, 1782, 4761, 4433, 577, 6599, 4657, 8020, 3381, 23, 3334, 1345, 6611, 2365, 5434, 7504, 4017, 1089, 3644, 9793, 1495, 2348, 3994, 9649, 1014, 4284, 4461, 2237, 9243, 6914, 5841, 779, 8000, 1644, 2930, 2159, 7338, 3385, 1325, 1050, 7494, 1440, 1641, 4368, 618, 4439, 8445, 4323, 3818, 3577, 4419, 1928, 3727, 2697, 1039, 2358, 6642, 736, 182, 1618, 2299, 9588, 483, 9733, 6651, 6625, 7153, 6975, 5209, 2508, 6154, 478, 1317, 1567, 6737, 6912, 7850, 6530, 9906, 7198, 3504, 6460, 9513, 8227, 5943, 245, 9883, 7419, 443, 2325, 5308, 9268, 486, 6035, 4056, 8245, 7248, 2772, 4315, 1550, 6768, 1581, 9634, 4739, 8353, 3681, 6537, 3166, 1159, 5269, 6573, 1737, 4880, 9116, 1259, 8047, 7249, 149, 1062, 3859, 6111, 2957, 6575, 1658, 6331, 8665, 9700, 2233, 2986, 4020, 7361, 394, 4355, 3685, 8327, 1091, 3030, 9506, 1748, 1727, 1124, 3369, 7187, 2445, 9754, 3115, 4625, 6709, 3702, 3631, 4748, 4876, 582, 468, 7539, 2099, 5851, 235, 550, 9997, 1115, 8866, 8253, 1833, 2029, 3580, 4018, 610, 7402, 7498, 2241, 9687, 857, 499, 3654, 3705, 9675, 6788, 4848, 3846, 1077, 1404, 4137, 8259, 1561, 4400, 9679, 5054, 5409, 4096, 66, 3384, 2611, 7235, 7999, 6617, 1941, 4131, 3339, 5940, 4431, 7923, 5210, 1888, 1357, 3062, 692, 3967, 2021, 6668, 3769, 6940, 3275, 4076, 1469, 9071, 5735, 3750, 3785, 247, 3778, 7608, 8144, 59, 2400, 5885, 9128, 2004, 4313, 3855, 2488, 2946, 9016, 3329, 6563, 341, 3754, 5644, 4199, 9479, 4541, 3748, 5176, 9035, 1364, 6997, 1135, 3189, 700, 9998, 5824, 8293, 3751, 9925, 1045, 1068, 7777, 1173, 268, 2853, 3550, 1473, 3534, 1493, 7718, 960, 4868, 9892, 1378, 283, 7920, 447, 2778, 787, 8296, 9194, 4852, 6688, 4177, 4929, 2689, 1761, 6593, 3183, 689, 9694, 1114, 211, 4013, 1127, 7135, 7917, 9783, 9831, 1384, 2215, 9619, 2163, 2659, 4712, 2668, 2263, 2574, 4201, 4118, 6730, 3623, 1024, 944, 1234, 5140, 624, 2300, 4504, 7084, 3824, 1000, 3474, 4146, 151, 7578, 7398, 7445, 6945, 1247, 5331, 1023, 2229, 9253, 1429, 304, 63, 1751, 3511, 2569, 3645, 9672, 7673, 4451, 619, 213, 4990, 7735, 9646, 1672, 9762, 95, 6312, 1344, 9669, 5973, 6501, 61, 4373, 3839, 645, 3228, 7044, 4656, 3674, 1902, 658, 4197, 9382, 3962, 3599, 1725, 3394, 4228, 4212, 8486, 9008, 720, 4509, 7558, 7207, 4211, 8097, 5056, 8275, 6605, 7210, 2313, 6710, 6080, 9875, 4316, 1846, 2970, 3795, 6004, 9877, 7208, 1044, 4230, 5138, 7724, 3820, 4059, 7671, 6065, 2024, 5720, 7043, 9465, 9217, 2082, 9338, 3136, 1903, 7982, 4740, 5225, 2131, 9005, 8508, 1866, 1981, 2351, 1940, 6390, 1882, 1153, 2182, 6665, 3773, 6391, 7805, 9173, 3975, 6739, 1525, 4615, 9698, 2040, 1648, 2339, 6421, 5803, 9023, 1969, 7451, 3206, 9782, 5626, 2118, 195, 9290, 9691, 2109, 4966, 9491, 502, 7195, 5569, 7511, 2810, 3663, 1772, 613, 3873, 9943, 3001, 6700, 4310, 8867, 4959, 358, 4616, 218, 844, 7434, 2063]
[3951, 7742, 827, 2185, 7542, 6620, 2698, 4180, 5495, 9840, 4498, 9924, 2146, 3416, 4423, 7211, 1256, 2419, 1308, 9677, 3898, 3808, 2770, 9211, 3757, 4163, 4108, 324, 1782, 4761, 4433, 577, 6599, 4657, 8020, 3381, 23, 3334, 1345, 6611, 2365, 5434, 7504, 4017, 1089, 3644, 9793, 1495, 2348, 3994, 9649, 1014, 4284, 4461, 2237, 9243, 6914, 5841, 779, 8000, 1644, 2930, 2159, 7338, 3385, 1325, 1050, 7494, 1440, 1641, 4368, 618, 4439, 8445, 4323, 3818, 3577, 4419, 1928, 3727, 2697, 1039, 2358, 6642, 736, 182, 1618, 2299, 9588, 483, 9733, 6651, 6625, 7153, 6975, 5209, 2508, 6154, 478, 1317, 1567, 6737, 6912, 7850, 6530, 9906, 7198, 3504, 6460, 9513, 8227, 5943, 245, 9883, 7419, 443, 2325, 5308, 9268, 486, 6035, 4056, 8245, 7248, 2772, 4315, 1550, 6768, 1581, 9634, 4739, 8353, 3681, 6537, 3166, 1159, 5269, 6573, 1737, 4880, 9116, 1259, 8047, 7249, 149, 1062, 3859, 6111, 2957, 6575, 1658, 6331, 8665, 9700, 2233, 2986, 4020, 7361, 394, 4355, 3685, 8327, 1091, 3030, 9506, 1748, 1727, 1124, 3369, 7187, 2445, 9754, 3115, 4625, 6709, 3702, 3631, 4748, 4876, 582, 468, 7539, 2099, 5851, 235, 550, 9997, 1115, 8866, 8253, 1833, 2029, 3580, 4018, 610, 7402, 7498, 2241, 9687, 857, 499, 3654, 3705, 9675, 6788, 4848, 3846, 1077, 1404, 4137, 8259, 1561, 4400, 9679, 5054, 5409, 4096, 66, 3384, 2611, 7235, 7999, 6617, 1941, 4131, 3339, 5940, 4431, 7923, 5210, 1888, 1357, 3062, 692, 3967, 2021, 6668, 3769, 6940, 3275, 4076, 1469, 9071, 5735, 3750, 3785, 247, 3778, 7608, 8144, 59, 2400, 5885, 9128, 2004, 4313, 3855, 2488, 2946, 9016, 3329, 6563, 341, 3754, 5644, 4199, 9479, 4541, 3748, 5176, 9035, 1364, 6997, 1135, 3189, 700, 9998, 5824, 8293, 3751, 9925, 1045, 1068, 7777, 1173, 268, 2853, 3550, 1473, 3534, 1493, 7718, 960, 4868, 9892, 1378, 283, 7920, 447, 2778, 787, 8296, 9194, 4852, 6688, 4177, 4929, 2689, 1761, 6593, 3183, 689, 9694, 1114, 211, 4013, 1127, 7135, 7917, 9783, 9831, 1384, 2215, 9619, 2163, 2659, 4712, 2668, 2263, 2574, 4201, 4118, 6730, 3623, 1024, 944, 1234, 5140, 624, 2300, 4504, 7084, 3824, 1000, 3474, 4146, 151, 7578, 7398, 7445, 6945, 1247, 5331, 1023, 2229, 9253, 1429, 304, 63, 1751, 3511, 2569, 3645, 9672, 7673, 4451, 619, 213, 4990, 7735, 9646, 1672, 9762, 95, 6312, 1344, 9669, 5973, 6501, 61, 4373, 3839, 645, 3228, 7044, 4656, 3674, 1902, 658, 4197, 9382, 3962, 3599, 1725, 3394, 4228, 4212, 8486, 9008, 720, 4509, 7558, 7207, 4211, 8097, 5056, 8275, 6605, 7210, 2313, 6710, 6080, 9875, 4316, 1846, 2970, 3795, 6004, 9877, 7208, 1044, 4230, 5138, 7724, 3820, 4059, 7671, 6065, 2024, 5720, 7043, 9465, 9217, 2082, 9338, 3136, 1903, 7982, 4740, 5225, 2131, 9005, 8508, 1866, 1981, 2351, 1940, 6390, 1882, 1153, 2182, 6665, 3773, 6391, 7805, 9173, 3975, 6739, 1525, 4615, 9698, 2040, 1648, 2339, 6421, 5803, 9023, 1969, 7451, 3206, 9782, 5626, 2118, 195, 9290, 9691, 2109, 4966, 9491, 502, 7195, 5569, 7511, 2810, 3663, 1772, 613, 3873, 9943, 3001, 6700, 4310, 8867, 4959, 358, 4616, 218, 844, 7434, 2063]
[3951, 7742, 827, 2185, 7542, 6620, 2698, 4180, 5495, 9840, 4498, 9924, 2146, 3416, 4423, 7211, 1256, 2419, 1308, 9677, 3898, 3808, 2770, 9211, 3757, 4163, 4108, 324, 1782, 4761, 4433, 577, 6599, 4657, 8020, 3381, 23, 3334, 1345, 6611, 2365, 5434, 7504, 4017, 1089, 3644, 9793, 1495, 2348, 3994, 9649, 1014, 4284, 4461, 2237, 9243, 6914, 5841, 779, 8000, 1644, 2930, 2159, 7338, 3385, 1325, 1050, 7494, 1440, 1641, 4368, 618, 4439, 8445, 4323, 3818, 3577, 4419, 1928, 3727, 2697, 1039, 2358, 6642, 736, 182, 1618, 2299, 9588, 483, 9733, 6651, 6625, 7153, 6975, 5209, 2508, 6154, 478, 1317, 1567, 6737, 6912, 7850, 6530, 9906, 7198, 3504, 6460, 9513, 8227, 5943, 245, 9883, 7419, 443, 2325, 5308, 9268, 486, 6035, 4056, 8245, 7248, 2772, 4315, 1550, 6768, 1581, 9634, 4739, 8353, 3681, 6537, 3166, 1159, 5269, 6573, 1737, 4880, 9116, 1259, 8047, 7249, 149, 1062, 3859, 6111, 2957, 6575, 1658, 6331, 8665, 9700, 2233, 2986, 4020, 7361, 394, 4355, 3685, 8327, 1091, 3030, 9506, 1748, 1727, 1124, 3369, 7187, 2445, 9754, 3115, 4625, 6709, 3702, 3631, 4748, 4876, 582, 468, 7539, 2099, 5851, 235, 550, 9997, 1115, 8866, 8253, 1833, 2029, 3580, 4018, 610, 7402, 7498, 2241, 9687, 857, 499, 3654, 3705, 9675, 6788, 4848, 3846, 1077, 1404, 4137, 8259, 1561, 4400, 9679, 5054, 5409, 4096, 66, 3384, 2611, 7235, 7999, 6617, 1941, 4131, 3339, 5940, 4431, 7923, 5210, 1888, 1357, 3062, 692, 3967, 2021, 6668, 3769, 6940, 3275, 4076, 1469, 9071, 5735, 3750, 3785, 247, 3778, 7608, 8144, 59, 2400, 5885, 9128, 2004, 4313, 3855, 2488, 2946, 9016, 3329, 6563, 341, 3754, 5644, 4199, 9479, 4541, 3748, 5176, 9035, 1364, 6997, 1135, 3189, 700, 9998, 5824, 8293, 3751, 9925, 1045, 1068, 7777, 1173, 268, 2853, 3550, 1473, 3534, 1493, 7718, 960, 4868, 9892, 1378, 283, 7920, 447, 2778, 787, 8296, 9194, 4852, 6688, 4177, 4929, 2689, 1761, 6593, 3183, 689, 9694, 1114, 211, 4013, 1127, 7135, 7917, 9783, 9831, 1384, 2215, 9619, 2163, 2659, 4712, 2668, 2263, 2574, 4201, 4118, 6730, 3623, 1024, 944, 1234, 5140, 624, 2300, 4504, 7084, 3824, 1000, 3474, 4146, 151, 7578, 7398, 7445, 6945, 1247, 5331, 1023, 2229, 9253, 1429, 304, 63, 1751, 3511, 2569, 3645, 9672, 7673, 4451, 619, 213, 4990, 7735, 9646, 1672, 9762, 95, 6312, 1344, 9669, 5973, 6501, 61, 4373, 3839, 645, 3228, 7044, 4656, 3674, 1902, 658, 4197, 9382, 3962, 3599, 1725, 3394, 4228, 4212, 8486, 9008, 720, 4509, 7558, 7207, 4211, 8097, 5056, 8275, 6605, 7210, 2313, 6710, 6080, 9875, 4316, 1846, 2970, 3795, 6004, 9877, 7208, 1044, 4230, 5138, 7724, 3820, 4059, 7671, 6065, 2024, 5720, 7043, 9465, 9217, 2082, 9338, 3136, 1903, 7982, 4740, 5225, 2131, 9005, 8508, 1866, 1981, 2351, 1940, 6390, 1882, 1153, 2182, 6665, 3773, 6391, 7805, 9173, 3975, 6739, 1525, 4615, 9698, 2040, 1648, 2339, 6421, 5803, 9023, 1969, 7451, 3206, 9782, 5626, 2118, 195, 9290, 9691, 2109, 4966, 9491, 502, 7195, 5569, 7511, 2810, 3663, 1772, 613, 3873, 9943, 3001, 6700, 4310, 8867, 4959, 358, 4616, 218, 844, 7434, 2063]
[3951, 7742, 827, 2185, 7542, 6620, 2698, 4180, 5495, 9840, 4498, 9924, 2146, 3416, 4423, 7211, 1256, 2419, 1308, 9677, 3898, 3808, 2770, 9211, 3757, 4163, 4108, 324, 1782, 4761, 4433, 577, 6599, 4657, 8020, 3381, 23, 3334, 1345, 6611, 2365, 5434, 7504, 4017, 1089, 3644, 9793, 1495, 2348, 3994, 9649, 1014, 4284, 4461, 2237, 9243, 6914, 5841, 779, 8000, 1644, 2930, 2159, 7338, 3385, 1325, 1050, 7494, 1440, 1641, 4368, 618, 4439, 8445, 4323, 3818, 3577, 4419, 1928, 3727, 2697, 1039, 2358, 6642, 736, 182, 1618, 2299, 9588, 483, 9733, 6651, 6625, 7153, 6975, 5209, 2508, 6154, 478, 1317, 1567, 6737, 6912, 7850, 6530, 9906, 7198, 3504, 6460, 9513, 8227, 5943, 245, 9883, 7419, 443, 2325, 5308, 9268, 486, 6035, 4056, 8245, 7248, 2772, 4315, 1550, 6768, 1581, 9634, 4739, 8353, 3681, 6537, 3166, 1159, 5269, 6573, 1737, 4880, 9116, 1259, 8047, 7249, 149, 1062, 3859, 6111, 2957, 6575, 1658, 6331, 8665, 9700, 2233, 2986, 4020, 7361, 394, 4355, 3685, 8327, 1091, 3030, 9506, 1748, 1727, 1124, 3369, 7187, 2445, 9754, 3115, 4625, 6709, 3702, 3631, 4748, 4876, 582, 468, 7539, 2099, 5851, 235, 550, 9997, 1115, 8866, 8253, 1833, 2029, 3580, 4018, 610, 7402, 7498, 2241, 9687, 857, 499, 3654, 3705, 9675, 6788, 4848, 3846, 1077, 1404, 4137, 8259, 1561, 4400, 9679, 5054, 5409, 4096, 66, 3384, 2611, 7235, 7999, 6617, 1941, 4131, 3339, 5940, 4431, 7923, 5210, 1888, 1357, 3062, 692, 3967, 2021, 6668, 3769, 6940, 3275, 4076, 1469, 9071, 5735, 3750, 3785, 247, 3778, 7608, 8144, 59, 2400, 5885, 9128, 2004, 4313, 3855, 2488, 2946, 9016, 3329, 6563, 341, 3754, 5644, 4199, 9479, 4541, 3748, 5176, 9035, 1364, 6997, 1135, 3189, 700, 9998, 5824, 8293, 3751, 9925, 1045, 1068, 7777, 1173, 268, 2853, 3550, 1473, 3534, 1493, 7718, 960, 4868, 9892, 1378, 283, 7920, 447, 2778, 787, 8296, 9194, 4852, 6688, 4177, 4929, 2689, 1761, 6593, 3183, 689, 9694, 1114, 211, 4013, 1127, 7135, 7917, 9783, 9831, 1384, 2215, 9619, 2163, 2659, 4712, 2668, 2263, 2574, 4201, 4118, 6730, 3623, 1024, 944, 1234, 5140, 624, 2300, 4504, 7084, 3824, 1000, 3474, 4146, 151, 7578, 7398, 7445, 6945, 1247, 5331, 1023, 2229, 9253, 1429, 304, 63, 1751, 3511, 2569, 3645, 9672, 7673, 4451, 619, 213, 4990, 7735, 9646, 1672, 9762, 95, 6312, 1344, 9669, 5973, 6501, 61, 4373, 3839, 645, 3228, 7044, 4656, 3674, 1902, 658, 4197, 9382, 3962, 3599, 1725, 3394, 4228, 4212, 8486, 9008, 720, 4509, 7558, 7207, 4211, 8097, 5056, 8275, 6605, 7210, 2313, 6710, 6080, 9875, 4316, 1846, 2970, 3795, 6004, 9877, 7208, 1044, 4230, 5138, 7724, 3820, 4059, 7671, 6065, 2024, 5720, 7043, 9465, 9217, 2082, 9338, 3136, 1903, 7982, 4740, 5225, 2131, 9005, 8508, 1866, 1981, 2351, 1940, 6390, 1882, 1153, 2182, 6665, 3773, 6391, 7805, 9173, 3975, 6739, 1525, 4615, 9698, 2040, 1648, 2339, 6421, 5803, 9023, 1969, 7451, 3206, 9782, 5626, 2118, 195, 9290, 9691, 2109, 4966, 9491, 502, 7195, 5569, 7511, 2810, 3663, 1772, 613, 3873, 9943, 3001, 6700, 4310, 8867, 4959, 358, 4616, 218, 844, 7434, 2063]
[3951, 7742, 827, 2185, 7542, 6620, 2698, 4180, 5495, 9840, 4498, 9924, 2146, 3416, 4423, 7211, 1256, 2419, 1308, 9677, 3898, 3808, 2770, 9211, 3757, 4163, 4108, 324, 1782, 4761, 4433, 577, 6599, 4657, 8020, 3381, 23, 3334, 1345, 6611, 2365, 5434, 7504, 4017, 1089, 3644, 9793, 1495, 2348, 3994, 9649, 1014, 4284, 4461, 2237, 9243, 6914, 5841, 779, 8000, 1644, 2930, 2159, 7338, 3385, 1325, 1050, 7494, 1440, 1641, 4368, 618, 4439, 8445, 4323, 3818, 3577, 4419, 1928, 3727, 2697, 1039, 2358, 6642, 736, 182, 1618, 2299, 9588, 483, 9733, 6651, 6625, 7153, 6975, 5209, 2508, 6154, 478, 1317, 1567, 6737, 6912, 7850, 6530, 9906, 7198, 3504, 6460, 9513, 8227, 5943, 245, 9883, 7419, 443, 2325, 5308, 9268, 486, 6035, 4056, 8245, 7248, 2772, 4315, 1550, 6768, 1581, 9634, 4739, 8353, 3681, 6537, 3166, 1159, 5269, 6573, 1737, 4880, 9116, 1259, 8047, 7249, 149, 1062, 3859, 6111, 2957, 6575, 1658, 6331, 8665, 9700, 2233, 2986, 4020, 7361, 394, 4355, 3685, 8327, 1091, 3030, 9506, 1748, 1727, 1124, 3369, 7187, 2445, 9754, 3115, 4625, 6709, 3702, 3631, 4748, 4876, 582, 468, 7539, 2099, 5851, 235, 550, 9997, 1115, 8866, 8253, 1833, 2029, 3580, 4018, 610, 7402, 7498, 2241, 9687, 857, 499, 3654, 3705, 9675, 6788, 4848, 3846, 1077, 1404, 4137, 8259, 1561, 4400, 9679, 5054, 5409, 4096, 66, 3384, 2611, 7235, 7999, 6617, 1941, 4131, 3339, 5940, 4431, 7923, 5210, 1888, 1357, 3062, 692, 3967, 2021, 6668, 3769, 6940, 3275, 4076, 1469, 9071, 5735, 3750, 3785, 247, 3778, 7608, 8144, 59, 2400, 5885, 9128, 2004, 4313, 3855, 2488, 2946, 9016, 3329, 6563, 341, 3754, 5644, 4199, 9479, 4541, 3748, 5176, 9035, 1364, 6997, 1135, 3189, 700, 9998, 5824, 8293, 3751, 9925, 1045, 1068, 7777, 1173, 268, 2853, 3550, 1473, 3534, 1493, 7718, 960, 4868, 9892, 1378, 283, 7920, 447, 2778, 787, 8296, 9194, 4852, 6688, 4177, 4929, 2689, 1761, 6593, 3183, 689, 9694, 1114, 211, 4013, 1127, 7135, 7917, 9783, 9831, 1384, 2215, 9619, 2163, 2659, 4712, 2668, 2263, 2574, 4201, 4118, 6730, 3623, 1024, 944, 1234, 5140, 624, 2300, 4504, 7084, 3824, 1000, 3474, 4146, 151, 7578, 7398, 7445, 6945, 1247, 5331, 1023, 2229, 9253, 1429, 304, 63, 1751, 3511, 2569, 3645, 9672, 7673, 4451, 619, 213, 4990, 7735, 9646, 1672, 9762, 95, 6312, 1344, 9669, 5973, 6501, 61, 4373, 3839, 645, 3228, 7044, 4656, 3674, 1902, 658, 4197, 9382, 3962, 3599, 1725, 3394, 4228, 4212, 8486, 9008, 720, 4509, 7558, 7207, 4211, 8097, 5056, 8275, 6605, 7210, 2313, 6710, 6080, 9875, 4316, 1846, 2970, 3795, 6004, 9877, 7208, 1044, 4230, 5138, 7724, 3820, 4059, 7671, 6065, 2024, 5720, 7043, 9465, 9217, 2082, 9338, 3136, 1903, 7982, 4740, 5225, 2131, 9005, 8508, 1866, 1981, 2351, 1940, 6390, 1882, 1153, 2182, 6665, 3773, 6391, 7805, 9173, 3975, 6739, 1525, 4615, 9698, 2040, 1648, 2339, 6421, 5803, 9023, 1969, 7451, 3206, 9782, 5626, 2118, 195, 9290, 9691, 2109, 4966, 9491, 502, 7195, 5569, 7511, 2810, 3663, 1772, 613, 3873, 9943, 3001, 6700, 4310, 8867, 4959, 358, 4616, 218, 844, 7434, 2063]
[3951, 7742, 827, 2185, 7542, 6620, 2698, 4180, 5495, 9840, 4498, 9924, 2146, 3416, 4423, 7211, 1256, 2419, 1308, 9677, 3898, 3808, 2770, 9211, 3757, 4163, 4108, 324, 1782, 4761, 4433, 577, 6599, 4657, 8020, 3381, 23, 3334, 1345, 6611, 2365, 5434, 7504, 4017, 1089, 3644, 9793, 1495, 2348, 3994, 9649, 1014, 4284, 4461, 2237, 9243, 6914, 5841, 779, 8000, 1644, 2930, 2159, 7338, 3385, 1325, 1050, 7494, 1440, 1641, 4368, 618, 4439, 8445, 4323, 3818, 3577, 4419, 1928, 3727, 2697, 1039, 2358, 6642, 736, 182, 1618, 2299, 9588, 483, 9733, 6651, 6625, 7153, 6975, 5209, 2508, 6154, 478, 1317, 1567, 6737, 6912, 7850, 6530, 9906, 7198, 3504, 6460, 9513, 8227, 5943, 245, 9883, 7419, 443, 2325, 5308, 9268, 486, 6035, 4056, 8245, 7248, 2772, 4315, 1550, 6768, 1581, 9634, 4739, 8353, 3681, 6537, 3166, 1159, 5269, 6573, 1737, 4880, 9116, 1259, 8047, 7249, 149, 1062, 3859, 6111, 2957, 6575, 1658, 6331, 8665, 9700, 2233, 2986, 4020, 7361, 394, 4355, 3685, 8327, 1091, 3030, 9506, 1748, 1727, 1124, 3369, 7187, 2445, 9754, 3115, 4625, 6709, 3702, 3631, 4748, 4876, 582, 468, 7539, 2099, 5851, 235, 550, 9997, 1115, 8866, 8253, 1833, 2029, 3580, 4018, 610, 7402, 7498, 2241, 9687, 857, 499, 3654, 3705, 9675, 6788, 4848, 3846, 1077, 1404, 4137, 8259, 1561, 4400, 9679, 5054, 5409, 4096, 66, 3384, 2611, 7235, 7999, 6617, 1941, 4131, 3339, 5940, 4431, 7923, 5210, 1888, 1357, 3062, 692, 3967, 2021, 6668, 3769, 6940, 3275, 4076, 1469, 9071, 5735, 3750, 3785, 247, 3778, 7608, 8144, 59, 2400, 5885, 9128, 2004, 4313, 3855, 2488, 2946, 9016, 3329, 6563, 341, 3754, 5644, 4199, 9479, 4541, 3748, 5176, 9035, 1364, 6997, 1135, 3189, 700, 9998, 5824, 8293, 3751, 9925, 1045, 1068, 7777, 1173, 268, 2853, 3550, 1473, 3534, 1493, 7718, 960, 4868, 9892, 1378, 283, 7920, 447, 2778, 787, 8296, 9194, 4852, 6688, 4177, 4929, 2689, 1761, 6593, 3183, 689, 9694, 1114, 211, 4013, 1127, 7135, 7917, 9783, 9831, 1384, 2215, 9619, 2163, 2659, 4712, 2668, 2263, 2574, 4201, 4118, 6730, 3623, 1024, 944, 1234, 5140, 624, 2300, 4504, 7084, 3824, 1000, 3474, 4146, 151, 7578, 7398, 7445, 6945, 1247, 5331, 1023, 2229, 9253, 1429, 304, 63, 1751, 3511, 2569, 3645, 9672, 7673, 4451, 619, 213, 4990, 7735, 9646, 1672, 9762, 95, 6312, 1344, 9669, 5973, 6501, 61, 4373, 3839, 645, 3228, 7044, 4656, 3674, 1902, 658, 4197, 9382, 3962, 3599, 1725, 3394, 4228, 4212, 8486, 9008, 720, 4509, 7558, 7207, 4211, 8097, 5056, 8275, 6605, 7210, 2313, 6710, 6080, 9875, 4316, 1846, 2970, 3795, 6004, 9877, 7208, 1044, 4230, 5138, 7724, 3820, 4059, 7671, 6065, 2024, 5720, 7043, 9465, 9217, 2082, 9338, 3136, 1903, 7982, 4740, 5225, 2131, 9005, 8508, 1866, 1981, 2351, 1940, 6390, 1882, 1153, 2182, 6665, 3773, 6391, 7805, 9173, 3975, 6739, 1525, 4615, 9698, 2040, 1648, 2339, 6421, 5803, 9023, 1969, 7451, 3206, 9782, 5626, 2118, 195, 9290, 9691, 2109, 4966, 9491, 502, 7195, 5569, 7511, 2810, 3663, 1772, 613, 3873, 9943, 3001, 6700, 4310, 8867, 4959, 358, 4616, 218, 844, 7434, 2063]
[3951, 7742, 827, 2185, 7542, 6620, 2698, 4180, 5495, 9840, 4498, 9924, 2146, 3416, 4423, 7211, 1256, 2419, 1308, 9677, 3898, 3808, 2770, 9211, 3757, 4163, 4108, 324, 1782, 4761, 4433, 577, 6599, 4657, 8020, 3381, 23, 3334, 1345, 6611, 2365, 5434, 7504, 4017, 1089, 3644, 9793, 1495, 2348, 3994, 9649, 1014, 4284, 4461, 2237, 9243, 6914, 5841, 779, 8000, 1644, 2930, 2159, 7338, 3385, 1325, 1050, 7494, 1440, 1641, 4368, 618, 4439, 8445, 4323, 3818, 3577, 4419, 1928, 3727, 2697, 1039, 2358, 6642, 736, 182, 1618, 2299, 9588, 483, 9733, 6651, 6625, 7153, 6975, 5209, 2508, 6154, 478, 1317, 1567, 6737, 6912, 7850, 6530, 9906, 7198, 3504, 6460, 9513, 8227, 5943, 245, 9883, 7419, 443, 2325, 5308, 9268, 486, 6035, 4056, 8245, 7248, 2772, 4315, 1550, 6768, 1581, 9634, 4739, 8353, 3681, 6537, 3166, 1159, 5269, 6573, 1737, 4880, 9116, 1259, 8047, 7249, 149, 1062, 3859, 6111, 2957, 6575, 1658, 6331, 8665, 9700, 2233, 2986, 4020, 7361, 394, 4355, 3685, 8327, 1091, 3030, 9506, 1748, 1727, 1124, 3369, 7187, 2445, 9754, 3115, 4625, 6709, 3702, 3631, 4748, 4876, 582, 468, 7539, 2099, 5851, 235, 550, 9997, 1115, 8866, 8253, 1833, 2029, 3580, 4018, 610, 7402, 7498, 2241, 9687, 857, 499, 3654, 3705, 9675, 6788, 4848, 3846, 1077, 1404, 4137, 8259, 1561, 4400, 9679, 5054, 5409, 4096, 66, 3384, 2611, 7235, 7999, 6617, 1941, 4131, 3339, 5940, 4431, 7923, 5210, 1888, 1357, 3062, 692, 3967, 2021, 6668, 3769, 6940, 3275, 4076, 1469, 9071, 5735, 3750, 3785, 247, 3778, 7608, 8144, 59, 2400, 5885, 9128, 2004, 4313, 3855, 2488, 2946, 9016, 3329, 6563, 341, 3754, 5644, 4199, 9479, 4541, 3748, 5176, 9035, 1364, 6997, 1135, 3189, 700, 9998, 5824, 8293, 3751, 9925, 1045, 1068, 7777, 1173, 268, 2853, 3550, 1473, 3534, 1493, 7718, 960, 4868, 9892, 1378, 283, 7920, 447, 2778, 787, 8296, 9194, 4852, 6688, 4177, 4929, 2689, 1761, 6593, 3183, 689, 9694, 1114, 211, 4013, 1127, 7135, 7917, 9783, 9831, 1384, 2215, 9619, 2163, 2659, 4712, 2668, 2263, 2574, 4201, 4118, 6730, 3623, 1024, 944, 1234, 5140, 624, 2300, 4504, 7084, 3824, 1000, 3474, 4146, 151, 7578, 7398, 7445, 6945, 1247, 5331, 1023, 2229, 9253, 1429, 304, 63, 1751, 3511, 2569, 3645, 9672, 7673, 4451, 619, 213, 4990, 7735, 9646, 1672, 9762, 95, 6312, 1344, 9669, 5973, 6501, 61, 4373, 3839, 645, 3228, 7044, 4656, 3674, 1902, 658, 4197, 9382, 3962, 3599, 1725, 3394, 4228, 4212, 8486, 9008, 720, 4509, 7558, 7207, 4211, 8097, 5056, 8275, 6605, 7210, 2313, 6710, 6080, 9875, 4316, 1846, 2970, 3795, 6004, 9877, 7208, 1044, 4230, 5138, 7724, 3820, 4059, 7671, 6065, 2024, 5720, 7043, 9465, 9217, 2082, 9338, 3136, 1903, 7982, 4740, 5225, 2131, 9005, 8508, 1866, 1981, 2351, 1940, 6390, 1882, 1153, 2182, 6665, 3773, 6391, 7805, 9173, 3975, 6739, 1525, 4615, 9698, 2040, 1648, 2339, 6421, 5803, 9023, 1969, 7451, 3206, 9782, 5626, 2118, 195, 9290, 9691, 2109, 4966, 9491, 502, 7195, 5569, 7511, 2810, 3663, 1772, 613, 3873, 9943, 3001, 6700, 4310, 8867, 4959, 358, 4616, 218, 844, 7434, 2063]
[3951, 7742, 827, 2185, 7542, 6620, 2698, 4180, 5495, 9840, 4498, 9924, 2146, 3416, 4423, 7211, 1256, 2419, 1308, 9677, 3898, 3808, 2770, 9211, 3757, 4163, 4108, 324, 1782, 4761, 4433, 577, 6599, 4657, 8020, 3381, 23, 3334, 1345, 6611, 2365, 5434, 7504, 4017, 1089, 3644, 9793, 1495, 2348, 3994, 9649, 1014, 4284, 4461, 2237, 9243, 6914, 5841, 779, 8000, 1644, 2930, 2159, 7338, 3385, 1325, 1050, 7494, 1440, 1641, 4368, 618, 4439, 8445, 4323, 3818, 3577, 4419, 1928, 3727, 2697, 1039, 2358, 6642, 736, 182, 1618, 2299, 9588, 483, 9733, 6651, 6625, 7153, 6975, 5209, 2508, 6154, 478, 1317, 1567, 6737, 6912, 7850, 6530, 9906, 7198, 3504, 6460, 9513, 8227, 5943, 245, 9883, 7419, 443, 2325, 5308, 9268, 486, 6035, 4056, 8245, 7248, 2772, 4315, 1550, 6768, 1581, 9634, 4739, 8353, 3681, 6537, 3166, 1159, 5269, 6573, 1737, 4880, 9116, 1259, 8047, 7249, 149, 1062, 3859, 6111, 2957, 6575, 1658, 6331, 8665, 9700, 2233, 2986, 4020, 7361, 394, 4355, 3685, 8327, 1091, 3030, 9506, 1748, 1727, 1124, 3369, 7187, 2445, 9754, 3115, 4625, 6709, 3702, 3631, 4748, 4876, 582, 468, 7539, 2099, 5851, 235, 550, 9997, 1115, 8866, 8253, 1833, 2029, 3580, 4018, 610, 7402, 7498, 2241, 9687, 857, 499, 3654, 3705, 9675, 6788, 4848, 3846, 1077, 1404, 4137, 8259, 1561, 4400, 9679, 5054, 5409, 4096, 66, 3384, 2611, 7235, 7999, 6617, 1941, 4131, 3339, 5940, 4431, 7923, 5210, 1888, 1357, 3062, 692, 3967, 2021, 6668, 3769, 6940, 3275, 4076, 1469, 9071, 5735, 3750, 3785, 247, 3778, 7608, 8144, 59, 2400, 5885, 9128, 2004, 4313, 3855, 2488, 2946, 9016, 3329, 6563, 341, 3754, 5644, 4199, 9479, 4541, 3748, 5176, 9035, 1364, 6997, 1135, 3189, 700, 9998, 5824, 8293, 3751, 9925, 1045, 1068, 7777, 1173, 268, 2853, 3550, 1473, 3534, 1493, 7718, 960, 4868, 9892, 1378, 283, 7920, 447, 2778, 787, 8296, 9194, 4852, 6688, 4177, 4929, 2689, 1761, 6593, 3183, 689, 9694, 1114, 211, 4013, 1127, 7135, 7917, 9783, 9831, 1384, 2215, 9619, 2163, 2659, 4712, 2668, 2263, 2574, 4201, 4118, 6730, 3623, 1024, 944, 1234, 5140, 624, 2300, 4504, 7084, 3824, 1000, 3474, 4146, 151, 7578, 7398, 7445, 6945, 1247, 5331, 1023, 2229, 9253, 1429, 304, 63, 1751, 3511, 2569, 3645, 9672, 7673, 4451, 619, 213, 4990, 7735, 9646, 1672, 9762, 95, 6312, 1344, 9669, 5973, 6501, 61, 4373, 3839, 645, 3228, 7044, 4656, 3674, 1902, 658, 4197, 9382, 3962, 3599, 1725, 3394, 4228, 4212, 8486, 9008, 720, 4509, 7558, 7207, 4211, 8097, 5056, 8275, 6605, 7210, 2313, 6710, 6080, 9875, 4316, 1846, 2970, 3795, 6004, 9877, 7208, 1044, 4230, 5138, 7724, 3820, 4059, 7671, 6065, 2024, 5720, 7043, 9465, 9217, 2082, 9338, 3136, 1903, 7982, 4740, 5225, 2131, 9005, 8508, 1866, 1981, 2351, 1940, 6390, 1882, 1153, 2182, 6665, 3773, 6391, 7805, 9173, 3975, 6739, 1525, 4615, 9698, 2040, 1648, 2339, 6421, 5803, 9023, 1969, 7451, 3206, 9782, 5626, 2118, 195, 9290, 9691, 2109, 4966, 9491, 502, 7195, 5569, 7511, 2810, 3663, 1772, 613, 3873, 9943, 3001, 6700, 4310, 8867, 4959, 358, 4616, 218, 844, 7434, 2063]
[3951, 7742, 827, 2185, 7542, 6620, 2698, 4180, 5495, 9840, 4498, 9924, 2146, 3416, 4423, 7211, 1256, 2419, 1308, 9677, 3898, 3808, 2770, 9211, 3757, 4163, 4108, 324, 1782, 4761, 4433, 577, 6599, 4657, 8020, 3381, 23, 3334, 1345, 6611, 2365, 5434, 7504, 4017, 1089, 3644, 9793, 1495, 2348, 3994, 9649, 1014, 4284, 4461, 2237, 9243, 6914, 5841, 779, 8000, 1644, 2930, 2159, 7338, 3385, 1325, 1050, 7494, 1440, 1641, 4368, 618, 4439, 8445, 4323, 3818, 3577, 4419, 1928, 3727, 2697, 1039, 2358, 6642, 736, 182, 1618, 2299, 9588, 483, 9733, 6651, 6625, 7153, 6975, 5209, 2508, 6154, 478, 1317, 1567, 6737, 6912, 7850, 6530, 9906, 7198, 3504, 6460, 9513, 8227, 5943, 245, 9883, 7419, 443, 2325, 5308, 9268, 486, 6035, 4056, 8245, 7248, 2772, 4315, 1550, 6768, 1581, 9634, 4739, 8353, 3681, 6537, 3166, 1159, 5269, 6573, 1737, 4880, 9116, 1259, 8047, 7249, 149, 1062, 3859, 6111, 2957, 6575, 1658, 6331, 8665, 9700, 2233, 2986, 4020, 7361, 394, 4355, 3685, 8327, 1091, 3030, 9506, 1748, 1727, 1124, 3369, 7187, 2445, 9754, 3115, 4625, 6709, 3702, 3631, 4748, 4876, 582, 468, 7539, 2099, 5851, 235, 550, 9997, 1115, 8866, 8253, 1833, 2029, 3580, 4018, 610, 7402, 7498, 2241, 9687, 857, 499, 3654, 3705, 9675, 6788, 4848, 3846, 1077, 1404, 4137, 8259, 1561, 4400, 9679, 5054, 5409, 4096, 66, 3384, 2611, 7235, 7999, 6617, 1941, 4131, 3339, 5940, 4431, 7923, 5210, 1888, 1357, 3062, 692, 3967, 2021, 6668, 3769, 6940, 3275, 4076, 1469, 9071, 5735, 3750, 3785, 247, 3778, 7608, 8144, 59, 2400, 5885, 9128, 2004, 4313, 3855, 2488, 2946, 9016, 3329, 6563, 341, 3754, 5644, 4199, 9479, 4541, 3748, 5176, 9035, 1364, 6997, 1135, 3189, 700, 9998, 5824, 8293, 3751, 9925, 1045, 1068, 7777, 1173, 268, 2853, 3550, 1473, 3534, 1493, 7718, 960, 4868, 9892, 1378, 283, 7920, 447, 2778, 787, 8296, 9194, 4852, 6688, 4177, 4929, 2689, 1761, 6593, 3183, 689, 9694, 1114, 211, 4013, 1127, 7135, 7917, 9783, 9831, 1384, 2215, 9619, 2163, 2659, 4712, 2668, 2263, 2574, 4201, 4118, 6730, 3623, 1024, 944, 1234, 5140, 624, 2300, 4504, 7084, 3824, 1000, 3474, 4146, 151, 7578, 7398, 7445, 6945, 1247, 5331, 1023, 2229, 9253, 1429, 304, 63, 1751, 3511, 2569, 3645, 9672, 7673, 4451, 619, 213, 4990, 7735, 9646, 1672, 9762, 95, 6312, 1344, 9669, 5973, 6501, 61, 4373, 3839, 645, 3228, 7044, 4656, 3674, 1902, 658, 4197, 9382, 3962, 3599, 1725, 3394, 4228, 4212, 8486, 9008, 720, 4509, 7558, 7207, 4211, 8097, 5056, 8275, 6605, 7210, 2313, 6710, 6080, 9875, 4316, 1846, 2970, 3795, 6004, 9877, 7208, 1044, 4230, 5138, 7724, 3820, 4059, 7671, 6065, 2024, 5720, 7043, 9465, 9217, 2082, 9338, 3136, 1903, 7982, 4740, 5225, 2131, 9005, 8508, 1866, 1981, 2351, 1940, 6390, 1882, 1153, 2182, 6665, 3773, 6391, 7805, 9173, 3975, 6739, 1525, 4615, 9698, 2040, 1648, 2339, 6421, 5803, 9023, 1969, 7451, 3206, 9782, 5626, 2118, 195, 9290, 9691, 2109, 4966, 9491, 502, 7195, 5569, 7511, 2810, 3663, 1772, 613, 3873, 9943, 3001, 6700, 4310, 8867, 4959, 358, 4616, 218, 844, 7434, 2063]
[3951, 7742, 827, 2185, 7542, 6620, 2698, 4180, 5495, 9840, 4498, 9924, 2146, 3416, 4423, 7211, 1256, 2419, 1308, 9677, 3898, 3808, 2770, 9211, 3757, 4163, 4108, 324, 1782, 4761, 4433, 577, 6599, 4657, 8020, 3381, 23, 3334, 1345, 6611, 2365, 5434, 7504, 4017, 1089, 3644, 9793, 1495, 2348, 3994, 9649, 1014, 4284, 4461, 2237, 9243, 6914, 5841, 779, 8000, 1644, 2930, 2159, 7338, 3385, 1325, 1050, 7494, 1440, 1641, 4368, 618, 4439, 8445, 4323, 3818, 3577, 4419, 1928, 3727, 2697, 1039, 2358, 6642, 736, 182, 1618, 2299, 9588, 483, 9733, 6651, 6625, 7153, 6975, 5209, 2508, 6154, 478, 1317, 1567, 6737, 6912, 7850, 6530, 9906, 7198, 3504, 6460, 9513, 8227, 5943, 245, 9883, 7419, 443, 2325, 5308, 9268, 486, 6035, 4056, 8245, 7248, 2772, 4315, 1550, 6768, 1581, 9634, 4739, 8353, 3681, 6537, 3166, 1159, 5269, 6573, 1737, 4880, 9116, 1259, 8047, 7249, 149, 1062, 3859, 6111, 2957, 6575, 1658, 6331, 8665, 9700, 2233, 2986, 4020, 7361, 394, 4355, 3685, 8327, 1091, 3030, 9506, 1748, 1727, 1124, 3369, 7187, 2445, 9754, 3115, 4625, 6709, 3702, 3631, 4748, 4876, 582, 468, 7539, 2099, 5851, 235, 550, 9997, 1115, 8866, 8253, 1833, 2029, 3580, 4018, 610, 7402, 7498, 2241, 9687, 857, 499, 3654, 3705, 9675, 6788, 4848, 3846, 1077, 1404, 4137, 8259, 1561, 4400, 9679, 5054, 5409, 4096, 66, 3384, 2611, 7235, 7999, 6617, 1941, 4131, 3339, 5940, 4431, 7923, 5210, 1888, 1357, 3062, 692, 3967, 2021, 6668, 3769, 6940, 3275, 4076, 1469, 9071, 5735, 3750, 3785, 247, 3778, 7608, 8144, 59, 2400, 5885, 9128, 2004, 4313, 3855, 2488, 2946, 9016, 3329, 6563, 341, 3754, 5644, 4199, 9479, 4541, 3748, 5176, 9035, 1364, 6997, 1135, 3189, 700, 9998, 5824, 8293, 3751, 9925, 1045, 1068, 7777, 1173, 268, 2853, 3550, 1473, 3534, 1493, 7718, 960, 4868, 9892, 1378, 283, 7920, 447, 2778, 787, 8296, 9194, 4852, 6688, 4177, 4929, 2689, 1761, 6593, 3183, 689, 9694, 1114, 211, 4013, 1127, 7135, 7917, 9783, 9831, 1384, 2215, 9619, 2163, 2659, 4712, 2668, 2263, 2574, 4201, 4118, 6730, 3623, 1024, 944, 1234, 5140, 624, 2300, 4504, 7084, 3824, 1000, 3474, 4146, 151, 7578, 7398, 7445, 6945, 1247, 5331, 1023, 2229, 9253, 1429, 304, 63, 1751, 3511, 2569, 3645, 9672, 7673, 4451, 619, 213, 4990, 7735, 9646, 1672, 9762, 95, 6312, 1344, 9669, 5973, 6501, 61, 4373, 3839, 645, 3228, 7044, 4656, 3674, 1902, 658, 4197, 9382, 3962, 3599, 1725, 3394, 4228, 4212, 8486, 9008, 720, 4509, 7558, 7207, 4211, 8097, 5056, 8275, 6605, 7210, 2313, 6710, 6080, 9875, 4316, 1846, 2970, 3795, 6004, 9877, 7208, 1044, 4230, 5138, 7724, 3820, 4059, 7671, 6065, 2024, 5720, 7043, 9465, 9217, 2082, 9338, 3136, 1903, 7982, 4740, 5225, 2131, 9005, 8508, 1866, 1981, 2351, 1940, 6390, 1882, 1153, 2182, 6665, 3773, 6391, 7805, 9173, 3975, 6739, 1525, 4615, 9698, 2040, 1648, 2339, 6421, 5803, 9023, 1969, 7451, 3206, 9782, 5626, 2118, 195, 9290, 9691, 2109, 4966, 9491, 502, 7195, 5569, 7511, 2810, 3663, 1772, 613, 3873, 9943, 3001, 6700, 4310, 8867, 4959, 358, 4616, 218, 844, 7434, 2063]
[3951, 7742, 827, 2185, 7542, 6620, 2698, 4180, 5495, 9840, 4498, 9924, 2146, 3416, 4423, 7211, 1256, 2419, 1308, 9677, 3898, 3808, 2770, 9211, 3757, 4163, 4108, 324, 1782, 4761, 4433, 577, 6599, 4657, 8020, 3381, 23, 3334, 1345, 6611, 2365, 5434, 7504, 4017, 1089, 3644, 9793, 1495, 2348, 3994, 9649, 1014, 4284, 4461, 2237, 9243, 6914, 5841, 779, 8000, 1644, 2930, 2159, 7338, 3385, 1325, 1050, 7494, 1440, 1641, 4368, 618, 4439, 8445, 4323, 3818, 3577, 4419, 1928, 3727, 2697, 1039, 2358, 6642, 736, 182, 1618, 2299, 9588, 483, 9733, 6651, 6625, 7153, 6975, 5209, 2508, 6154, 478, 1317, 1567, 6737, 6912, 7850, 6530, 9906, 7198, 3504, 6460, 9513, 8227, 5943, 245, 9883, 7419, 443, 2325, 5308, 9268, 486, 6035, 4056, 8245, 7248, 2772, 4315, 1550, 6768, 1581, 9634, 4739, 8353, 3681, 6537, 3166, 1159, 5269, 6573, 1737, 4880, 9116, 1259, 8047, 7249, 149, 1062, 3859, 6111, 2957, 6575, 1658, 6331, 8665, 9700, 2233, 2986, 4020, 7361, 394, 4355, 3685, 8327, 1091, 3030, 9506, 1748, 1727, 1124, 3369, 7187, 2445, 9754, 3115, 4625, 6709, 3702, 3631, 4748, 4876, 582, 468, 7539, 2099, 5851, 235, 550, 9997, 1115, 8866, 8253, 1833, 2029, 3580, 4018, 610, 7402, 7498, 2241, 9687, 857, 499, 3654, 3705, 9675, 6788, 4848, 3846, 1077, 1404, 4137, 8259, 1561, 4400, 9679, 5054, 5409, 4096, 66, 3384, 2611, 7235, 7999, 6617, 1941, 4131, 3339, 5940, 4431, 7923, 5210, 1888, 1357, 3062, 692, 3967, 2021, 6668, 3769, 6940, 3275, 4076, 1469, 9071, 5735, 3750, 3785, 247, 3778, 7608, 8144, 59, 2400, 5885, 9128, 2004, 4313, 3855, 2488, 2946, 9016, 3329, 6563, 341, 3754, 5644, 4199, 9479, 4541, 3748, 5176, 9035, 1364, 6997, 1135, 3189, 700, 9998, 5824, 8293, 3751, 9925, 1045, 1068, 7777, 1173, 268, 2853, 3550, 1473, 3534, 1493, 7718, 960, 4868, 9892, 1378, 283, 7920, 447, 2778, 787, 8296, 9194, 4852, 6688, 4177, 4929, 2689, 1761, 6593, 3183, 689, 9694, 1114, 211, 4013, 1127, 7135, 7917, 9783, 9831, 1384, 2215, 9619, 2163, 2659, 4712, 2668, 2263, 2574, 4201, 4118, 6730, 3623, 1024, 944, 1234, 5140, 624, 2300, 4504, 7084, 3824, 1000, 3474, 4146, 151, 7578, 7398, 7445, 6945, 1247, 5331, 1023, 2229, 9253, 1429, 304, 63, 1751, 3511, 2569, 3645, 9672, 7673, 4451, 619, 213, 4990, 7735, 9646, 1672, 9762, 95, 6312, 1344, 9669, 5973, 6501, 61, 4373, 3839, 645, 3228, 7044, 4656, 3674, 1902, 658, 4197, 9382, 3962, 3599, 1725, 3394, 4228, 4212, 8486, 9008, 720, 4509, 7558, 7207, 4211, 8097, 5056, 8275, 6605, 7210, 2313, 6710, 6080, 9875, 4316, 1846, 2970, 3795, 6004, 9877, 7208, 1044, 4230, 5138, 7724, 3820, 4059, 7671, 6065, 2024, 5720, 7043, 9465, 9217, 2082, 9338, 3136, 1903, 7982, 4740, 5225, 2131, 9005, 8508, 1866, 1981, 2351, 1940, 6390, 1882, 1153, 2182, 6665, 3773, 6391, 7805, 9173, 3975, 6739, 1525, 4615, 9698, 2040, 1648, 2339, 6421, 5803, 9023, 1969, 7451, 3206, 9782, 5626, 2118, 195, 9290, 9691, 2109, 4966, 9491, 502, 7195, 5569, 7511, 2810, 3663, 1772, 613, 3873, 9943, 3001, 6700, 4310, 8867, 4959, 358, 4616, 218, 844, 7434, 2063]
