Fault List:
40
40
40
40
40
40
40
40
40
40
40
40
40
40
40
40
40
40
40
40
40
40
40
40
40
40
40
40
40
40
FDR List:
0.47058823529411764
0.47058823529411764
0.47058823529411764
0.47058823529411764
0.47058823529411764
0.47058823529411764
0.47058823529411764
0.47058823529411764
0.47058823529411764
0.47058823529411764
0.47058823529411764
0.47058823529411764
0.47058823529411764
0.47058823529411764
0.47058823529411764
0.47058823529411764
0.47058823529411764
0.47058823529411764
0.47058823529411764
0.47058823529411764
0.47058823529411764
0.47058823529411764
0.47058823529411764
0.47058823529411764
0.47058823529411764
0.47058823529411764
0.47058823529411764
0.47058823529411764
0.47058823529411764
0.47058823529411764
Time List:
0.14242100715637207
0.19086313247680664
0.2028186321258545
0.15722107887268066
0.15993714332580566
0.17267489433288574
0.18662118911743164
0.15147089958190918
0.16773700714111328
0.1674642562866211
0.15384888648986816
0.1746530532836914
0.19548487663269043
0.16655921936035156
0.16747212409973145
0.17829394340515137
0.1695232391357422
0.18491387367248535
0.18247699737548828
0.1822049617767334
0.16414308547973633
0.1786661148071289
0.1554419994354248
0.18602204322814941
0.17139387130737305
0.16835713386535645
0.19301509857177734
0.15761089324951172
0.1662747859954834
0.18370795249938965
Subset List:
[195, 3751, 2705, 7826, 1384, 9677, 2582, 5054, 4317, 3723, 2635, 5824, 9700, 6568, 1308, 930, 2571, 3876, 9781, 998, 2369, 8982, 6391, 8279, 6560, 6080, 456, 5735, 478, 605, 4131, 1072, 4159, 1855, 268, 4433, 8061, 4369, 6418, 1344, 3365, 6872, 960, 3381, 4658, 1772, 5973, 4852, 7490, 514, 959, 9892, 1317, 3681, 7153, 7905, 319, 171, 2598, 1465, 730, 4690, 1678, 6706, 2358, 301, 5890, 3062, 726, 9883, 3151, 9560, 243, 4205, 3757, 3749, 7471, 2820, 2863, 9629, 1128, 1494, 2351, 2214, 2131, 2028, 1050, 7240, 6730, 3820, 827, 691, 9017, 7850, 9746, 1127, 2229, 2770, 1209, 6694]
[195, 3751, 2705, 7826, 1384, 9677, 2582, 5054, 4317, 3723, 2635, 5824, 9700, 6568, 1308, 930, 2571, 3876, 9781, 998, 2369, 8982, 6391, 8279, 6560, 6080, 456, 5735, 478, 605, 4131, 1072, 4159, 1855, 268, 4433, 8061, 4369, 6418, 1344, 3365, 6872, 960, 3381, 4658, 1772, 5973, 4852, 7490, 514, 959, 9892, 1317, 3681, 7153, 7905, 319, 171, 2598, 1465, 730, 4690, 1678, 6706, 2358, 301, 5890, 3062, 726, 9883, 3151, 9560, 243, 4205, 3757, 3749, 7471, 2820, 2863, 9629, 1128, 1494, 2351, 2214, 2131, 2028, 1050, 7240, 6730, 3820, 827, 691, 9017, 7850, 9746, 1127, 2229, 2770, 1209, 6694]
[195, 3751, 2705, 7826, 1384, 9677, 2582, 5054, 4317, 3723, 2635, 5824, 9700, 6568, 1308, 930, 2571, 3876, 9781, 998, 2369, 8982, 6391, 8279, 6560, 6080, 456, 5735, 478, 605, 4131, 1072, 4159, 1855, 268, 4433, 8061, 4369, 6418, 1344, 3365, 6872, 960, 3381, 4658, 1772, 5973, 4852, 7490, 514, 959, 9892, 1317, 3681, 7153, 7905, 319, 171, 2598, 1465, 730, 4690, 1678, 6706, 2358, 301, 5890, 3062, 726, 9883, 3151, 9560, 243, 4205, 3757, 3749, 7471, 2820, 2863, 9629, 1128, 1494, 2351, 2214, 2131, 2028, 1050, 7240, 6730, 3820, 827, 691, 9017, 7850, 9746, 1127, 2229, 2770, 1209, 6694]
[195, 3751, 2705, 7826, 1384, 9677, 2582, 5054, 4317, 3723, 2635, 5824, 9700, 6568, 1308, 930, 2571, 3876, 9781, 998, 2369, 8982, 6391, 8279, 6560, 6080, 456, 5735, 478, 605, 4131, 1072, 4159, 1855, 268, 4433, 8061, 4369, 6418, 1344, 3365, 6872, 960, 3381, 4658, 1772, 5973, 4852, 7490, 514, 959, 9892, 1317, 3681, 7153, 7905, 319, 171, 2598, 1465, 730, 4690, 1678, 6706, 2358, 301, 5890, 3062, 726, 9883, 3151, 9560, 243, 4205, 3757, 3749, 7471, 2820, 2863, 9629, 1128, 1494, 2351, 2214, 2131, 2028, 1050, 7240, 6730, 3820, 827, 691, 9017, 7850, 9746, 1127, 2229, 2770, 1209, 6694]
[195, 3751, 2705, 7826, 1384, 9677, 2582, 5054, 4317, 3723, 2635, 5824, 9700, 6568, 1308, 930, 2571, 3876, 9781, 998, 2369, 8982, 6391, 8279, 6560, 6080, 456, 5735, 478, 605, 4131, 1072, 4159, 1855, 268, 4433, 8061, 4369, 6418, 1344, 3365, 6872, 960, 3381, 4658, 1772, 5973, 4852, 7490, 514, 959, 9892, 1317, 3681, 7153, 7905, 319, 171, 2598, 1465, 730, 4690, 1678, 6706, 2358, 301, 5890, 3062, 726, 9883, 3151, 9560, 243, 4205, 3757, 3749, 7471, 2820, 2863, 9629, 1128, 1494, 2351, 2214, 2131, 2028, 1050, 7240, 6730, 3820, 827, 691, 9017, 7850, 9746, 1127, 2229, 2770, 1209, 6694]
[195, 3751, 2705, 7826, 1384, 9677, 2582, 5054, 4317, 3723, 2635, 5824, 9700, 6568, 1308, 930, 2571, 3876, 9781, 998, 2369, 8982, 6391, 8279, 6560, 6080, 456, 5735, 478, 605, 4131, 1072, 4159, 1855, 268, 4433, 8061, 4369, 6418, 1344, 3365, 6872, 960, 3381, 4658, 1772, 5973, 4852, 7490, 514, 959, 9892, 1317, 3681, 7153, 7905, 319, 171, 2598, 1465, 730, 4690, 1678, 6706, 2358, 301, 5890, 3062, 726, 9883, 3151, 9560, 243, 4205, 3757, 3749, 7471, 2820, 2863, 9629, 1128, 1494, 2351, 2214, 2131, 2028, 1050, 7240, 6730, 3820, 827, 691, 9017, 7850, 9746, 1127, 2229, 2770, 1209, 6694]
[195, 3751, 2705, 7826, 1384, 9677, 2582, 5054, 4317, 3723, 2635, 5824, 9700, 6568, 1308, 930, 2571, 3876, 9781, 998, 2369, 8982, 6391, 8279, 6560, 6080, 456, 5735, 478, 605, 4131, 1072, 4159, 1855, 268, 4433, 8061, 4369, 6418, 1344, 3365, 6872, 960, 3381, 4658, 1772, 5973, 4852, 7490, 514, 959, 9892, 1317, 3681, 7153, 7905, 319, 171, 2598, 1465, 730, 4690, 1678, 6706, 2358, 301, 5890, 3062, 726, 9883, 3151, 9560, 243, 4205, 3757, 3749, 7471, 2820, 2863, 9629, 1128, 1494, 2351, 2214, 2131, 2028, 1050, 7240, 6730, 3820, 827, 691, 9017, 7850, 9746, 1127, 2229, 2770, 1209, 6694]
[195, 3751, 2705, 7826, 1384, 9677, 2582, 5054, 4317, 3723, 2635, 5824, 9700, 6568, 1308, 930, 2571, 3876, 9781, 998, 2369, 8982, 6391, 8279, 6560, 6080, 456, 5735, 478, 605, 4131, 1072, 4159, 1855, 268, 4433, 8061, 4369, 6418, 1344, 3365, 6872, 960, 3381, 4658, 1772, 5973, 4852, 7490, 514, 959, 9892, 1317, 3681, 7153, 7905, 319, 171, 2598, 1465, 730, 4690, 1678, 6706, 2358, 301, 5890, 3062, 726, 9883, 3151, 9560, 243, 4205, 3757, 3749, 7471, 2820, 2863, 9629, 1128, 1494, 2351, 2214, 2131, 2028, 1050, 7240, 6730, 3820, 827, 691, 9017, 7850, 9746, 1127, 2229, 2770, 1209, 6694]
[195, 3751, 2705, 7826, 1384, 9677, 2582, 5054, 4317, 3723, 2635, 5824, 9700, 6568, 1308, 930, 2571, 3876, 9781, 998, 2369, 8982, 6391, 8279, 6560, 6080, 456, 5735, 478, 605, 4131, 1072, 4159, 1855, 268, 4433, 8061, 4369, 6418, 1344, 3365, 6872, 960, 3381, 4658, 1772, 5973, 4852, 7490, 514, 959, 9892, 1317, 3681, 7153, 7905, 319, 171, 2598, 1465, 730, 4690, 1678, 6706, 2358, 301, 5890, 3062, 726, 9883, 3151, 9560, 243, 4205, 3757, 3749, 7471, 2820, 2863, 9629, 1128, 1494, 2351, 2214, 2131, 2028, 1050, 7240, 6730, 3820, 827, 691, 9017, 7850, 9746, 1127, 2229, 2770, 1209, 6694]
[195, 3751, 2705, 7826, 1384, 9677, 2582, 5054, 4317, 3723, 2635, 5824, 9700, 6568, 1308, 930, 2571, 3876, 9781, 998, 2369, 8982, 6391, 8279, 6560, 6080, 456, 5735, 478, 605, 4131, 1072, 4159, 1855, 268, 4433, 8061, 4369, 6418, 1344, 3365, 6872, 960, 3381, 4658, 1772, 5973, 4852, 7490, 514, 959, 9892, 1317, 3681, 7153, 7905, 319, 171, 2598, 1465, 730, 4690, 1678, 6706, 2358, 301, 5890, 3062, 726, 9883, 3151, 9560, 243, 4205, 3757, 3749, 7471, 2820, 2863, 9629, 1128, 1494, 2351, 2214, 2131, 2028, 1050, 7240, 6730, 3820, 827, 691, 9017, 7850, 9746, 1127, 2229, 2770, 1209, 6694]
[195, 3751, 2705, 7826, 1384, 9677, 2582, 5054, 4317, 3723, 2635, 5824, 9700, 6568, 1308, 930, 2571, 3876, 9781, 998, 2369, 8982, 6391, 8279, 6560, 6080, 456, 5735, 478, 605, 4131, 1072, 4159, 1855, 268, 4433, 8061, 4369, 6418, 1344, 3365, 6872, 960, 3381, 4658, 1772, 5973, 4852, 7490, 514, 959, 9892, 1317, 3681, 7153, 7905, 319, 171, 2598, 1465, 730, 4690, 1678, 6706, 2358, 301, 5890, 3062, 726, 9883, 3151, 9560, 243, 4205, 3757, 3749, 7471, 2820, 2863, 9629, 1128, 1494, 2351, 2214, 2131, 2028, 1050, 7240, 6730, 3820, 827, 691, 9017, 7850, 9746, 1127, 2229, 2770, 1209, 6694]
[195, 3751, 2705, 7826, 1384, 9677, 2582, 5054, 4317, 3723, 2635, 5824, 9700, 6568, 1308, 930, 2571, 3876, 9781, 998, 2369, 8982, 6391, 8279, 6560, 6080, 456, 5735, 478, 605, 4131, 1072, 4159, 1855, 268, 4433, 8061, 4369, 6418, 1344, 3365, 6872, 960, 3381, 4658, 1772, 5973, 4852, 7490, 514, 959, 9892, 1317, 3681, 7153, 7905, 319, 171, 2598, 1465, 730, 4690, 1678, 6706, 2358, 301, 5890, 3062, 726, 9883, 3151, 9560, 243, 4205, 3757, 3749, 7471, 2820, 2863, 9629, 1128, 1494, 2351, 2214, 2131, 2028, 1050, 7240, 6730, 3820, 827, 691, 9017, 7850, 9746, 1127, 2229, 2770, 1209, 6694]
[195, 3751, 2705, 7826, 1384, 9677, 2582, 5054, 4317, 3723, 2635, 5824, 9700, 6568, 1308, 930, 2571, 3876, 9781, 998, 2369, 8982, 6391, 8279, 6560, 6080, 456, 5735, 478, 605, 4131, 1072, 4159, 1855, 268, 4433, 8061, 4369, 6418, 1344, 3365, 6872, 960, 3381, 4658, 1772, 5973, 4852, 7490, 514, 959, 9892, 1317, 3681, 7153, 7905, 319, 171, 2598, 1465, 730, 4690, 1678, 6706, 2358, 301, 5890, 3062, 726, 9883, 3151, 9560, 243, 4205, 3757, 3749, 7471, 2820, 2863, 9629, 1128, 1494, 2351, 2214, 2131, 2028, 1050, 7240, 6730, 3820, 827, 691, 9017, 7850, 9746, 1127, 2229, 2770, 1209, 6694]
[195, 3751, 2705, 7826, 1384, 9677, 2582, 5054, 4317, 3723, 2635, 5824, 9700, 6568, 1308, 930, 2571, 3876, 9781, 998, 2369, 8982, 6391, 8279, 6560, 6080, 456, 5735, 478, 605, 4131, 1072, 4159, 1855, 268, 4433, 8061, 4369, 6418, 1344, 3365, 6872, 960, 3381, 4658, 1772, 5973, 4852, 7490, 514, 959, 9892, 1317, 3681, 7153, 7905, 319, 171, 2598, 1465, 730, 4690, 1678, 6706, 2358, 301, 5890, 3062, 726, 9883, 3151, 9560, 243, 4205, 3757, 3749, 7471, 2820, 2863, 9629, 1128, 1494, 2351, 2214, 2131, 2028, 1050, 7240, 6730, 3820, 827, 691, 9017, 7850, 9746, 1127, 2229, 2770, 1209, 6694]
[195, 3751, 2705, 7826, 1384, 9677, 2582, 5054, 4317, 3723, 2635, 5824, 9700, 6568, 1308, 930, 2571, 3876, 9781, 998, 2369, 8982, 6391, 8279, 6560, 6080, 456, 5735, 478, 605, 4131, 1072, 4159, 1855, 268, 4433, 8061, 4369, 6418, 1344, 3365, 6872, 960, 3381, 4658, 1772, 5973, 4852, 7490, 514, 959, 9892, 1317, 3681, 7153, 7905, 319, 171, 2598, 1465, 730, 4690, 1678, 6706, 2358, 301, 5890, 3062, 726, 9883, 3151, 9560, 243, 4205, 3757, 3749, 7471, 2820, 2863, 9629, 1128, 1494, 2351, 2214, 2131, 2028, 1050, 7240, 6730, 3820, 827, 691, 9017, 7850, 9746, 1127, 2229, 2770, 1209, 6694]
[195, 3751, 2705, 7826, 1384, 9677, 2582, 5054, 4317, 3723, 2635, 5824, 9700, 6568, 1308, 930, 2571, 3876, 9781, 998, 2369, 8982, 6391, 8279, 6560, 6080, 456, 5735, 478, 605, 4131, 1072, 4159, 1855, 268, 4433, 8061, 4369, 6418, 1344, 3365, 6872, 960, 3381, 4658, 1772, 5973, 4852, 7490, 514, 959, 9892, 1317, 3681, 7153, 7905, 319, 171, 2598, 1465, 730, 4690, 1678, 6706, 2358, 301, 5890, 3062, 726, 9883, 3151, 9560, 243, 4205, 3757, 3749, 7471, 2820, 2863, 9629, 1128, 1494, 2351, 2214, 2131, 2028, 1050, 7240, 6730, 3820, 827, 691, 9017, 7850, 9746, 1127, 2229, 2770, 1209, 6694]
[195, 3751, 2705, 7826, 1384, 9677, 2582, 5054, 4317, 3723, 2635, 5824, 9700, 6568, 1308, 930, 2571, 3876, 9781, 998, 2369, 8982, 6391, 8279, 6560, 6080, 456, 5735, 478, 605, 4131, 1072, 4159, 1855, 268, 4433, 8061, 4369, 6418, 1344, 3365, 6872, 960, 3381, 4658, 1772, 5973, 4852, 7490, 514, 959, 9892, 1317, 3681, 7153, 7905, 319, 171, 2598, 1465, 730, 4690, 1678, 6706, 2358, 301, 5890, 3062, 726, 9883, 3151, 9560, 243, 4205, 3757, 3749, 7471, 2820, 2863, 9629, 1128, 1494, 2351, 2214, 2131, 2028, 1050, 7240, 6730, 3820, 827, 691, 9017, 7850, 9746, 1127, 2229, 2770, 1209, 6694]
[195, 3751, 2705, 7826, 1384, 9677, 2582, 5054, 4317, 3723, 2635, 5824, 9700, 6568, 1308, 930, 2571, 3876, 9781, 998, 2369, 8982, 6391, 8279, 6560, 6080, 456, 5735, 478, 605, 4131, 1072, 4159, 1855, 268, 4433, 8061, 4369, 6418, 1344, 3365, 6872, 960, 3381, 4658, 1772, 5973, 4852, 7490, 514, 959, 9892, 1317, 3681, 7153, 7905, 319, 171, 2598, 1465, 730, 4690, 1678, 6706, 2358, 301, 5890, 3062, 726, 9883, 3151, 9560, 243, 4205, 3757, 3749, 7471, 2820, 2863, 9629, 1128, 1494, 2351, 2214, 2131, 2028, 1050, 7240, 6730, 3820, 827, 691, 9017, 7850, 9746, 1127, 2229, 2770, 1209, 6694]
[195, 3751, 2705, 7826, 1384, 9677, 2582, 5054, 4317, 3723, 2635, 5824, 9700, 6568, 1308, 930, 2571, 3876, 9781, 998, 2369, 8982, 6391, 8279, 6560, 6080, 456, 5735, 478, 605, 4131, 1072, 4159, 1855, 268, 4433, 8061, 4369, 6418, 1344, 3365, 6872, 960, 3381, 4658, 1772, 5973, 4852, 7490, 514, 959, 9892, 1317, 3681, 7153, 7905, 319, 171, 2598, 1465, 730, 4690, 1678, 6706, 2358, 301, 5890, 3062, 726, 9883, 3151, 9560, 243, 4205, 3757, 3749, 7471, 2820, 2863, 9629, 1128, 1494, 2351, 2214, 2131, 2028, 1050, 7240, 6730, 3820, 827, 691, 9017, 7850, 9746, 1127, 2229, 2770, 1209, 6694]
[195, 3751, 2705, 7826, 1384, 9677, 2582, 5054, 4317, 3723, 2635, 5824, 9700, 6568, 1308, 930, 2571, 3876, 9781, 998, 2369, 8982, 6391, 8279, 6560, 6080, 456, 5735, 478, 605, 4131, 1072, 4159, 1855, 268, 4433, 8061, 4369, 6418, 1344, 3365, 6872, 960, 3381, 4658, 1772, 5973, 4852, 7490, 514, 959, 9892, 1317, 3681, 7153, 7905, 319, 171, 2598, 1465, 730, 4690, 1678, 6706, 2358, 301, 5890, 3062, 726, 9883, 3151, 9560, 243, 4205, 3757, 3749, 7471, 2820, 2863, 9629, 1128, 1494, 2351, 2214, 2131, 2028, 1050, 7240, 6730, 3820, 827, 691, 9017, 7850, 9746, 1127, 2229, 2770, 1209, 6694]
[195, 3751, 2705, 7826, 1384, 9677, 2582, 5054, 4317, 3723, 2635, 5824, 9700, 6568, 1308, 930, 2571, 3876, 9781, 998, 2369, 8982, 6391, 8279, 6560, 6080, 456, 5735, 478, 605, 4131, 1072, 4159, 1855, 268, 4433, 8061, 4369, 6418, 1344, 3365, 6872, 960, 3381, 4658, 1772, 5973, 4852, 7490, 514, 959, 9892, 1317, 3681, 7153, 7905, 319, 171, 2598, 1465, 730, 4690, 1678, 6706, 2358, 301, 5890, 3062, 726, 9883, 3151, 9560, 243, 4205, 3757, 3749, 7471, 2820, 2863, 9629, 1128, 1494, 2351, 2214, 2131, 2028, 1050, 7240, 6730, 3820, 827, 691, 9017, 7850, 9746, 1127, 2229, 2770, 1209, 6694]
[195, 3751, 2705, 7826, 1384, 9677, 2582, 5054, 4317, 3723, 2635, 5824, 9700, 6568, 1308, 930, 2571, 3876, 9781, 998, 2369, 8982, 6391, 8279, 6560, 6080, 456, 5735, 478, 605, 4131, 1072, 4159, 1855, 268, 4433, 8061, 4369, 6418, 1344, 3365, 6872, 960, 3381, 4658, 1772, 5973, 4852, 7490, 514, 959, 9892, 1317, 3681, 7153, 7905, 319, 171, 2598, 1465, 730, 4690, 1678, 6706, 2358, 301, 5890, 3062, 726, 9883, 3151, 9560, 243, 4205, 3757, 3749, 7471, 2820, 2863, 9629, 1128, 1494, 2351, 2214, 2131, 2028, 1050, 7240, 6730, 3820, 827, 691, 9017, 7850, 9746, 1127, 2229, 2770, 1209, 6694]
[195, 3751, 2705, 7826, 1384, 9677, 2582, 5054, 4317, 3723, 2635, 5824, 9700, 6568, 1308, 930, 2571, 3876, 9781, 998, 2369, 8982, 6391, 8279, 6560, 6080, 456, 5735, 478, 605, 4131, 1072, 4159, 1855, 268, 4433, 8061, 4369, 6418, 1344, 3365, 6872, 960, 3381, 4658, 1772, 5973, 4852, 7490, 514, 959, 9892, 1317, 3681, 7153, 7905, 319, 171, 2598, 1465, 730, 4690, 1678, 6706, 2358, 301, 5890, 3062, 726, 9883, 3151, 9560, 243, 4205, 3757, 3749, 7471, 2820, 2863, 9629, 1128, 1494, 2351, 2214, 2131, 2028, 1050, 7240, 6730, 3820, 827, 691, 9017, 7850, 9746, 1127, 2229, 2770, 1209, 6694]
[195, 3751, 2705, 7826, 1384, 9677, 2582, 5054, 4317, 3723, 2635, 5824, 9700, 6568, 1308, 930, 2571, 3876, 9781, 998, 2369, 8982, 6391, 8279, 6560, 6080, 456, 5735, 478, 605, 4131, 1072, 4159, 1855, 268, 4433, 8061, 4369, 6418, 1344, 3365, 6872, 960, 3381, 4658, 1772, 5973, 4852, 7490, 514, 959, 9892, 1317, 3681, 7153, 7905, 319, 171, 2598, 1465, 730, 4690, 1678, 6706, 2358, 301, 5890, 3062, 726, 9883, 3151, 9560, 243, 4205, 3757, 3749, 7471, 2820, 2863, 9629, 1128, 1494, 2351, 2214, 2131, 2028, 1050, 7240, 6730, 3820, 827, 691, 9017, 7850, 9746, 1127, 2229, 2770, 1209, 6694]
[195, 3751, 2705, 7826, 1384, 9677, 2582, 5054, 4317, 3723, 2635, 5824, 9700, 6568, 1308, 930, 2571, 3876, 9781, 998, 2369, 8982, 6391, 8279, 6560, 6080, 456, 5735, 478, 605, 4131, 1072, 4159, 1855, 268, 4433, 8061, 4369, 6418, 1344, 3365, 6872, 960, 3381, 4658, 1772, 5973, 4852, 7490, 514, 959, 9892, 1317, 3681, 7153, 7905, 319, 171, 2598, 1465, 730, 4690, 1678, 6706, 2358, 301, 5890, 3062, 726, 9883, 3151, 9560, 243, 4205, 3757, 3749, 7471, 2820, 2863, 9629, 1128, 1494, 2351, 2214, 2131, 2028, 1050, 7240, 6730, 3820, 827, 691, 9017, 7850, 9746, 1127, 2229, 2770, 1209, 6694]
[195, 3751, 2705, 7826, 1384, 9677, 2582, 5054, 4317, 3723, 2635, 5824, 9700, 6568, 1308, 930, 2571, 3876, 9781, 998, 2369, 8982, 6391, 8279, 6560, 6080, 456, 5735, 478, 605, 4131, 1072, 4159, 1855, 268, 4433, 8061, 4369, 6418, 1344, 3365, 6872, 960, 3381, 4658, 1772, 5973, 4852, 7490, 514, 959, 9892, 1317, 3681, 7153, 7905, 319, 171, 2598, 1465, 730, 4690, 1678, 6706, 2358, 301, 5890, 3062, 726, 9883, 3151, 9560, 243, 4205, 3757, 3749, 7471, 2820, 2863, 9629, 1128, 1494, 2351, 2214, 2131, 2028, 1050, 7240, 6730, 3820, 827, 691, 9017, 7850, 9746, 1127, 2229, 2770, 1209, 6694]
[195, 3751, 2705, 7826, 1384, 9677, 2582, 5054, 4317, 3723, 2635, 5824, 9700, 6568, 1308, 930, 2571, 3876, 9781, 998, 2369, 8982, 6391, 8279, 6560, 6080, 456, 5735, 478, 605, 4131, 1072, 4159, 1855, 268, 4433, 8061, 4369, 6418, 1344, 3365, 6872, 960, 3381, 4658, 1772, 5973, 4852, 7490, 514, 959, 9892, 1317, 3681, 7153, 7905, 319, 171, 2598, 1465, 730, 4690, 1678, 6706, 2358, 301, 5890, 3062, 726, 9883, 3151, 9560, 243, 4205, 3757, 3749, 7471, 2820, 2863, 9629, 1128, 1494, 2351, 2214, 2131, 2028, 1050, 7240, 6730, 3820, 827, 691, 9017, 7850, 9746, 1127, 2229, 2770, 1209, 6694]
[195, 3751, 2705, 7826, 1384, 9677, 2582, 5054, 4317, 3723, 2635, 5824, 9700, 6568, 1308, 930, 2571, 3876, 9781, 998, 2369, 8982, 6391, 8279, 6560, 6080, 456, 5735, 478, 605, 4131, 1072, 4159, 1855, 268, 4433, 8061, 4369, 6418, 1344, 3365, 6872, 960, 3381, 4658, 1772, 5973, 4852, 7490, 514, 959, 9892, 1317, 3681, 7153, 7905, 319, 171, 2598, 1465, 730, 4690, 1678, 6706, 2358, 301, 5890, 3062, 726, 9883, 3151, 9560, 243, 4205, 3757, 3749, 7471, 2820, 2863, 9629, 1128, 1494, 2351, 2214, 2131, 2028, 1050, 7240, 6730, 3820, 827, 691, 9017, 7850, 9746, 1127, 2229, 2770, 1209, 6694]
[195, 3751, 2705, 7826, 1384, 9677, 2582, 5054, 4317, 3723, 2635, 5824, 9700, 6568, 1308, 930, 2571, 3876, 9781, 998, 2369, 8982, 6391, 8279, 6560, 6080, 456, 5735, 478, 605, 4131, 1072, 4159, 1855, 268, 4433, 8061, 4369, 6418, 1344, 3365, 6872, 960, 3381, 4658, 1772, 5973, 4852, 7490, 514, 959, 9892, 1317, 3681, 7153, 7905, 319, 171, 2598, 1465, 730, 4690, 1678, 6706, 2358, 301, 5890, 3062, 726, 9883, 3151, 9560, 243, 4205, 3757, 3749, 7471, 2820, 2863, 9629, 1128, 1494, 2351, 2214, 2131, 2028, 1050, 7240, 6730, 3820, 827, 691, 9017, 7850, 9746, 1127, 2229, 2770, 1209, 6694]
[195, 3751, 2705, 7826, 1384, 9677, 2582, 5054, 4317, 3723, 2635, 5824, 9700, 6568, 1308, 930, 2571, 3876, 9781, 998, 2369, 8982, 6391, 8279, 6560, 6080, 456, 5735, 478, 605, 4131, 1072, 4159, 1855, 268, 4433, 8061, 4369, 6418, 1344, 3365, 6872, 960, 3381, 4658, 1772, 5973, 4852, 7490, 514, 959, 9892, 1317, 3681, 7153, 7905, 319, 171, 2598, 1465, 730, 4690, 1678, 6706, 2358, 301, 5890, 3062, 726, 9883, 3151, 9560, 243, 4205, 3757, 3749, 7471, 2820, 2863, 9629, 1128, 1494, 2351, 2214, 2131, 2028, 1050, 7240, 6730, 3820, 827, 691, 9017, 7850, 9746, 1127, 2229, 2770, 1209, 6694]
