Fault List:
46
46
46
46
46
46
46
46
46
46
46
46
46
46
46
46
46
46
46
46
46
46
46
46
46
46
46
46
46
46
FDR List:
0.46
0.46
0.46
0.46
0.46
0.46
0.46
0.46
0.46
0.46
0.46
0.46
0.46
0.46
0.46
0.46
0.46
0.46
0.46
0.46
0.46
0.46
0.46
0.46
0.46
0.46
0.46
0.46
0.46
0.46
Time List:
0.1321868896484375
0.24300003051757812
0.21417498588562012
0.20240306854248047
0.1804511547088623
0.1611614227294922
0.19173598289489746
0.18213820457458496
0.16477012634277344
0.17961907386779785
0.19023895263671875
0.17923498153686523
0.18372893333435059
0.167982816696167
0.18877005577087402
0.2029738426208496
0.18082094192504883
0.17082715034484863
0.19913077354431152
0.1969449520111084
0.17694830894470215
0.18791484832763672
0.25255393981933594
0.17815589904785156
0.18767786026000977
0.2310469150543213
0.22977304458618164
0.18630599975585938
0.23478102684020996
0.2999129295349121
Subset List:
[25732, 3804, 14394, 14791, 12334, 19995, 13311, 15713, 22490, 13949, 2514, 11110, 23363, 10192, 3265, 10255, 20380, 16799, 7307, 8663, 1307, 1565, 7424, 1017, 8145, 953, 1991, 6678, 8481, 21211, 6793, 12995, 59, 3052, 25425, 3696, 24332, 22007, 17987, 17164, 16399, 14686, 22681, 12744, 2907, 13411, 20267, 4864, 11671, 10208, 9317, 4185, 3759, 23165, 11660, 25060, 5369, 21541, 10665, 22427, 13706, 6355, 16495, 1570, 17139, 13048, 12831, 265, 13320, 6217, 22816, 24875, 982, 13583, 14274, 22066, 15887, 7142, 16439, 17504, 19297, 22351, 4456, 19064, 20099, 13275, 17713, 7578, 25104, 8845, 22070, 20905, 8906, 11964, 19532, 13834, 13242, 23356, 13040, 447]
[25732, 3804, 14394, 14791, 12334, 19995, 13311, 15713, 22490, 13949, 2514, 11110, 23363, 10192, 3265, 10255, 20380, 16799, 7307, 8663, 1307, 1565, 7424, 1017, 8145, 953, 1991, 6678, 8481, 21211, 6793, 12995, 59, 3052, 25425, 3696, 24332, 22007, 17987, 17164, 16399, 14686, 22681, 12744, 2907, 13411, 20267, 4864, 11671, 10208, 9317, 4185, 3759, 23165, 11660, 25060, 5369, 21541, 10665, 22427, 13706, 6355, 16495, 1570, 17139, 13048, 12831, 265, 13320, 6217, 22816, 24875, 982, 13583, 14274, 22066, 15887, 7142, 16439, 17504, 19297, 22351, 4456, 19064, 20099, 13275, 17713, 7578, 25104, 8845, 22070, 20905, 8906, 11964, 19532, 13834, 13242, 23356, 13040, 447]
[25732, 3804, 14394, 14791, 12334, 19995, 13311, 15713, 22490, 13949, 2514, 11110, 23363, 10192, 3265, 10255, 20380, 16799, 7307, 8663, 1307, 1565, 7424, 1017, 8145, 953, 1991, 6678, 8481, 21211, 6793, 12995, 59, 3052, 25425, 3696, 24332, 22007, 17987, 17164, 16399, 14686, 22681, 12744, 2907, 13411, 20267, 4864, 11671, 10208, 9317, 4185, 3759, 23165, 11660, 25060, 5369, 21541, 10665, 22427, 13706, 6355, 16495, 1570, 17139, 13048, 12831, 265, 13320, 6217, 22816, 24875, 982, 13583, 14274, 22066, 15887, 7142, 16439, 17504, 19297, 22351, 4456, 19064, 20099, 13275, 17713, 7578, 25104, 8845, 22070, 20905, 8906, 11964, 19532, 13834, 13242, 23356, 13040, 447]
[25732, 3804, 14394, 14791, 12334, 19995, 13311, 15713, 22490, 13949, 2514, 11110, 23363, 10192, 3265, 10255, 20380, 16799, 7307, 8663, 1307, 1565, 7424, 1017, 8145, 953, 1991, 6678, 8481, 21211, 6793, 12995, 59, 3052, 25425, 3696, 24332, 22007, 17987, 17164, 16399, 14686, 22681, 12744, 2907, 13411, 20267, 4864, 11671, 10208, 9317, 4185, 3759, 23165, 11660, 25060, 5369, 21541, 10665, 22427, 13706, 6355, 16495, 1570, 17139, 13048, 12831, 265, 13320, 6217, 22816, 24875, 982, 13583, 14274, 22066, 15887, 7142, 16439, 17504, 19297, 22351, 4456, 19064, 20099, 13275, 17713, 7578, 25104, 8845, 22070, 20905, 8906, 11964, 19532, 13834, 13242, 23356, 13040, 447]
[25732, 3804, 14394, 14791, 12334, 19995, 13311, 15713, 22490, 13949, 2514, 11110, 23363, 10192, 3265, 10255, 20380, 16799, 7307, 8663, 1307, 1565, 7424, 1017, 8145, 953, 1991, 6678, 8481, 21211, 6793, 12995, 59, 3052, 25425, 3696, 24332, 22007, 17987, 17164, 16399, 14686, 22681, 12744, 2907, 13411, 20267, 4864, 11671, 10208, 9317, 4185, 3759, 23165, 11660, 25060, 5369, 21541, 10665, 22427, 13706, 6355, 16495, 1570, 17139, 13048, 12831, 265, 13320, 6217, 22816, 24875, 982, 13583, 14274, 22066, 15887, 7142, 16439, 17504, 19297, 22351, 4456, 19064, 20099, 13275, 17713, 7578, 25104, 8845, 22070, 20905, 8906, 11964, 19532, 13834, 13242, 23356, 13040, 447]
[25732, 3804, 14394, 14791, 12334, 19995, 13311, 15713, 22490, 13949, 2514, 11110, 23363, 10192, 3265, 10255, 20380, 16799, 7307, 8663, 1307, 1565, 7424, 1017, 8145, 953, 1991, 6678, 8481, 21211, 6793, 12995, 59, 3052, 25425, 3696, 24332, 22007, 17987, 17164, 16399, 14686, 22681, 12744, 2907, 13411, 20267, 4864, 11671, 10208, 9317, 4185, 3759, 23165, 11660, 25060, 5369, 21541, 10665, 22427, 13706, 6355, 16495, 1570, 17139, 13048, 12831, 265, 13320, 6217, 22816, 24875, 982, 13583, 14274, 22066, 15887, 7142, 16439, 17504, 19297, 22351, 4456, 19064, 20099, 13275, 17713, 7578, 25104, 8845, 22070, 20905, 8906, 11964, 19532, 13834, 13242, 23356, 13040, 447]
[25732, 3804, 14394, 14791, 12334, 19995, 13311, 15713, 22490, 13949, 2514, 11110, 23363, 10192, 3265, 10255, 20380, 16799, 7307, 8663, 1307, 1565, 7424, 1017, 8145, 953, 1991, 6678, 8481, 21211, 6793, 12995, 59, 3052, 25425, 3696, 24332, 22007, 17987, 17164, 16399, 14686, 22681, 12744, 2907, 13411, 20267, 4864, 11671, 10208, 9317, 4185, 3759, 23165, 11660, 25060, 5369, 21541, 10665, 22427, 13706, 6355, 16495, 1570, 17139, 13048, 12831, 265, 13320, 6217, 22816, 24875, 982, 13583, 14274, 22066, 15887, 7142, 16439, 17504, 19297, 22351, 4456, 19064, 20099, 13275, 17713, 7578, 25104, 8845, 22070, 20905, 8906, 11964, 19532, 13834, 13242, 23356, 13040, 447]
[25732, 3804, 14394, 14791, 12334, 19995, 13311, 15713, 22490, 13949, 2514, 11110, 23363, 10192, 3265, 10255, 20380, 16799, 7307, 8663, 1307, 1565, 7424, 1017, 8145, 953, 1991, 6678, 8481, 21211, 6793, 12995, 59, 3052, 25425, 3696, 24332, 22007, 17987, 17164, 16399, 14686, 22681, 12744, 2907, 13411, 20267, 4864, 11671, 10208, 9317, 4185, 3759, 23165, 11660, 25060, 5369, 21541, 10665, 22427, 13706, 6355, 16495, 1570, 17139, 13048, 12831, 265, 13320, 6217, 22816, 24875, 982, 13583, 14274, 22066, 15887, 7142, 16439, 17504, 19297, 22351, 4456, 19064, 20099, 13275, 17713, 7578, 25104, 8845, 22070, 20905, 8906, 11964, 19532, 13834, 13242, 23356, 13040, 447]
[25732, 3804, 14394, 14791, 12334, 19995, 13311, 15713, 22490, 13949, 2514, 11110, 23363, 10192, 3265, 10255, 20380, 16799, 7307, 8663, 1307, 1565, 7424, 1017, 8145, 953, 1991, 6678, 8481, 21211, 6793, 12995, 59, 3052, 25425, 3696, 24332, 22007, 17987, 17164, 16399, 14686, 22681, 12744, 2907, 13411, 20267, 4864, 11671, 10208, 9317, 4185, 3759, 23165, 11660, 25060, 5369, 21541, 10665, 22427, 13706, 6355, 16495, 1570, 17139, 13048, 12831, 265, 13320, 6217, 22816, 24875, 982, 13583, 14274, 22066, 15887, 7142, 16439, 17504, 19297, 22351, 4456, 19064, 20099, 13275, 17713, 7578, 25104, 8845, 22070, 20905, 8906, 11964, 19532, 13834, 13242, 23356, 13040, 447]
[25732, 3804, 14394, 14791, 12334, 19995, 13311, 15713, 22490, 13949, 2514, 11110, 23363, 10192, 3265, 10255, 20380, 16799, 7307, 8663, 1307, 1565, 7424, 1017, 8145, 953, 1991, 6678, 8481, 21211, 6793, 12995, 59, 3052, 25425, 3696, 24332, 22007, 17987, 17164, 16399, 14686, 22681, 12744, 2907, 13411, 20267, 4864, 11671, 10208, 9317, 4185, 3759, 23165, 11660, 25060, 5369, 21541, 10665, 22427, 13706, 6355, 16495, 1570, 17139, 13048, 12831, 265, 13320, 6217, 22816, 24875, 982, 13583, 14274, 22066, 15887, 7142, 16439, 17504, 19297, 22351, 4456, 19064, 20099, 13275, 17713, 7578, 25104, 8845, 22070, 20905, 8906, 11964, 19532, 13834, 13242, 23356, 13040, 447]
[25732, 3804, 14394, 14791, 12334, 19995, 13311, 15713, 22490, 13949, 2514, 11110, 23363, 10192, 3265, 10255, 20380, 16799, 7307, 8663, 1307, 1565, 7424, 1017, 8145, 953, 1991, 6678, 8481, 21211, 6793, 12995, 59, 3052, 25425, 3696, 24332, 22007, 17987, 17164, 16399, 14686, 22681, 12744, 2907, 13411, 20267, 4864, 11671, 10208, 9317, 4185, 3759, 23165, 11660, 25060, 5369, 21541, 10665, 22427, 13706, 6355, 16495, 1570, 17139, 13048, 12831, 265, 13320, 6217, 22816, 24875, 982, 13583, 14274, 22066, 15887, 7142, 16439, 17504, 19297, 22351, 4456, 19064, 20099, 13275, 17713, 7578, 25104, 8845, 22070, 20905, 8906, 11964, 19532, 13834, 13242, 23356, 13040, 447]
[25732, 3804, 14394, 14791, 12334, 19995, 13311, 15713, 22490, 13949, 2514, 11110, 23363, 10192, 3265, 10255, 20380, 16799, 7307, 8663, 1307, 1565, 7424, 1017, 8145, 953, 1991, 6678, 8481, 21211, 6793, 12995, 59, 3052, 25425, 3696, 24332, 22007, 17987, 17164, 16399, 14686, 22681, 12744, 2907, 13411, 20267, 4864, 11671, 10208, 9317, 4185, 3759, 23165, 11660, 25060, 5369, 21541, 10665, 22427, 13706, 6355, 16495, 1570, 17139, 13048, 12831, 265, 13320, 6217, 22816, 24875, 982, 13583, 14274, 22066, 15887, 7142, 16439, 17504, 19297, 22351, 4456, 19064, 20099, 13275, 17713, 7578, 25104, 8845, 22070, 20905, 8906, 11964, 19532, 13834, 13242, 23356, 13040, 447]
[25732, 3804, 14394, 14791, 12334, 19995, 13311, 15713, 22490, 13949, 2514, 11110, 23363, 10192, 3265, 10255, 20380, 16799, 7307, 8663, 1307, 1565, 7424, 1017, 8145, 953, 1991, 6678, 8481, 21211, 6793, 12995, 59, 3052, 25425, 3696, 24332, 22007, 17987, 17164, 16399, 14686, 22681, 12744, 2907, 13411, 20267, 4864, 11671, 10208, 9317, 4185, 3759, 23165, 11660, 25060, 5369, 21541, 10665, 22427, 13706, 6355, 16495, 1570, 17139, 13048, 12831, 265, 13320, 6217, 22816, 24875, 982, 13583, 14274, 22066, 15887, 7142, 16439, 17504, 19297, 22351, 4456, 19064, 20099, 13275, 17713, 7578, 25104, 8845, 22070, 20905, 8906, 11964, 19532, 13834, 13242, 23356, 13040, 447]
[25732, 3804, 14394, 14791, 12334, 19995, 13311, 15713, 22490, 13949, 2514, 11110, 23363, 10192, 3265, 10255, 20380, 16799, 7307, 8663, 1307, 1565, 7424, 1017, 8145, 953, 1991, 6678, 8481, 21211, 6793, 12995, 59, 3052, 25425, 3696, 24332, 22007, 17987, 17164, 16399, 14686, 22681, 12744, 2907, 13411, 20267, 4864, 11671, 10208, 9317, 4185, 3759, 23165, 11660, 25060, 5369, 21541, 10665, 22427, 13706, 6355, 16495, 1570, 17139, 13048, 12831, 265, 13320, 6217, 22816, 24875, 982, 13583, 14274, 22066, 15887, 7142, 16439, 17504, 19297, 22351, 4456, 19064, 20099, 13275, 17713, 7578, 25104, 8845, 22070, 20905, 8906, 11964, 19532, 13834, 13242, 23356, 13040, 447]
[25732, 3804, 14394, 14791, 12334, 19995, 13311, 15713, 22490, 13949, 2514, 11110, 23363, 10192, 3265, 10255, 20380, 16799, 7307, 8663, 1307, 1565, 7424, 1017, 8145, 953, 1991, 6678, 8481, 21211, 6793, 12995, 59, 3052, 25425, 3696, 24332, 22007, 17987, 17164, 16399, 14686, 22681, 12744, 2907, 13411, 20267, 4864, 11671, 10208, 9317, 4185, 3759, 23165, 11660, 25060, 5369, 21541, 10665, 22427, 13706, 6355, 16495, 1570, 17139, 13048, 12831, 265, 13320, 6217, 22816, 24875, 982, 13583, 14274, 22066, 15887, 7142, 16439, 17504, 19297, 22351, 4456, 19064, 20099, 13275, 17713, 7578, 25104, 8845, 22070, 20905, 8906, 11964, 19532, 13834, 13242, 23356, 13040, 447]
[25732, 3804, 14394, 14791, 12334, 19995, 13311, 15713, 22490, 13949, 2514, 11110, 23363, 10192, 3265, 10255, 20380, 16799, 7307, 8663, 1307, 1565, 7424, 1017, 8145, 953, 1991, 6678, 8481, 21211, 6793, 12995, 59, 3052, 25425, 3696, 24332, 22007, 17987, 17164, 16399, 14686, 22681, 12744, 2907, 13411, 20267, 4864, 11671, 10208, 9317, 4185, 3759, 23165, 11660, 25060, 5369, 21541, 10665, 22427, 13706, 6355, 16495, 1570, 17139, 13048, 12831, 265, 13320, 6217, 22816, 24875, 982, 13583, 14274, 22066, 15887, 7142, 16439, 17504, 19297, 22351, 4456, 19064, 20099, 13275, 17713, 7578, 25104, 8845, 22070, 20905, 8906, 11964, 19532, 13834, 13242, 23356, 13040, 447]
[25732, 3804, 14394, 14791, 12334, 19995, 13311, 15713, 22490, 13949, 2514, 11110, 23363, 10192, 3265, 10255, 20380, 16799, 7307, 8663, 1307, 1565, 7424, 1017, 8145, 953, 1991, 6678, 8481, 21211, 6793, 12995, 59, 3052, 25425, 3696, 24332, 22007, 17987, 17164, 16399, 14686, 22681, 12744, 2907, 13411, 20267, 4864, 11671, 10208, 9317, 4185, 3759, 23165, 11660, 25060, 5369, 21541, 10665, 22427, 13706, 6355, 16495, 1570, 17139, 13048, 12831, 265, 13320, 6217, 22816, 24875, 982, 13583, 14274, 22066, 15887, 7142, 16439, 17504, 19297, 22351, 4456, 19064, 20099, 13275, 17713, 7578, 25104, 8845, 22070, 20905, 8906, 11964, 19532, 13834, 13242, 23356, 13040, 447]
[25732, 3804, 14394, 14791, 12334, 19995, 13311, 15713, 22490, 13949, 2514, 11110, 23363, 10192, 3265, 10255, 20380, 16799, 7307, 8663, 1307, 1565, 7424, 1017, 8145, 953, 1991, 6678, 8481, 21211, 6793, 12995, 59, 3052, 25425, 3696, 24332, 22007, 17987, 17164, 16399, 14686, 22681, 12744, 2907, 13411, 20267, 4864, 11671, 10208, 9317, 4185, 3759, 23165, 11660, 25060, 5369, 21541, 10665, 22427, 13706, 6355, 16495, 1570, 17139, 13048, 12831, 265, 13320, 6217, 22816, 24875, 982, 13583, 14274, 22066, 15887, 7142, 16439, 17504, 19297, 22351, 4456, 19064, 20099, 13275, 17713, 7578, 25104, 8845, 22070, 20905, 8906, 11964, 19532, 13834, 13242, 23356, 13040, 447]
[25732, 3804, 14394, 14791, 12334, 19995, 13311, 15713, 22490, 13949, 2514, 11110, 23363, 10192, 3265, 10255, 20380, 16799, 7307, 8663, 1307, 1565, 7424, 1017, 8145, 953, 1991, 6678, 8481, 21211, 6793, 12995, 59, 3052, 25425, 3696, 24332, 22007, 17987, 17164, 16399, 14686, 22681, 12744, 2907, 13411, 20267, 4864, 11671, 10208, 9317, 4185, 3759, 23165, 11660, 25060, 5369, 21541, 10665, 22427, 13706, 6355, 16495, 1570, 17139, 13048, 12831, 265, 13320, 6217, 22816, 24875, 982, 13583, 14274, 22066, 15887, 7142, 16439, 17504, 19297, 22351, 4456, 19064, 20099, 13275, 17713, 7578, 25104, 8845, 22070, 20905, 8906, 11964, 19532, 13834, 13242, 23356, 13040, 447]
[25732, 3804, 14394, 14791, 12334, 19995, 13311, 15713, 22490, 13949, 2514, 11110, 23363, 10192, 3265, 10255, 20380, 16799, 7307, 8663, 1307, 1565, 7424, 1017, 8145, 953, 1991, 6678, 8481, 21211, 6793, 12995, 59, 3052, 25425, 3696, 24332, 22007, 17987, 17164, 16399, 14686, 22681, 12744, 2907, 13411, 20267, 4864, 11671, 10208, 9317, 4185, 3759, 23165, 11660, 25060, 5369, 21541, 10665, 22427, 13706, 6355, 16495, 1570, 17139, 13048, 12831, 265, 13320, 6217, 22816, 24875, 982, 13583, 14274, 22066, 15887, 7142, 16439, 17504, 19297, 22351, 4456, 19064, 20099, 13275, 17713, 7578, 25104, 8845, 22070, 20905, 8906, 11964, 19532, 13834, 13242, 23356, 13040, 447]
[25732, 3804, 14394, 14791, 12334, 19995, 13311, 15713, 22490, 13949, 2514, 11110, 23363, 10192, 3265, 10255, 20380, 16799, 7307, 8663, 1307, 1565, 7424, 1017, 8145, 953, 1991, 6678, 8481, 21211, 6793, 12995, 59, 3052, 25425, 3696, 24332, 22007, 17987, 17164, 16399, 14686, 22681, 12744, 2907, 13411, 20267, 4864, 11671, 10208, 9317, 4185, 3759, 23165, 11660, 25060, 5369, 21541, 10665, 22427, 13706, 6355, 16495, 1570, 17139, 13048, 12831, 265, 13320, 6217, 22816, 24875, 982, 13583, 14274, 22066, 15887, 7142, 16439, 17504, 19297, 22351, 4456, 19064, 20099, 13275, 17713, 7578, 25104, 8845, 22070, 20905, 8906, 11964, 19532, 13834, 13242, 23356, 13040, 447]
[25732, 3804, 14394, 14791, 12334, 19995, 13311, 15713, 22490, 13949, 2514, 11110, 23363, 10192, 3265, 10255, 20380, 16799, 7307, 8663, 1307, 1565, 7424, 1017, 8145, 953, 1991, 6678, 8481, 21211, 6793, 12995, 59, 3052, 25425, 3696, 24332, 22007, 17987, 17164, 16399, 14686, 22681, 12744, 2907, 13411, 20267, 4864, 11671, 10208, 9317, 4185, 3759, 23165, 11660, 25060, 5369, 21541, 10665, 22427, 13706, 6355, 16495, 1570, 17139, 13048, 12831, 265, 13320, 6217, 22816, 24875, 982, 13583, 14274, 22066, 15887, 7142, 16439, 17504, 19297, 22351, 4456, 19064, 20099, 13275, 17713, 7578, 25104, 8845, 22070, 20905, 8906, 11964, 19532, 13834, 13242, 23356, 13040, 447]
[25732, 3804, 14394, 14791, 12334, 19995, 13311, 15713, 22490, 13949, 2514, 11110, 23363, 10192, 3265, 10255, 20380, 16799, 7307, 8663, 1307, 1565, 7424, 1017, 8145, 953, 1991, 6678, 8481, 21211, 6793, 12995, 59, 3052, 25425, 3696, 24332, 22007, 17987, 17164, 16399, 14686, 22681, 12744, 2907, 13411, 20267, 4864, 11671, 10208, 9317, 4185, 3759, 23165, 11660, 25060, 5369, 21541, 10665, 22427, 13706, 6355, 16495, 1570, 17139, 13048, 12831, 265, 13320, 6217, 22816, 24875, 982, 13583, 14274, 22066, 15887, 7142, 16439, 17504, 19297, 22351, 4456, 19064, 20099, 13275, 17713, 7578, 25104, 8845, 22070, 20905, 8906, 11964, 19532, 13834, 13242, 23356, 13040, 447]
[25732, 3804, 14394, 14791, 12334, 19995, 13311, 15713, 22490, 13949, 2514, 11110, 23363, 10192, 3265, 10255, 20380, 16799, 7307, 8663, 1307, 1565, 7424, 1017, 8145, 953, 1991, 6678, 8481, 21211, 6793, 12995, 59, 3052, 25425, 3696, 24332, 22007, 17987, 17164, 16399, 14686, 22681, 12744, 2907, 13411, 20267, 4864, 11671, 10208, 9317, 4185, 3759, 23165, 11660, 25060, 5369, 21541, 10665, 22427, 13706, 6355, 16495, 1570, 17139, 13048, 12831, 265, 13320, 6217, 22816, 24875, 982, 13583, 14274, 22066, 15887, 7142, 16439, 17504, 19297, 22351, 4456, 19064, 20099, 13275, 17713, 7578, 25104, 8845, 22070, 20905, 8906, 11964, 19532, 13834, 13242, 23356, 13040, 447]
[25732, 3804, 14394, 14791, 12334, 19995, 13311, 15713, 22490, 13949, 2514, 11110, 23363, 10192, 3265, 10255, 20380, 16799, 7307, 8663, 1307, 1565, 7424, 1017, 8145, 953, 1991, 6678, 8481, 21211, 6793, 12995, 59, 3052, 25425, 3696, 24332, 22007, 17987, 17164, 16399, 14686, 22681, 12744, 2907, 13411, 20267, 4864, 11671, 10208, 9317, 4185, 3759, 23165, 11660, 25060, 5369, 21541, 10665, 22427, 13706, 6355, 16495, 1570, 17139, 13048, 12831, 265, 13320, 6217, 22816, 24875, 982, 13583, 14274, 22066, 15887, 7142, 16439, 17504, 19297, 22351, 4456, 19064, 20099, 13275, 17713, 7578, 25104, 8845, 22070, 20905, 8906, 11964, 19532, 13834, 13242, 23356, 13040, 447]
[25732, 3804, 14394, 14791, 12334, 19995, 13311, 15713, 22490, 13949, 2514, 11110, 23363, 10192, 3265, 10255, 20380, 16799, 7307, 8663, 1307, 1565, 7424, 1017, 8145, 953, 1991, 6678, 8481, 21211, 6793, 12995, 59, 3052, 25425, 3696, 24332, 22007, 17987, 17164, 16399, 14686, 22681, 12744, 2907, 13411, 20267, 4864, 11671, 10208, 9317, 4185, 3759, 23165, 11660, 25060, 5369, 21541, 10665, 22427, 13706, 6355, 16495, 1570, 17139, 13048, 12831, 265, 13320, 6217, 22816, 24875, 982, 13583, 14274, 22066, 15887, 7142, 16439, 17504, 19297, 22351, 4456, 19064, 20099, 13275, 17713, 7578, 25104, 8845, 22070, 20905, 8906, 11964, 19532, 13834, 13242, 23356, 13040, 447]
[25732, 3804, 14394, 14791, 12334, 19995, 13311, 15713, 22490, 13949, 2514, 11110, 23363, 10192, 3265, 10255, 20380, 16799, 7307, 8663, 1307, 1565, 7424, 1017, 8145, 953, 1991, 6678, 8481, 21211, 6793, 12995, 59, 3052, 25425, 3696, 24332, 22007, 17987, 17164, 16399, 14686, 22681, 12744, 2907, 13411, 20267, 4864, 11671, 10208, 9317, 4185, 3759, 23165, 11660, 25060, 5369, 21541, 10665, 22427, 13706, 6355, 16495, 1570, 17139, 13048, 12831, 265, 13320, 6217, 22816, 24875, 982, 13583, 14274, 22066, 15887, 7142, 16439, 17504, 19297, 22351, 4456, 19064, 20099, 13275, 17713, 7578, 25104, 8845, 22070, 20905, 8906, 11964, 19532, 13834, 13242, 23356, 13040, 447]
[25732, 3804, 14394, 14791, 12334, 19995, 13311, 15713, 22490, 13949, 2514, 11110, 23363, 10192, 3265, 10255, 20380, 16799, 7307, 8663, 1307, 1565, 7424, 1017, 8145, 953, 1991, 6678, 8481, 21211, 6793, 12995, 59, 3052, 25425, 3696, 24332, 22007, 17987, 17164, 16399, 14686, 22681, 12744, 2907, 13411, 20267, 4864, 11671, 10208, 9317, 4185, 3759, 23165, 11660, 25060, 5369, 21541, 10665, 22427, 13706, 6355, 16495, 1570, 17139, 13048, 12831, 265, 13320, 6217, 22816, 24875, 982, 13583, 14274, 22066, 15887, 7142, 16439, 17504, 19297, 22351, 4456, 19064, 20099, 13275, 17713, 7578, 25104, 8845, 22070, 20905, 8906, 11964, 19532, 13834, 13242, 23356, 13040, 447]
[25732, 3804, 14394, 14791, 12334, 19995, 13311, 15713, 22490, 13949, 2514, 11110, 23363, 10192, 3265, 10255, 20380, 16799, 7307, 8663, 1307, 1565, 7424, 1017, 8145, 953, 1991, 6678, 8481, 21211, 6793, 12995, 59, 3052, 25425, 3696, 24332, 22007, 17987, 17164, 16399, 14686, 22681, 12744, 2907, 13411, 20267, 4864, 11671, 10208, 9317, 4185, 3759, 23165, 11660, 25060, 5369, 21541, 10665, 22427, 13706, 6355, 16495, 1570, 17139, 13048, 12831, 265, 13320, 6217, 22816, 24875, 982, 13583, 14274, 22066, 15887, 7142, 16439, 17504, 19297, 22351, 4456, 19064, 20099, 13275, 17713, 7578, 25104, 8845, 22070, 20905, 8906, 11964, 19532, 13834, 13242, 23356, 13040, 447]
[25732, 3804, 14394, 14791, 12334, 19995, 13311, 15713, 22490, 13949, 2514, 11110, 23363, 10192, 3265, 10255, 20380, 16799, 7307, 8663, 1307, 1565, 7424, 1017, 8145, 953, 1991, 6678, 8481, 21211, 6793, 12995, 59, 3052, 25425, 3696, 24332, 22007, 17987, 17164, 16399, 14686, 22681, 12744, 2907, 13411, 20267, 4864, 11671, 10208, 9317, 4185, 3759, 23165, 11660, 25060, 5369, 21541, 10665, 22427, 13706, 6355, 16495, 1570, 17139, 13048, 12831, 265, 13320, 6217, 22816, 24875, 982, 13583, 14274, 22066, 15887, 7142, 16439, 17504, 19297, 22351, 4456, 19064, 20099, 13275, 17713, 7578, 25104, 8845, 22070, 20905, 8906, 11964, 19532, 13834, 13242, 23356, 13040, 447]
