Fault List:
94
94
94
94
94
94
94
94
94
94
94
94
94
94
94
94
94
94
94
94
94
94
94
94
94
94
94
94
94
94
FDR List:
0.6351351351351351
0.6351351351351351
0.6351351351351351
0.6351351351351351
0.6351351351351351
0.6351351351351351
0.6351351351351351
0.6351351351351351
0.6351351351351351
0.6351351351351351
0.6351351351351351
0.6351351351351351
0.6351351351351351
0.6351351351351351
0.6351351351351351
0.6351351351351351
0.6351351351351351
0.6351351351351351
0.6351351351351351
0.6351351351351351
0.6351351351351351
0.6351351351351351
0.6351351351351351
0.6351351351351351
0.6351351351351351
0.6351351351351351
0.6351351351351351
0.6351351351351351
0.6351351351351351
0.6351351351351351
Time List:
5.684380054473877
3.3426620960235596
4.6753199100494385
4.2748589515686035
17.390625715255737
2.0026798248291016
2.1629199981689453
2.0980112552642822
2.0002529621124268
2.0489320755004883
2.072115898132324
2.2589008808135986
2.192044734954834
2.387998104095459
2.1044328212738037
2.0490920543670654
2.2915151119232178
2.127825975418091
2.121220111846924
2.067064046859741
2.067950963973999
2.2499899864196777
2.6509058475494385
34.13077902793884
20.361328125
22.59426188468933
3.4811410903930664
3.3518011569976807
2.1239359378814697
2.9674880504608154
Subset List:
[25732, 11302, 14394, 14791, 2178, 14066, 25199, 21010, 22490, 17704, 15132, 15313, 9567, 18568, 8052, 21675, 2031, 16973, 5631, 9404, 11862, 3876, 7424, 24380, 19258, 20281, 1991, 22690, 7148, 21211, 25626, 1992, 10221, 11391, 25425, 10394, 24332, 24396, 17987, 15363, 16399, 19507, 9976, 4139, 2907, 13411, 11905, 14403, 17242, 3045, 9317, 4185, 3924, 11108, 11660, 17523, 14956, 21541, 3923, 1234, 4688, 6355, 4544, 1570, 17139, 1370, 12831, 10141, 13320, 1688, 19632, 24875, 8493, 20616, 4484, 15009, 11426, 4517, 7400, 309, 19597, 20139, 21078, 21014, 20804, 23436, 17713, 14871, 25104, 21576, 6122, 10817, 18401, 11964, 2884, 13834, 6837, 11814, 15461, 14376, 2358, 4828, 15450, 21028, 12334, 19995, 13311, 15713, 25758, 13718, 2514, 19796, 23363, 10192, 6588, 7056, 13635, 873, 7307, 6627, 1307, 16437, 24056, 10550, 20316, 14502, 4719, 944, 4330, 9728, 25785, 12995, 3738, 3558, 17553, 3696, 17404, 22007, 4194, 4108, 1653, 14686, 5309, 12744, 16241, 5941, 10802, 4864, 17377, 10524, 22849, 23941, 22142, 3935, 25231, 25060, 6341, 6454, 11112, 22427, 13706, 18851, 23894, 19585, 24083, 5258, 17742, 15617, 6860, 6217, 17260, 2078, 3142, 13583, 14274, 239, 8205, 22615, 12384, 17504, 19297, 14192, 4456, 24757, 6181, 15180, 19703, 7578, 24357, 18042, 15269, 20905, 8906, 10397, 19532, 266, 13242, 2216, 5587, 447, 16541, 3804, 2978, 2524, 19162, 4201, 4327, 25402, 25908, 23316, 3443, 11110, 3457, 10399, 19202, 10255, 20380, 16799, 5949, 22523, 24845, 14082, 25706, 1017, 8145, 9801, 527, 6678, 8888, 1462, 6793, 8653, 59, 24232, 13666, 23874, 3063, 7257, 25456, 17164, 25138, 13725, 25123, 20583, 7157, 25847, 402, 20421, 851, 20522, 4103, 10031, 3759, 23165, 10889, 24844, 4774, 11595, 25206, 23942, 12118, 21472, 16495, 14569, 4444, 24905, 10592, 17037, 10455, 13896, 1398, 4340, 5118, 1670, 8026, 22066, 2552, 7142, 16439, 4067, 22679, 22351, 24176, 19064, 14590, 20565, 12094, 214, 20548, 14125, 22070, 12130, 23901, 825, 9596, 7859, 18389, 23356, 13040, 12317]
[25732, 11302, 14394, 14791, 2178, 14066, 25199, 21010, 22490, 17704, 15132, 15313, 9567, 18568, 8052, 21675, 2031, 16973, 5631, 9404, 11862, 3876, 7424, 24380, 19258, 20281, 1991, 22690, 7148, 21211, 25626, 1992, 10221, 11391, 25425, 10394, 24332, 24396, 17987, 15363, 16399, 19507, 9976, 4139, 2907, 13411, 11905, 14403, 17242, 3045, 9317, 4185, 3924, 11108, 11660, 17523, 14956, 21541, 3923, 1234, 4688, 6355, 4544, 1570, 17139, 1370, 12831, 10141, 13320, 1688, 19632, 24875, 8493, 20616, 4484, 15009, 11426, 4517, 7400, 309, 19597, 20139, 21078, 21014, 20804, 23436, 17713, 14871, 25104, 21576, 6122, 10817, 18401, 11964, 2884, 13834, 6837, 11814, 15461, 14376, 2358, 4828, 15450, 21028, 12334, 19995, 13311, 15713, 25758, 13718, 2514, 19796, 23363, 10192, 6588, 7056, 13635, 873, 7307, 6627, 1307, 16437, 24056, 10550, 20316, 14502, 4719, 944, 4330, 9728, 25785, 12995, 3738, 3558, 17553, 3696, 17404, 22007, 4194, 4108, 1653, 14686, 5309, 12744, 16241, 5941, 10802, 4864, 17377, 10524, 22849, 23941, 22142, 3935, 25231, 25060, 6341, 6454, 11112, 22427, 13706, 18851, 23894, 19585, 24083, 5258, 17742, 15617, 6860, 6217, 17260, 2078, 3142, 13583, 14274, 239, 8205, 22615, 12384, 17504, 19297, 14192, 4456, 24757, 6181, 15180, 19703, 7578, 24357, 18042, 15269, 20905, 8906, 10397, 19532, 266, 13242, 2216, 5587, 447, 16541, 3804, 2978, 2524, 19162, 4201, 4327, 25402, 25908, 23316, 3443, 11110, 3457, 10399, 19202, 10255, 20380, 16799, 5949, 22523, 24845, 14082, 25706, 1017, 8145, 9801, 527, 6678, 8888, 1462, 6793, 8653, 59, 24232, 13666, 23874, 3063, 7257, 25456, 17164, 25138, 13725, 25123, 20583, 7157, 25847, 402, 20421, 851, 20522, 4103, 10031, 3759, 23165, 10889, 24844, 4774, 11595, 25206, 23942, 12118, 21472, 16495, 14569, 4444, 24905, 10592, 17037, 10455, 13896, 1398, 4340, 5118, 1670, 8026, 22066, 2552, 7142, 16439, 4067, 22679, 22351, 24176, 19064, 14590, 20565, 12094, 214, 20548, 14125, 22070, 12130, 23901, 825, 9596, 7859, 18389, 23356, 13040, 12317]
[25732, 11302, 14394, 14791, 2178, 14066, 25199, 21010, 22490, 17704, 15132, 15313, 9567, 18568, 8052, 21675, 2031, 16973, 5631, 9404, 11862, 3876, 7424, 24380, 19258, 20281, 1991, 22690, 7148, 21211, 25626, 1992, 10221, 11391, 25425, 10394, 24332, 24396, 17987, 15363, 16399, 19507, 9976, 4139, 2907, 13411, 11905, 14403, 17242, 3045, 9317, 4185, 3924, 11108, 11660, 17523, 14956, 21541, 3923, 1234, 4688, 6355, 4544, 1570, 17139, 1370, 12831, 10141, 13320, 1688, 19632, 24875, 8493, 20616, 4484, 15009, 11426, 4517, 7400, 309, 19597, 20139, 21078, 21014, 20804, 23436, 17713, 14871, 25104, 21576, 6122, 10817, 18401, 11964, 2884, 13834, 6837, 11814, 15461, 14376, 2358, 4828, 15450, 21028, 12334, 19995, 13311, 15713, 25758, 13718, 2514, 19796, 23363, 10192, 6588, 7056, 13635, 873, 7307, 6627, 1307, 16437, 24056, 10550, 20316, 14502, 4719, 944, 4330, 9728, 25785, 12995, 3738, 3558, 17553, 3696, 17404, 22007, 4194, 4108, 1653, 14686, 5309, 12744, 16241, 5941, 10802, 4864, 17377, 10524, 22849, 23941, 22142, 3935, 25231, 25060, 6341, 6454, 11112, 22427, 13706, 18851, 23894, 19585, 24083, 5258, 17742, 15617, 6860, 6217, 17260, 2078, 3142, 13583, 14274, 239, 8205, 22615, 12384, 17504, 19297, 14192, 4456, 24757, 6181, 15180, 19703, 7578, 24357, 18042, 15269, 20905, 8906, 10397, 19532, 266, 13242, 2216, 5587, 447, 16541, 3804, 2978, 2524, 19162, 4201, 4327, 25402, 25908, 23316, 3443, 11110, 3457, 10399, 19202, 10255, 20380, 16799, 5949, 22523, 24845, 14082, 25706, 1017, 8145, 9801, 527, 6678, 8888, 1462, 6793, 8653, 59, 24232, 13666, 23874, 3063, 7257, 25456, 17164, 25138, 13725, 25123, 20583, 7157, 25847, 402, 20421, 851, 20522, 4103, 10031, 3759, 23165, 10889, 24844, 4774, 11595, 25206, 23942, 12118, 21472, 16495, 14569, 4444, 24905, 10592, 17037, 10455, 13896, 1398, 4340, 5118, 1670, 8026, 22066, 2552, 7142, 16439, 4067, 22679, 22351, 24176, 19064, 14590, 20565, 12094, 214, 20548, 14125, 22070, 12130, 23901, 825, 9596, 7859, 18389, 23356, 13040, 12317]
[25732, 11302, 14394, 14791, 2178, 14066, 25199, 21010, 22490, 17704, 15132, 15313, 9567, 18568, 8052, 21675, 2031, 16973, 5631, 9404, 11862, 3876, 7424, 24380, 19258, 20281, 1991, 22690, 7148, 21211, 25626, 1992, 10221, 11391, 25425, 10394, 24332, 24396, 17987, 15363, 16399, 19507, 9976, 4139, 2907, 13411, 11905, 14403, 17242, 3045, 9317, 4185, 3924, 11108, 11660, 17523, 14956, 21541, 3923, 1234, 4688, 6355, 4544, 1570, 17139, 1370, 12831, 10141, 13320, 1688, 19632, 24875, 8493, 20616, 4484, 15009, 11426, 4517, 7400, 309, 19597, 20139, 21078, 21014, 20804, 23436, 17713, 14871, 25104, 21576, 6122, 10817, 18401, 11964, 2884, 13834, 6837, 11814, 15461, 14376, 2358, 4828, 15450, 21028, 12334, 19995, 13311, 15713, 25758, 13718, 2514, 19796, 23363, 10192, 6588, 7056, 13635, 873, 7307, 6627, 1307, 16437, 24056, 10550, 20316, 14502, 4719, 944, 4330, 9728, 25785, 12995, 3738, 3558, 17553, 3696, 17404, 22007, 4194, 4108, 1653, 14686, 5309, 12744, 16241, 5941, 10802, 4864, 17377, 10524, 22849, 23941, 22142, 3935, 25231, 25060, 6341, 6454, 11112, 22427, 13706, 18851, 23894, 19585, 24083, 5258, 17742, 15617, 6860, 6217, 17260, 2078, 3142, 13583, 14274, 239, 8205, 22615, 12384, 17504, 19297, 14192, 4456, 24757, 6181, 15180, 19703, 7578, 24357, 18042, 15269, 20905, 8906, 10397, 19532, 266, 13242, 2216, 5587, 447, 16541, 3804, 2978, 2524, 19162, 4201, 4327, 25402, 25908, 23316, 3443, 11110, 3457, 10399, 19202, 10255, 20380, 16799, 5949, 22523, 24845, 14082, 25706, 1017, 8145, 9801, 527, 6678, 8888, 1462, 6793, 8653, 59, 24232, 13666, 23874, 3063, 7257, 25456, 17164, 25138, 13725, 25123, 20583, 7157, 25847, 402, 20421, 851, 20522, 4103, 10031, 3759, 23165, 10889, 24844, 4774, 11595, 25206, 23942, 12118, 21472, 16495, 14569, 4444, 24905, 10592, 17037, 10455, 13896, 1398, 4340, 5118, 1670, 8026, 22066, 2552, 7142, 16439, 4067, 22679, 22351, 24176, 19064, 14590, 20565, 12094, 214, 20548, 14125, 22070, 12130, 23901, 825, 9596, 7859, 18389, 23356, 13040, 12317]
[25732, 11302, 14394, 14791, 2178, 14066, 25199, 21010, 22490, 17704, 15132, 15313, 9567, 18568, 8052, 21675, 2031, 16973, 5631, 9404, 11862, 3876, 7424, 24380, 19258, 20281, 1991, 22690, 7148, 21211, 25626, 1992, 10221, 11391, 25425, 10394, 24332, 24396, 17987, 15363, 16399, 19507, 9976, 4139, 2907, 13411, 11905, 14403, 17242, 3045, 9317, 4185, 3924, 11108, 11660, 17523, 14956, 21541, 3923, 1234, 4688, 6355, 4544, 1570, 17139, 1370, 12831, 10141, 13320, 1688, 19632, 24875, 8493, 20616, 4484, 15009, 11426, 4517, 7400, 309, 19597, 20139, 21078, 21014, 20804, 23436, 17713, 14871, 25104, 21576, 6122, 10817, 18401, 11964, 2884, 13834, 6837, 11814, 15461, 14376, 2358, 4828, 15450, 21028, 12334, 19995, 13311, 15713, 25758, 13718, 2514, 19796, 23363, 10192, 6588, 7056, 13635, 873, 7307, 6627, 1307, 16437, 24056, 10550, 20316, 14502, 4719, 944, 4330, 9728, 25785, 12995, 3738, 3558, 17553, 3696, 17404, 22007, 4194, 4108, 1653, 14686, 5309, 12744, 16241, 5941, 10802, 4864, 17377, 10524, 22849, 23941, 22142, 3935, 25231, 25060, 6341, 6454, 11112, 22427, 13706, 18851, 23894, 19585, 24083, 5258, 17742, 15617, 6860, 6217, 17260, 2078, 3142, 13583, 14274, 239, 8205, 22615, 12384, 17504, 19297, 14192, 4456, 24757, 6181, 15180, 19703, 7578, 24357, 18042, 15269, 20905, 8906, 10397, 19532, 266, 13242, 2216, 5587, 447, 16541, 3804, 2978, 2524, 19162, 4201, 4327, 25402, 25908, 23316, 3443, 11110, 3457, 10399, 19202, 10255, 20380, 16799, 5949, 22523, 24845, 14082, 25706, 1017, 8145, 9801, 527, 6678, 8888, 1462, 6793, 8653, 59, 24232, 13666, 23874, 3063, 7257, 25456, 17164, 25138, 13725, 25123, 20583, 7157, 25847, 402, 20421, 851, 20522, 4103, 10031, 3759, 23165, 10889, 24844, 4774, 11595, 25206, 23942, 12118, 21472, 16495, 14569, 4444, 24905, 10592, 17037, 10455, 13896, 1398, 4340, 5118, 1670, 8026, 22066, 2552, 7142, 16439, 4067, 22679, 22351, 24176, 19064, 14590, 20565, 12094, 214, 20548, 14125, 22070, 12130, 23901, 825, 9596, 7859, 18389, 23356, 13040, 12317]
[25732, 11302, 14394, 14791, 2178, 14066, 25199, 21010, 22490, 17704, 15132, 15313, 9567, 18568, 8052, 21675, 2031, 16973, 5631, 9404, 11862, 3876, 7424, 24380, 19258, 20281, 1991, 22690, 7148, 21211, 25626, 1992, 10221, 11391, 25425, 10394, 24332, 24396, 17987, 15363, 16399, 19507, 9976, 4139, 2907, 13411, 11905, 14403, 17242, 3045, 9317, 4185, 3924, 11108, 11660, 17523, 14956, 21541, 3923, 1234, 4688, 6355, 4544, 1570, 17139, 1370, 12831, 10141, 13320, 1688, 19632, 24875, 8493, 20616, 4484, 15009, 11426, 4517, 7400, 309, 19597, 20139, 21078, 21014, 20804, 23436, 17713, 14871, 25104, 21576, 6122, 10817, 18401, 11964, 2884, 13834, 6837, 11814, 15461, 14376, 2358, 4828, 15450, 21028, 12334, 19995, 13311, 15713, 25758, 13718, 2514, 19796, 23363, 10192, 6588, 7056, 13635, 873, 7307, 6627, 1307, 16437, 24056, 10550, 20316, 14502, 4719, 944, 4330, 9728, 25785, 12995, 3738, 3558, 17553, 3696, 17404, 22007, 4194, 4108, 1653, 14686, 5309, 12744, 16241, 5941, 10802, 4864, 17377, 10524, 22849, 23941, 22142, 3935, 25231, 25060, 6341, 6454, 11112, 22427, 13706, 18851, 23894, 19585, 24083, 5258, 17742, 15617, 6860, 6217, 17260, 2078, 3142, 13583, 14274, 239, 8205, 22615, 12384, 17504, 19297, 14192, 4456, 24757, 6181, 15180, 19703, 7578, 24357, 18042, 15269, 20905, 8906, 10397, 19532, 266, 13242, 2216, 5587, 447, 16541, 3804, 2978, 2524, 19162, 4201, 4327, 25402, 25908, 23316, 3443, 11110, 3457, 10399, 19202, 10255, 20380, 16799, 5949, 22523, 24845, 14082, 25706, 1017, 8145, 9801, 527, 6678, 8888, 1462, 6793, 8653, 59, 24232, 13666, 23874, 3063, 7257, 25456, 17164, 25138, 13725, 25123, 20583, 7157, 25847, 402, 20421, 851, 20522, 4103, 10031, 3759, 23165, 10889, 24844, 4774, 11595, 25206, 23942, 12118, 21472, 16495, 14569, 4444, 24905, 10592, 17037, 10455, 13896, 1398, 4340, 5118, 1670, 8026, 22066, 2552, 7142, 16439, 4067, 22679, 22351, 24176, 19064, 14590, 20565, 12094, 214, 20548, 14125, 22070, 12130, 23901, 825, 9596, 7859, 18389, 23356, 13040, 12317]
[25732, 11302, 14394, 14791, 2178, 14066, 25199, 21010, 22490, 17704, 15132, 15313, 9567, 18568, 8052, 21675, 2031, 16973, 5631, 9404, 11862, 3876, 7424, 24380, 19258, 20281, 1991, 22690, 7148, 21211, 25626, 1992, 10221, 11391, 25425, 10394, 24332, 24396, 17987, 15363, 16399, 19507, 9976, 4139, 2907, 13411, 11905, 14403, 17242, 3045, 9317, 4185, 3924, 11108, 11660, 17523, 14956, 21541, 3923, 1234, 4688, 6355, 4544, 1570, 17139, 1370, 12831, 10141, 13320, 1688, 19632, 24875, 8493, 20616, 4484, 15009, 11426, 4517, 7400, 309, 19597, 20139, 21078, 21014, 20804, 23436, 17713, 14871, 25104, 21576, 6122, 10817, 18401, 11964, 2884, 13834, 6837, 11814, 15461, 14376, 2358, 4828, 15450, 21028, 12334, 19995, 13311, 15713, 25758, 13718, 2514, 19796, 23363, 10192, 6588, 7056, 13635, 873, 7307, 6627, 1307, 16437, 24056, 10550, 20316, 14502, 4719, 944, 4330, 9728, 25785, 12995, 3738, 3558, 17553, 3696, 17404, 22007, 4194, 4108, 1653, 14686, 5309, 12744, 16241, 5941, 10802, 4864, 17377, 10524, 22849, 23941, 22142, 3935, 25231, 25060, 6341, 6454, 11112, 22427, 13706, 18851, 23894, 19585, 24083, 5258, 17742, 15617, 6860, 6217, 17260, 2078, 3142, 13583, 14274, 239, 8205, 22615, 12384, 17504, 19297, 14192, 4456, 24757, 6181, 15180, 19703, 7578, 24357, 18042, 15269, 20905, 8906, 10397, 19532, 266, 13242, 2216, 5587, 447, 16541, 3804, 2978, 2524, 19162, 4201, 4327, 25402, 25908, 23316, 3443, 11110, 3457, 10399, 19202, 10255, 20380, 16799, 5949, 22523, 24845, 14082, 25706, 1017, 8145, 9801, 527, 6678, 8888, 1462, 6793, 8653, 59, 24232, 13666, 23874, 3063, 7257, 25456, 17164, 25138, 13725, 25123, 20583, 7157, 25847, 402, 20421, 851, 20522, 4103, 10031, 3759, 23165, 10889, 24844, 4774, 11595, 25206, 23942, 12118, 21472, 16495, 14569, 4444, 24905, 10592, 17037, 10455, 13896, 1398, 4340, 5118, 1670, 8026, 22066, 2552, 7142, 16439, 4067, 22679, 22351, 24176, 19064, 14590, 20565, 12094, 214, 20548, 14125, 22070, 12130, 23901, 825, 9596, 7859, 18389, 23356, 13040, 12317]
[25732, 11302, 14394, 14791, 2178, 14066, 25199, 21010, 22490, 17704, 15132, 15313, 9567, 18568, 8052, 21675, 2031, 16973, 5631, 9404, 11862, 3876, 7424, 24380, 19258, 20281, 1991, 22690, 7148, 21211, 25626, 1992, 10221, 11391, 25425, 10394, 24332, 24396, 17987, 15363, 16399, 19507, 9976, 4139, 2907, 13411, 11905, 14403, 17242, 3045, 9317, 4185, 3924, 11108, 11660, 17523, 14956, 21541, 3923, 1234, 4688, 6355, 4544, 1570, 17139, 1370, 12831, 10141, 13320, 1688, 19632, 24875, 8493, 20616, 4484, 15009, 11426, 4517, 7400, 309, 19597, 20139, 21078, 21014, 20804, 23436, 17713, 14871, 25104, 21576, 6122, 10817, 18401, 11964, 2884, 13834, 6837, 11814, 15461, 14376, 2358, 4828, 15450, 21028, 12334, 19995, 13311, 15713, 25758, 13718, 2514, 19796, 23363, 10192, 6588, 7056, 13635, 873, 7307, 6627, 1307, 16437, 24056, 10550, 20316, 14502, 4719, 944, 4330, 9728, 25785, 12995, 3738, 3558, 17553, 3696, 17404, 22007, 4194, 4108, 1653, 14686, 5309, 12744, 16241, 5941, 10802, 4864, 17377, 10524, 22849, 23941, 22142, 3935, 25231, 25060, 6341, 6454, 11112, 22427, 13706, 18851, 23894, 19585, 24083, 5258, 17742, 15617, 6860, 6217, 17260, 2078, 3142, 13583, 14274, 239, 8205, 22615, 12384, 17504, 19297, 14192, 4456, 24757, 6181, 15180, 19703, 7578, 24357, 18042, 15269, 20905, 8906, 10397, 19532, 266, 13242, 2216, 5587, 447, 16541, 3804, 2978, 2524, 19162, 4201, 4327, 25402, 25908, 23316, 3443, 11110, 3457, 10399, 19202, 10255, 20380, 16799, 5949, 22523, 24845, 14082, 25706, 1017, 8145, 9801, 527, 6678, 8888, 1462, 6793, 8653, 59, 24232, 13666, 23874, 3063, 7257, 25456, 17164, 25138, 13725, 25123, 20583, 7157, 25847, 402, 20421, 851, 20522, 4103, 10031, 3759, 23165, 10889, 24844, 4774, 11595, 25206, 23942, 12118, 21472, 16495, 14569, 4444, 24905, 10592, 17037, 10455, 13896, 1398, 4340, 5118, 1670, 8026, 22066, 2552, 7142, 16439, 4067, 22679, 22351, 24176, 19064, 14590, 20565, 12094, 214, 20548, 14125, 22070, 12130, 23901, 825, 9596, 7859, 18389, 23356, 13040, 12317]
[25732, 11302, 14394, 14791, 2178, 14066, 25199, 21010, 22490, 17704, 15132, 15313, 9567, 18568, 8052, 21675, 2031, 16973, 5631, 9404, 11862, 3876, 7424, 24380, 19258, 20281, 1991, 22690, 7148, 21211, 25626, 1992, 10221, 11391, 25425, 10394, 24332, 24396, 17987, 15363, 16399, 19507, 9976, 4139, 2907, 13411, 11905, 14403, 17242, 3045, 9317, 4185, 3924, 11108, 11660, 17523, 14956, 21541, 3923, 1234, 4688, 6355, 4544, 1570, 17139, 1370, 12831, 10141, 13320, 1688, 19632, 24875, 8493, 20616, 4484, 15009, 11426, 4517, 7400, 309, 19597, 20139, 21078, 21014, 20804, 23436, 17713, 14871, 25104, 21576, 6122, 10817, 18401, 11964, 2884, 13834, 6837, 11814, 15461, 14376, 2358, 4828, 15450, 21028, 12334, 19995, 13311, 15713, 25758, 13718, 2514, 19796, 23363, 10192, 6588, 7056, 13635, 873, 7307, 6627, 1307, 16437, 24056, 10550, 20316, 14502, 4719, 944, 4330, 9728, 25785, 12995, 3738, 3558, 17553, 3696, 17404, 22007, 4194, 4108, 1653, 14686, 5309, 12744, 16241, 5941, 10802, 4864, 17377, 10524, 22849, 23941, 22142, 3935, 25231, 25060, 6341, 6454, 11112, 22427, 13706, 18851, 23894, 19585, 24083, 5258, 17742, 15617, 6860, 6217, 17260, 2078, 3142, 13583, 14274, 239, 8205, 22615, 12384, 17504, 19297, 14192, 4456, 24757, 6181, 15180, 19703, 7578, 24357, 18042, 15269, 20905, 8906, 10397, 19532, 266, 13242, 2216, 5587, 447, 16541, 3804, 2978, 2524, 19162, 4201, 4327, 25402, 25908, 23316, 3443, 11110, 3457, 10399, 19202, 10255, 20380, 16799, 5949, 22523, 24845, 14082, 25706, 1017, 8145, 9801, 527, 6678, 8888, 1462, 6793, 8653, 59, 24232, 13666, 23874, 3063, 7257, 25456, 17164, 25138, 13725, 25123, 20583, 7157, 25847, 402, 20421, 851, 20522, 4103, 10031, 3759, 23165, 10889, 24844, 4774, 11595, 25206, 23942, 12118, 21472, 16495, 14569, 4444, 24905, 10592, 17037, 10455, 13896, 1398, 4340, 5118, 1670, 8026, 22066, 2552, 7142, 16439, 4067, 22679, 22351, 24176, 19064, 14590, 20565, 12094, 214, 20548, 14125, 22070, 12130, 23901, 825, 9596, 7859, 18389, 23356, 13040, 12317]
[25732, 11302, 14394, 14791, 2178, 14066, 25199, 21010, 22490, 17704, 15132, 15313, 9567, 18568, 8052, 21675, 2031, 16973, 5631, 9404, 11862, 3876, 7424, 24380, 19258, 20281, 1991, 22690, 7148, 21211, 25626, 1992, 10221, 11391, 25425, 10394, 24332, 24396, 17987, 15363, 16399, 19507, 9976, 4139, 2907, 13411, 11905, 14403, 17242, 3045, 9317, 4185, 3924, 11108, 11660, 17523, 14956, 21541, 3923, 1234, 4688, 6355, 4544, 1570, 17139, 1370, 12831, 10141, 13320, 1688, 19632, 24875, 8493, 20616, 4484, 15009, 11426, 4517, 7400, 309, 19597, 20139, 21078, 21014, 20804, 23436, 17713, 14871, 25104, 21576, 6122, 10817, 18401, 11964, 2884, 13834, 6837, 11814, 15461, 14376, 2358, 4828, 15450, 21028, 12334, 19995, 13311, 15713, 25758, 13718, 2514, 19796, 23363, 10192, 6588, 7056, 13635, 873, 7307, 6627, 1307, 16437, 24056, 10550, 20316, 14502, 4719, 944, 4330, 9728, 25785, 12995, 3738, 3558, 17553, 3696, 17404, 22007, 4194, 4108, 1653, 14686, 5309, 12744, 16241, 5941, 10802, 4864, 17377, 10524, 22849, 23941, 22142, 3935, 25231, 25060, 6341, 6454, 11112, 22427, 13706, 18851, 23894, 19585, 24083, 5258, 17742, 15617, 6860, 6217, 17260, 2078, 3142, 13583, 14274, 239, 8205, 22615, 12384, 17504, 19297, 14192, 4456, 24757, 6181, 15180, 19703, 7578, 24357, 18042, 15269, 20905, 8906, 10397, 19532, 266, 13242, 2216, 5587, 447, 16541, 3804, 2978, 2524, 19162, 4201, 4327, 25402, 25908, 23316, 3443, 11110, 3457, 10399, 19202, 10255, 20380, 16799, 5949, 22523, 24845, 14082, 25706, 1017, 8145, 9801, 527, 6678, 8888, 1462, 6793, 8653, 59, 24232, 13666, 23874, 3063, 7257, 25456, 17164, 25138, 13725, 25123, 20583, 7157, 25847, 402, 20421, 851, 20522, 4103, 10031, 3759, 23165, 10889, 24844, 4774, 11595, 25206, 23942, 12118, 21472, 16495, 14569, 4444, 24905, 10592, 17037, 10455, 13896, 1398, 4340, 5118, 1670, 8026, 22066, 2552, 7142, 16439, 4067, 22679, 22351, 24176, 19064, 14590, 20565, 12094, 214, 20548, 14125, 22070, 12130, 23901, 825, 9596, 7859, 18389, 23356, 13040, 12317]
[25732, 11302, 14394, 14791, 2178, 14066, 25199, 21010, 22490, 17704, 15132, 15313, 9567, 18568, 8052, 21675, 2031, 16973, 5631, 9404, 11862, 3876, 7424, 24380, 19258, 20281, 1991, 22690, 7148, 21211, 25626, 1992, 10221, 11391, 25425, 10394, 24332, 24396, 17987, 15363, 16399, 19507, 9976, 4139, 2907, 13411, 11905, 14403, 17242, 3045, 9317, 4185, 3924, 11108, 11660, 17523, 14956, 21541, 3923, 1234, 4688, 6355, 4544, 1570, 17139, 1370, 12831, 10141, 13320, 1688, 19632, 24875, 8493, 20616, 4484, 15009, 11426, 4517, 7400, 309, 19597, 20139, 21078, 21014, 20804, 23436, 17713, 14871, 25104, 21576, 6122, 10817, 18401, 11964, 2884, 13834, 6837, 11814, 15461, 14376, 2358, 4828, 15450, 21028, 12334, 19995, 13311, 15713, 25758, 13718, 2514, 19796, 23363, 10192, 6588, 7056, 13635, 873, 7307, 6627, 1307, 16437, 24056, 10550, 20316, 14502, 4719, 944, 4330, 9728, 25785, 12995, 3738, 3558, 17553, 3696, 17404, 22007, 4194, 4108, 1653, 14686, 5309, 12744, 16241, 5941, 10802, 4864, 17377, 10524, 22849, 23941, 22142, 3935, 25231, 25060, 6341, 6454, 11112, 22427, 13706, 18851, 23894, 19585, 24083, 5258, 17742, 15617, 6860, 6217, 17260, 2078, 3142, 13583, 14274, 239, 8205, 22615, 12384, 17504, 19297, 14192, 4456, 24757, 6181, 15180, 19703, 7578, 24357, 18042, 15269, 20905, 8906, 10397, 19532, 266, 13242, 2216, 5587, 447, 16541, 3804, 2978, 2524, 19162, 4201, 4327, 25402, 25908, 23316, 3443, 11110, 3457, 10399, 19202, 10255, 20380, 16799, 5949, 22523, 24845, 14082, 25706, 1017, 8145, 9801, 527, 6678, 8888, 1462, 6793, 8653, 59, 24232, 13666, 23874, 3063, 7257, 25456, 17164, 25138, 13725, 25123, 20583, 7157, 25847, 402, 20421, 851, 20522, 4103, 10031, 3759, 23165, 10889, 24844, 4774, 11595, 25206, 23942, 12118, 21472, 16495, 14569, 4444, 24905, 10592, 17037, 10455, 13896, 1398, 4340, 5118, 1670, 8026, 22066, 2552, 7142, 16439, 4067, 22679, 22351, 24176, 19064, 14590, 20565, 12094, 214, 20548, 14125, 22070, 12130, 23901, 825, 9596, 7859, 18389, 23356, 13040, 12317]
[25732, 11302, 14394, 14791, 2178, 14066, 25199, 21010, 22490, 17704, 15132, 15313, 9567, 18568, 8052, 21675, 2031, 16973, 5631, 9404, 11862, 3876, 7424, 24380, 19258, 20281, 1991, 22690, 7148, 21211, 25626, 1992, 10221, 11391, 25425, 10394, 24332, 24396, 17987, 15363, 16399, 19507, 9976, 4139, 2907, 13411, 11905, 14403, 17242, 3045, 9317, 4185, 3924, 11108, 11660, 17523, 14956, 21541, 3923, 1234, 4688, 6355, 4544, 1570, 17139, 1370, 12831, 10141, 13320, 1688, 19632, 24875, 8493, 20616, 4484, 15009, 11426, 4517, 7400, 309, 19597, 20139, 21078, 21014, 20804, 23436, 17713, 14871, 25104, 21576, 6122, 10817, 18401, 11964, 2884, 13834, 6837, 11814, 15461, 14376, 2358, 4828, 15450, 21028, 12334, 19995, 13311, 15713, 25758, 13718, 2514, 19796, 23363, 10192, 6588, 7056, 13635, 873, 7307, 6627, 1307, 16437, 24056, 10550, 20316, 14502, 4719, 944, 4330, 9728, 25785, 12995, 3738, 3558, 17553, 3696, 17404, 22007, 4194, 4108, 1653, 14686, 5309, 12744, 16241, 5941, 10802, 4864, 17377, 10524, 22849, 23941, 22142, 3935, 25231, 25060, 6341, 6454, 11112, 22427, 13706, 18851, 23894, 19585, 24083, 5258, 17742, 15617, 6860, 6217, 17260, 2078, 3142, 13583, 14274, 239, 8205, 22615, 12384, 17504, 19297, 14192, 4456, 24757, 6181, 15180, 19703, 7578, 24357, 18042, 15269, 20905, 8906, 10397, 19532, 266, 13242, 2216, 5587, 447, 16541, 3804, 2978, 2524, 19162, 4201, 4327, 25402, 25908, 23316, 3443, 11110, 3457, 10399, 19202, 10255, 20380, 16799, 5949, 22523, 24845, 14082, 25706, 1017, 8145, 9801, 527, 6678, 8888, 1462, 6793, 8653, 59, 24232, 13666, 23874, 3063, 7257, 25456, 17164, 25138, 13725, 25123, 20583, 7157, 25847, 402, 20421, 851, 20522, 4103, 10031, 3759, 23165, 10889, 24844, 4774, 11595, 25206, 23942, 12118, 21472, 16495, 14569, 4444, 24905, 10592, 17037, 10455, 13896, 1398, 4340, 5118, 1670, 8026, 22066, 2552, 7142, 16439, 4067, 22679, 22351, 24176, 19064, 14590, 20565, 12094, 214, 20548, 14125, 22070, 12130, 23901, 825, 9596, 7859, 18389, 23356, 13040, 12317]
[25732, 11302, 14394, 14791, 2178, 14066, 25199, 21010, 22490, 17704, 15132, 15313, 9567, 18568, 8052, 21675, 2031, 16973, 5631, 9404, 11862, 3876, 7424, 24380, 19258, 20281, 1991, 22690, 7148, 21211, 25626, 1992, 10221, 11391, 25425, 10394, 24332, 24396, 17987, 15363, 16399, 19507, 9976, 4139, 2907, 13411, 11905, 14403, 17242, 3045, 9317, 4185, 3924, 11108, 11660, 17523, 14956, 21541, 3923, 1234, 4688, 6355, 4544, 1570, 17139, 1370, 12831, 10141, 13320, 1688, 19632, 24875, 8493, 20616, 4484, 15009, 11426, 4517, 7400, 309, 19597, 20139, 21078, 21014, 20804, 23436, 17713, 14871, 25104, 21576, 6122, 10817, 18401, 11964, 2884, 13834, 6837, 11814, 15461, 14376, 2358, 4828, 15450, 21028, 12334, 19995, 13311, 15713, 25758, 13718, 2514, 19796, 23363, 10192, 6588, 7056, 13635, 873, 7307, 6627, 1307, 16437, 24056, 10550, 20316, 14502, 4719, 944, 4330, 9728, 25785, 12995, 3738, 3558, 17553, 3696, 17404, 22007, 4194, 4108, 1653, 14686, 5309, 12744, 16241, 5941, 10802, 4864, 17377, 10524, 22849, 23941, 22142, 3935, 25231, 25060, 6341, 6454, 11112, 22427, 13706, 18851, 23894, 19585, 24083, 5258, 17742, 15617, 6860, 6217, 17260, 2078, 3142, 13583, 14274, 239, 8205, 22615, 12384, 17504, 19297, 14192, 4456, 24757, 6181, 15180, 19703, 7578, 24357, 18042, 15269, 20905, 8906, 10397, 19532, 266, 13242, 2216, 5587, 447, 16541, 3804, 2978, 2524, 19162, 4201, 4327, 25402, 25908, 23316, 3443, 11110, 3457, 10399, 19202, 10255, 20380, 16799, 5949, 22523, 24845, 14082, 25706, 1017, 8145, 9801, 527, 6678, 8888, 1462, 6793, 8653, 59, 24232, 13666, 23874, 3063, 7257, 25456, 17164, 25138, 13725, 25123, 20583, 7157, 25847, 402, 20421, 851, 20522, 4103, 10031, 3759, 23165, 10889, 24844, 4774, 11595, 25206, 23942, 12118, 21472, 16495, 14569, 4444, 24905, 10592, 17037, 10455, 13896, 1398, 4340, 5118, 1670, 8026, 22066, 2552, 7142, 16439, 4067, 22679, 22351, 24176, 19064, 14590, 20565, 12094, 214, 20548, 14125, 22070, 12130, 23901, 825, 9596, 7859, 18389, 23356, 13040, 12317]
[25732, 11302, 14394, 14791, 2178, 14066, 25199, 21010, 22490, 17704, 15132, 15313, 9567, 18568, 8052, 21675, 2031, 16973, 5631, 9404, 11862, 3876, 7424, 24380, 19258, 20281, 1991, 22690, 7148, 21211, 25626, 1992, 10221, 11391, 25425, 10394, 24332, 24396, 17987, 15363, 16399, 19507, 9976, 4139, 2907, 13411, 11905, 14403, 17242, 3045, 9317, 4185, 3924, 11108, 11660, 17523, 14956, 21541, 3923, 1234, 4688, 6355, 4544, 1570, 17139, 1370, 12831, 10141, 13320, 1688, 19632, 24875, 8493, 20616, 4484, 15009, 11426, 4517, 7400, 309, 19597, 20139, 21078, 21014, 20804, 23436, 17713, 14871, 25104, 21576, 6122, 10817, 18401, 11964, 2884, 13834, 6837, 11814, 15461, 14376, 2358, 4828, 15450, 21028, 12334, 19995, 13311, 15713, 25758, 13718, 2514, 19796, 23363, 10192, 6588, 7056, 13635, 873, 7307, 6627, 1307, 16437, 24056, 10550, 20316, 14502, 4719, 944, 4330, 9728, 25785, 12995, 3738, 3558, 17553, 3696, 17404, 22007, 4194, 4108, 1653, 14686, 5309, 12744, 16241, 5941, 10802, 4864, 17377, 10524, 22849, 23941, 22142, 3935, 25231, 25060, 6341, 6454, 11112, 22427, 13706, 18851, 23894, 19585, 24083, 5258, 17742, 15617, 6860, 6217, 17260, 2078, 3142, 13583, 14274, 239, 8205, 22615, 12384, 17504, 19297, 14192, 4456, 24757, 6181, 15180, 19703, 7578, 24357, 18042, 15269, 20905, 8906, 10397, 19532, 266, 13242, 2216, 5587, 447, 16541, 3804, 2978, 2524, 19162, 4201, 4327, 25402, 25908, 23316, 3443, 11110, 3457, 10399, 19202, 10255, 20380, 16799, 5949, 22523, 24845, 14082, 25706, 1017, 8145, 9801, 527, 6678, 8888, 1462, 6793, 8653, 59, 24232, 13666, 23874, 3063, 7257, 25456, 17164, 25138, 13725, 25123, 20583, 7157, 25847, 402, 20421, 851, 20522, 4103, 10031, 3759, 23165, 10889, 24844, 4774, 11595, 25206, 23942, 12118, 21472, 16495, 14569, 4444, 24905, 10592, 17037, 10455, 13896, 1398, 4340, 5118, 1670, 8026, 22066, 2552, 7142, 16439, 4067, 22679, 22351, 24176, 19064, 14590, 20565, 12094, 214, 20548, 14125, 22070, 12130, 23901, 825, 9596, 7859, 18389, 23356, 13040, 12317]
[25732, 11302, 14394, 14791, 2178, 14066, 25199, 21010, 22490, 17704, 15132, 15313, 9567, 18568, 8052, 21675, 2031, 16973, 5631, 9404, 11862, 3876, 7424, 24380, 19258, 20281, 1991, 22690, 7148, 21211, 25626, 1992, 10221, 11391, 25425, 10394, 24332, 24396, 17987, 15363, 16399, 19507, 9976, 4139, 2907, 13411, 11905, 14403, 17242, 3045, 9317, 4185, 3924, 11108, 11660, 17523, 14956, 21541, 3923, 1234, 4688, 6355, 4544, 1570, 17139, 1370, 12831, 10141, 13320, 1688, 19632, 24875, 8493, 20616, 4484, 15009, 11426, 4517, 7400, 309, 19597, 20139, 21078, 21014, 20804, 23436, 17713, 14871, 25104, 21576, 6122, 10817, 18401, 11964, 2884, 13834, 6837, 11814, 15461, 14376, 2358, 4828, 15450, 21028, 12334, 19995, 13311, 15713, 25758, 13718, 2514, 19796, 23363, 10192, 6588, 7056, 13635, 873, 7307, 6627, 1307, 16437, 24056, 10550, 20316, 14502, 4719, 944, 4330, 9728, 25785, 12995, 3738, 3558, 17553, 3696, 17404, 22007, 4194, 4108, 1653, 14686, 5309, 12744, 16241, 5941, 10802, 4864, 17377, 10524, 22849, 23941, 22142, 3935, 25231, 25060, 6341, 6454, 11112, 22427, 13706, 18851, 23894, 19585, 24083, 5258, 17742, 15617, 6860, 6217, 17260, 2078, 3142, 13583, 14274, 239, 8205, 22615, 12384, 17504, 19297, 14192, 4456, 24757, 6181, 15180, 19703, 7578, 24357, 18042, 15269, 20905, 8906, 10397, 19532, 266, 13242, 2216, 5587, 447, 16541, 3804, 2978, 2524, 19162, 4201, 4327, 25402, 25908, 23316, 3443, 11110, 3457, 10399, 19202, 10255, 20380, 16799, 5949, 22523, 24845, 14082, 25706, 1017, 8145, 9801, 527, 6678, 8888, 1462, 6793, 8653, 59, 24232, 13666, 23874, 3063, 7257, 25456, 17164, 25138, 13725, 25123, 20583, 7157, 25847, 402, 20421, 851, 20522, 4103, 10031, 3759, 23165, 10889, 24844, 4774, 11595, 25206, 23942, 12118, 21472, 16495, 14569, 4444, 24905, 10592, 17037, 10455, 13896, 1398, 4340, 5118, 1670, 8026, 22066, 2552, 7142, 16439, 4067, 22679, 22351, 24176, 19064, 14590, 20565, 12094, 214, 20548, 14125, 22070, 12130, 23901, 825, 9596, 7859, 18389, 23356, 13040, 12317]
[25732, 11302, 14394, 14791, 2178, 14066, 25199, 21010, 22490, 17704, 15132, 15313, 9567, 18568, 8052, 21675, 2031, 16973, 5631, 9404, 11862, 3876, 7424, 24380, 19258, 20281, 1991, 22690, 7148, 21211, 25626, 1992, 10221, 11391, 25425, 10394, 24332, 24396, 17987, 15363, 16399, 19507, 9976, 4139, 2907, 13411, 11905, 14403, 17242, 3045, 9317, 4185, 3924, 11108, 11660, 17523, 14956, 21541, 3923, 1234, 4688, 6355, 4544, 1570, 17139, 1370, 12831, 10141, 13320, 1688, 19632, 24875, 8493, 20616, 4484, 15009, 11426, 4517, 7400, 309, 19597, 20139, 21078, 21014, 20804, 23436, 17713, 14871, 25104, 21576, 6122, 10817, 18401, 11964, 2884, 13834, 6837, 11814, 15461, 14376, 2358, 4828, 15450, 21028, 12334, 19995, 13311, 15713, 25758, 13718, 2514, 19796, 23363, 10192, 6588, 7056, 13635, 873, 7307, 6627, 1307, 16437, 24056, 10550, 20316, 14502, 4719, 944, 4330, 9728, 25785, 12995, 3738, 3558, 17553, 3696, 17404, 22007, 4194, 4108, 1653, 14686, 5309, 12744, 16241, 5941, 10802, 4864, 17377, 10524, 22849, 23941, 22142, 3935, 25231, 25060, 6341, 6454, 11112, 22427, 13706, 18851, 23894, 19585, 24083, 5258, 17742, 15617, 6860, 6217, 17260, 2078, 3142, 13583, 14274, 239, 8205, 22615, 12384, 17504, 19297, 14192, 4456, 24757, 6181, 15180, 19703, 7578, 24357, 18042, 15269, 20905, 8906, 10397, 19532, 266, 13242, 2216, 5587, 447, 16541, 3804, 2978, 2524, 19162, 4201, 4327, 25402, 25908, 23316, 3443, 11110, 3457, 10399, 19202, 10255, 20380, 16799, 5949, 22523, 24845, 14082, 25706, 1017, 8145, 9801, 527, 6678, 8888, 1462, 6793, 8653, 59, 24232, 13666, 23874, 3063, 7257, 25456, 17164, 25138, 13725, 25123, 20583, 7157, 25847, 402, 20421, 851, 20522, 4103, 10031, 3759, 23165, 10889, 24844, 4774, 11595, 25206, 23942, 12118, 21472, 16495, 14569, 4444, 24905, 10592, 17037, 10455, 13896, 1398, 4340, 5118, 1670, 8026, 22066, 2552, 7142, 16439, 4067, 22679, 22351, 24176, 19064, 14590, 20565, 12094, 214, 20548, 14125, 22070, 12130, 23901, 825, 9596, 7859, 18389, 23356, 13040, 12317]
[25732, 11302, 14394, 14791, 2178, 14066, 25199, 21010, 22490, 17704, 15132, 15313, 9567, 18568, 8052, 21675, 2031, 16973, 5631, 9404, 11862, 3876, 7424, 24380, 19258, 20281, 1991, 22690, 7148, 21211, 25626, 1992, 10221, 11391, 25425, 10394, 24332, 24396, 17987, 15363, 16399, 19507, 9976, 4139, 2907, 13411, 11905, 14403, 17242, 3045, 9317, 4185, 3924, 11108, 11660, 17523, 14956, 21541, 3923, 1234, 4688, 6355, 4544, 1570, 17139, 1370, 12831, 10141, 13320, 1688, 19632, 24875, 8493, 20616, 4484, 15009, 11426, 4517, 7400, 309, 19597, 20139, 21078, 21014, 20804, 23436, 17713, 14871, 25104, 21576, 6122, 10817, 18401, 11964, 2884, 13834, 6837, 11814, 15461, 14376, 2358, 4828, 15450, 21028, 12334, 19995, 13311, 15713, 25758, 13718, 2514, 19796, 23363, 10192, 6588, 7056, 13635, 873, 7307, 6627, 1307, 16437, 24056, 10550, 20316, 14502, 4719, 944, 4330, 9728, 25785, 12995, 3738, 3558, 17553, 3696, 17404, 22007, 4194, 4108, 1653, 14686, 5309, 12744, 16241, 5941, 10802, 4864, 17377, 10524, 22849, 23941, 22142, 3935, 25231, 25060, 6341, 6454, 11112, 22427, 13706, 18851, 23894, 19585, 24083, 5258, 17742, 15617, 6860, 6217, 17260, 2078, 3142, 13583, 14274, 239, 8205, 22615, 12384, 17504, 19297, 14192, 4456, 24757, 6181, 15180, 19703, 7578, 24357, 18042, 15269, 20905, 8906, 10397, 19532, 266, 13242, 2216, 5587, 447, 16541, 3804, 2978, 2524, 19162, 4201, 4327, 25402, 25908, 23316, 3443, 11110, 3457, 10399, 19202, 10255, 20380, 16799, 5949, 22523, 24845, 14082, 25706, 1017, 8145, 9801, 527, 6678, 8888, 1462, 6793, 8653, 59, 24232, 13666, 23874, 3063, 7257, 25456, 17164, 25138, 13725, 25123, 20583, 7157, 25847, 402, 20421, 851, 20522, 4103, 10031, 3759, 23165, 10889, 24844, 4774, 11595, 25206, 23942, 12118, 21472, 16495, 14569, 4444, 24905, 10592, 17037, 10455, 13896, 1398, 4340, 5118, 1670, 8026, 22066, 2552, 7142, 16439, 4067, 22679, 22351, 24176, 19064, 14590, 20565, 12094, 214, 20548, 14125, 22070, 12130, 23901, 825, 9596, 7859, 18389, 23356, 13040, 12317]
[25732, 11302, 14394, 14791, 2178, 14066, 25199, 21010, 22490, 17704, 15132, 15313, 9567, 18568, 8052, 21675, 2031, 16973, 5631, 9404, 11862, 3876, 7424, 24380, 19258, 20281, 1991, 22690, 7148, 21211, 25626, 1992, 10221, 11391, 25425, 10394, 24332, 24396, 17987, 15363, 16399, 19507, 9976, 4139, 2907, 13411, 11905, 14403, 17242, 3045, 9317, 4185, 3924, 11108, 11660, 17523, 14956, 21541, 3923, 1234, 4688, 6355, 4544, 1570, 17139, 1370, 12831, 10141, 13320, 1688, 19632, 24875, 8493, 20616, 4484, 15009, 11426, 4517, 7400, 309, 19597, 20139, 21078, 21014, 20804, 23436, 17713, 14871, 25104, 21576, 6122, 10817, 18401, 11964, 2884, 13834, 6837, 11814, 15461, 14376, 2358, 4828, 15450, 21028, 12334, 19995, 13311, 15713, 25758, 13718, 2514, 19796, 23363, 10192, 6588, 7056, 13635, 873, 7307, 6627, 1307, 16437, 24056, 10550, 20316, 14502, 4719, 944, 4330, 9728, 25785, 12995, 3738, 3558, 17553, 3696, 17404, 22007, 4194, 4108, 1653, 14686, 5309, 12744, 16241, 5941, 10802, 4864, 17377, 10524, 22849, 23941, 22142, 3935, 25231, 25060, 6341, 6454, 11112, 22427, 13706, 18851, 23894, 19585, 24083, 5258, 17742, 15617, 6860, 6217, 17260, 2078, 3142, 13583, 14274, 239, 8205, 22615, 12384, 17504, 19297, 14192, 4456, 24757, 6181, 15180, 19703, 7578, 24357, 18042, 15269, 20905, 8906, 10397, 19532, 266, 13242, 2216, 5587, 447, 16541, 3804, 2978, 2524, 19162, 4201, 4327, 25402, 25908, 23316, 3443, 11110, 3457, 10399, 19202, 10255, 20380, 16799, 5949, 22523, 24845, 14082, 25706, 1017, 8145, 9801, 527, 6678, 8888, 1462, 6793, 8653, 59, 24232, 13666, 23874, 3063, 7257, 25456, 17164, 25138, 13725, 25123, 20583, 7157, 25847, 402, 20421, 851, 20522, 4103, 10031, 3759, 23165, 10889, 24844, 4774, 11595, 25206, 23942, 12118, 21472, 16495, 14569, 4444, 24905, 10592, 17037, 10455, 13896, 1398, 4340, 5118, 1670, 8026, 22066, 2552, 7142, 16439, 4067, 22679, 22351, 24176, 19064, 14590, 20565, 12094, 214, 20548, 14125, 22070, 12130, 23901, 825, 9596, 7859, 18389, 23356, 13040, 12317]
[25732, 11302, 14394, 14791, 2178, 14066, 25199, 21010, 22490, 17704, 15132, 15313, 9567, 18568, 8052, 21675, 2031, 16973, 5631, 9404, 11862, 3876, 7424, 24380, 19258, 20281, 1991, 22690, 7148, 21211, 25626, 1992, 10221, 11391, 25425, 10394, 24332, 24396, 17987, 15363, 16399, 19507, 9976, 4139, 2907, 13411, 11905, 14403, 17242, 3045, 9317, 4185, 3924, 11108, 11660, 17523, 14956, 21541, 3923, 1234, 4688, 6355, 4544, 1570, 17139, 1370, 12831, 10141, 13320, 1688, 19632, 24875, 8493, 20616, 4484, 15009, 11426, 4517, 7400, 309, 19597, 20139, 21078, 21014, 20804, 23436, 17713, 14871, 25104, 21576, 6122, 10817, 18401, 11964, 2884, 13834, 6837, 11814, 15461, 14376, 2358, 4828, 15450, 21028, 12334, 19995, 13311, 15713, 25758, 13718, 2514, 19796, 23363, 10192, 6588, 7056, 13635, 873, 7307, 6627, 1307, 16437, 24056, 10550, 20316, 14502, 4719, 944, 4330, 9728, 25785, 12995, 3738, 3558, 17553, 3696, 17404, 22007, 4194, 4108, 1653, 14686, 5309, 12744, 16241, 5941, 10802, 4864, 17377, 10524, 22849, 23941, 22142, 3935, 25231, 25060, 6341, 6454, 11112, 22427, 13706, 18851, 23894, 19585, 24083, 5258, 17742, 15617, 6860, 6217, 17260, 2078, 3142, 13583, 14274, 239, 8205, 22615, 12384, 17504, 19297, 14192, 4456, 24757, 6181, 15180, 19703, 7578, 24357, 18042, 15269, 20905, 8906, 10397, 19532, 266, 13242, 2216, 5587, 447, 16541, 3804, 2978, 2524, 19162, 4201, 4327, 25402, 25908, 23316, 3443, 11110, 3457, 10399, 19202, 10255, 20380, 16799, 5949, 22523, 24845, 14082, 25706, 1017, 8145, 9801, 527, 6678, 8888, 1462, 6793, 8653, 59, 24232, 13666, 23874, 3063, 7257, 25456, 17164, 25138, 13725, 25123, 20583, 7157, 25847, 402, 20421, 851, 20522, 4103, 10031, 3759, 23165, 10889, 24844, 4774, 11595, 25206, 23942, 12118, 21472, 16495, 14569, 4444, 24905, 10592, 17037, 10455, 13896, 1398, 4340, 5118, 1670, 8026, 22066, 2552, 7142, 16439, 4067, 22679, 22351, 24176, 19064, 14590, 20565, 12094, 214, 20548, 14125, 22070, 12130, 23901, 825, 9596, 7859, 18389, 23356, 13040, 12317]
[25732, 11302, 14394, 14791, 2178, 14066, 25199, 21010, 22490, 17704, 15132, 15313, 9567, 18568, 8052, 21675, 2031, 16973, 5631, 9404, 11862, 3876, 7424, 24380, 19258, 20281, 1991, 22690, 7148, 21211, 25626, 1992, 10221, 11391, 25425, 10394, 24332, 24396, 17987, 15363, 16399, 19507, 9976, 4139, 2907, 13411, 11905, 14403, 17242, 3045, 9317, 4185, 3924, 11108, 11660, 17523, 14956, 21541, 3923, 1234, 4688, 6355, 4544, 1570, 17139, 1370, 12831, 10141, 13320, 1688, 19632, 24875, 8493, 20616, 4484, 15009, 11426, 4517, 7400, 309, 19597, 20139, 21078, 21014, 20804, 23436, 17713, 14871, 25104, 21576, 6122, 10817, 18401, 11964, 2884, 13834, 6837, 11814, 15461, 14376, 2358, 4828, 15450, 21028, 12334, 19995, 13311, 15713, 25758, 13718, 2514, 19796, 23363, 10192, 6588, 7056, 13635, 873, 7307, 6627, 1307, 16437, 24056, 10550, 20316, 14502, 4719, 944, 4330, 9728, 25785, 12995, 3738, 3558, 17553, 3696, 17404, 22007, 4194, 4108, 1653, 14686, 5309, 12744, 16241, 5941, 10802, 4864, 17377, 10524, 22849, 23941, 22142, 3935, 25231, 25060, 6341, 6454, 11112, 22427, 13706, 18851, 23894, 19585, 24083, 5258, 17742, 15617, 6860, 6217, 17260, 2078, 3142, 13583, 14274, 239, 8205, 22615, 12384, 17504, 19297, 14192, 4456, 24757, 6181, 15180, 19703, 7578, 24357, 18042, 15269, 20905, 8906, 10397, 19532, 266, 13242, 2216, 5587, 447, 16541, 3804, 2978, 2524, 19162, 4201, 4327, 25402, 25908, 23316, 3443, 11110, 3457, 10399, 19202, 10255, 20380, 16799, 5949, 22523, 24845, 14082, 25706, 1017, 8145, 9801, 527, 6678, 8888, 1462, 6793, 8653, 59, 24232, 13666, 23874, 3063, 7257, 25456, 17164, 25138, 13725, 25123, 20583, 7157, 25847, 402, 20421, 851, 20522, 4103, 10031, 3759, 23165, 10889, 24844, 4774, 11595, 25206, 23942, 12118, 21472, 16495, 14569, 4444, 24905, 10592, 17037, 10455, 13896, 1398, 4340, 5118, 1670, 8026, 22066, 2552, 7142, 16439, 4067, 22679, 22351, 24176, 19064, 14590, 20565, 12094, 214, 20548, 14125, 22070, 12130, 23901, 825, 9596, 7859, 18389, 23356, 13040, 12317]
[25732, 11302, 14394, 14791, 2178, 14066, 25199, 21010, 22490, 17704, 15132, 15313, 9567, 18568, 8052, 21675, 2031, 16973, 5631, 9404, 11862, 3876, 7424, 24380, 19258, 20281, 1991, 22690, 7148, 21211, 25626, 1992, 10221, 11391, 25425, 10394, 24332, 24396, 17987, 15363, 16399, 19507, 9976, 4139, 2907, 13411, 11905, 14403, 17242, 3045, 9317, 4185, 3924, 11108, 11660, 17523, 14956, 21541, 3923, 1234, 4688, 6355, 4544, 1570, 17139, 1370, 12831, 10141, 13320, 1688, 19632, 24875, 8493, 20616, 4484, 15009, 11426, 4517, 7400, 309, 19597, 20139, 21078, 21014, 20804, 23436, 17713, 14871, 25104, 21576, 6122, 10817, 18401, 11964, 2884, 13834, 6837, 11814, 15461, 14376, 2358, 4828, 15450, 21028, 12334, 19995, 13311, 15713, 25758, 13718, 2514, 19796, 23363, 10192, 6588, 7056, 13635, 873, 7307, 6627, 1307, 16437, 24056, 10550, 20316, 14502, 4719, 944, 4330, 9728, 25785, 12995, 3738, 3558, 17553, 3696, 17404, 22007, 4194, 4108, 1653, 14686, 5309, 12744, 16241, 5941, 10802, 4864, 17377, 10524, 22849, 23941, 22142, 3935, 25231, 25060, 6341, 6454, 11112, 22427, 13706, 18851, 23894, 19585, 24083, 5258, 17742, 15617, 6860, 6217, 17260, 2078, 3142, 13583, 14274, 239, 8205, 22615, 12384, 17504, 19297, 14192, 4456, 24757, 6181, 15180, 19703, 7578, 24357, 18042, 15269, 20905, 8906, 10397, 19532, 266, 13242, 2216, 5587, 447, 16541, 3804, 2978, 2524, 19162, 4201, 4327, 25402, 25908, 23316, 3443, 11110, 3457, 10399, 19202, 10255, 20380, 16799, 5949, 22523, 24845, 14082, 25706, 1017, 8145, 9801, 527, 6678, 8888, 1462, 6793, 8653, 59, 24232, 13666, 23874, 3063, 7257, 25456, 17164, 25138, 13725, 25123, 20583, 7157, 25847, 402, 20421, 851, 20522, 4103, 10031, 3759, 23165, 10889, 24844, 4774, 11595, 25206, 23942, 12118, 21472, 16495, 14569, 4444, 24905, 10592, 17037, 10455, 13896, 1398, 4340, 5118, 1670, 8026, 22066, 2552, 7142, 16439, 4067, 22679, 22351, 24176, 19064, 14590, 20565, 12094, 214, 20548, 14125, 22070, 12130, 23901, 825, 9596, 7859, 18389, 23356, 13040, 12317]
[25732, 11302, 14394, 14791, 2178, 14066, 25199, 21010, 22490, 17704, 15132, 15313, 9567, 18568, 8052, 21675, 2031, 16973, 5631, 9404, 11862, 3876, 7424, 24380, 19258, 20281, 1991, 22690, 7148, 21211, 25626, 1992, 10221, 11391, 25425, 10394, 24332, 24396, 17987, 15363, 16399, 19507, 9976, 4139, 2907, 13411, 11905, 14403, 17242, 3045, 9317, 4185, 3924, 11108, 11660, 17523, 14956, 21541, 3923, 1234, 4688, 6355, 4544, 1570, 17139, 1370, 12831, 10141, 13320, 1688, 19632, 24875, 8493, 20616, 4484, 15009, 11426, 4517, 7400, 309, 19597, 20139, 21078, 21014, 20804, 23436, 17713, 14871, 25104, 21576, 6122, 10817, 18401, 11964, 2884, 13834, 6837, 11814, 15461, 14376, 2358, 4828, 15450, 21028, 12334, 19995, 13311, 15713, 25758, 13718, 2514, 19796, 23363, 10192, 6588, 7056, 13635, 873, 7307, 6627, 1307, 16437, 24056, 10550, 20316, 14502, 4719, 944, 4330, 9728, 25785, 12995, 3738, 3558, 17553, 3696, 17404, 22007, 4194, 4108, 1653, 14686, 5309, 12744, 16241, 5941, 10802, 4864, 17377, 10524, 22849, 23941, 22142, 3935, 25231, 25060, 6341, 6454, 11112, 22427, 13706, 18851, 23894, 19585, 24083, 5258, 17742, 15617, 6860, 6217, 17260, 2078, 3142, 13583, 14274, 239, 8205, 22615, 12384, 17504, 19297, 14192, 4456, 24757, 6181, 15180, 19703, 7578, 24357, 18042, 15269, 20905, 8906, 10397, 19532, 266, 13242, 2216, 5587, 447, 16541, 3804, 2978, 2524, 19162, 4201, 4327, 25402, 25908, 23316, 3443, 11110, 3457, 10399, 19202, 10255, 20380, 16799, 5949, 22523, 24845, 14082, 25706, 1017, 8145, 9801, 527, 6678, 8888, 1462, 6793, 8653, 59, 24232, 13666, 23874, 3063, 7257, 25456, 17164, 25138, 13725, 25123, 20583, 7157, 25847, 402, 20421, 851, 20522, 4103, 10031, 3759, 23165, 10889, 24844, 4774, 11595, 25206, 23942, 12118, 21472, 16495, 14569, 4444, 24905, 10592, 17037, 10455, 13896, 1398, 4340, 5118, 1670, 8026, 22066, 2552, 7142, 16439, 4067, 22679, 22351, 24176, 19064, 14590, 20565, 12094, 214, 20548, 14125, 22070, 12130, 23901, 825, 9596, 7859, 18389, 23356, 13040, 12317]
[25732, 11302, 14394, 14791, 2178, 14066, 25199, 21010, 22490, 17704, 15132, 15313, 9567, 18568, 8052, 21675, 2031, 16973, 5631, 9404, 11862, 3876, 7424, 24380, 19258, 20281, 1991, 22690, 7148, 21211, 25626, 1992, 10221, 11391, 25425, 10394, 24332, 24396, 17987, 15363, 16399, 19507, 9976, 4139, 2907, 13411, 11905, 14403, 17242, 3045, 9317, 4185, 3924, 11108, 11660, 17523, 14956, 21541, 3923, 1234, 4688, 6355, 4544, 1570, 17139, 1370, 12831, 10141, 13320, 1688, 19632, 24875, 8493, 20616, 4484, 15009, 11426, 4517, 7400, 309, 19597, 20139, 21078, 21014, 20804, 23436, 17713, 14871, 25104, 21576, 6122, 10817, 18401, 11964, 2884, 13834, 6837, 11814, 15461, 14376, 2358, 4828, 15450, 21028, 12334, 19995, 13311, 15713, 25758, 13718, 2514, 19796, 23363, 10192, 6588, 7056, 13635, 873, 7307, 6627, 1307, 16437, 24056, 10550, 20316, 14502, 4719, 944, 4330, 9728, 25785, 12995, 3738, 3558, 17553, 3696, 17404, 22007, 4194, 4108, 1653, 14686, 5309, 12744, 16241, 5941, 10802, 4864, 17377, 10524, 22849, 23941, 22142, 3935, 25231, 25060, 6341, 6454, 11112, 22427, 13706, 18851, 23894, 19585, 24083, 5258, 17742, 15617, 6860, 6217, 17260, 2078, 3142, 13583, 14274, 239, 8205, 22615, 12384, 17504, 19297, 14192, 4456, 24757, 6181, 15180, 19703, 7578, 24357, 18042, 15269, 20905, 8906, 10397, 19532, 266, 13242, 2216, 5587, 447, 16541, 3804, 2978, 2524, 19162, 4201, 4327, 25402, 25908, 23316, 3443, 11110, 3457, 10399, 19202, 10255, 20380, 16799, 5949, 22523, 24845, 14082, 25706, 1017, 8145, 9801, 527, 6678, 8888, 1462, 6793, 8653, 59, 24232, 13666, 23874, 3063, 7257, 25456, 17164, 25138, 13725, 25123, 20583, 7157, 25847, 402, 20421, 851, 20522, 4103, 10031, 3759, 23165, 10889, 24844, 4774, 11595, 25206, 23942, 12118, 21472, 16495, 14569, 4444, 24905, 10592, 17037, 10455, 13896, 1398, 4340, 5118, 1670, 8026, 22066, 2552, 7142, 16439, 4067, 22679, 22351, 24176, 19064, 14590, 20565, 12094, 214, 20548, 14125, 22070, 12130, 23901, 825, 9596, 7859, 18389, 23356, 13040, 12317]
[25732, 11302, 14394, 14791, 2178, 14066, 25199, 21010, 22490, 17704, 15132, 15313, 9567, 18568, 8052, 21675, 2031, 16973, 5631, 9404, 11862, 3876, 7424, 24380, 19258, 20281, 1991, 22690, 7148, 21211, 25626, 1992, 10221, 11391, 25425, 10394, 24332, 24396, 17987, 15363, 16399, 19507, 9976, 4139, 2907, 13411, 11905, 14403, 17242, 3045, 9317, 4185, 3924, 11108, 11660, 17523, 14956, 21541, 3923, 1234, 4688, 6355, 4544, 1570, 17139, 1370, 12831, 10141, 13320, 1688, 19632, 24875, 8493, 20616, 4484, 15009, 11426, 4517, 7400, 309, 19597, 20139, 21078, 21014, 20804, 23436, 17713, 14871, 25104, 21576, 6122, 10817, 18401, 11964, 2884, 13834, 6837, 11814, 15461, 14376, 2358, 4828, 15450, 21028, 12334, 19995, 13311, 15713, 25758, 13718, 2514, 19796, 23363, 10192, 6588, 7056, 13635, 873, 7307, 6627, 1307, 16437, 24056, 10550, 20316, 14502, 4719, 944, 4330, 9728, 25785, 12995, 3738, 3558, 17553, 3696, 17404, 22007, 4194, 4108, 1653, 14686, 5309, 12744, 16241, 5941, 10802, 4864, 17377, 10524, 22849, 23941, 22142, 3935, 25231, 25060, 6341, 6454, 11112, 22427, 13706, 18851, 23894, 19585, 24083, 5258, 17742, 15617, 6860, 6217, 17260, 2078, 3142, 13583, 14274, 239, 8205, 22615, 12384, 17504, 19297, 14192, 4456, 24757, 6181, 15180, 19703, 7578, 24357, 18042, 15269, 20905, 8906, 10397, 19532, 266, 13242, 2216, 5587, 447, 16541, 3804, 2978, 2524, 19162, 4201, 4327, 25402, 25908, 23316, 3443, 11110, 3457, 10399, 19202, 10255, 20380, 16799, 5949, 22523, 24845, 14082, 25706, 1017, 8145, 9801, 527, 6678, 8888, 1462, 6793, 8653, 59, 24232, 13666, 23874, 3063, 7257, 25456, 17164, 25138, 13725, 25123, 20583, 7157, 25847, 402, 20421, 851, 20522, 4103, 10031, 3759, 23165, 10889, 24844, 4774, 11595, 25206, 23942, 12118, 21472, 16495, 14569, 4444, 24905, 10592, 17037, 10455, 13896, 1398, 4340, 5118, 1670, 8026, 22066, 2552, 7142, 16439, 4067, 22679, 22351, 24176, 19064, 14590, 20565, 12094, 214, 20548, 14125, 22070, 12130, 23901, 825, 9596, 7859, 18389, 23356, 13040, 12317]
[25732, 11302, 14394, 14791, 2178, 14066, 25199, 21010, 22490, 17704, 15132, 15313, 9567, 18568, 8052, 21675, 2031, 16973, 5631, 9404, 11862, 3876, 7424, 24380, 19258, 20281, 1991, 22690, 7148, 21211, 25626, 1992, 10221, 11391, 25425, 10394, 24332, 24396, 17987, 15363, 16399, 19507, 9976, 4139, 2907, 13411, 11905, 14403, 17242, 3045, 9317, 4185, 3924, 11108, 11660, 17523, 14956, 21541, 3923, 1234, 4688, 6355, 4544, 1570, 17139, 1370, 12831, 10141, 13320, 1688, 19632, 24875, 8493, 20616, 4484, 15009, 11426, 4517, 7400, 309, 19597, 20139, 21078, 21014, 20804, 23436, 17713, 14871, 25104, 21576, 6122, 10817, 18401, 11964, 2884, 13834, 6837, 11814, 15461, 14376, 2358, 4828, 15450, 21028, 12334, 19995, 13311, 15713, 25758, 13718, 2514, 19796, 23363, 10192, 6588, 7056, 13635, 873, 7307, 6627, 1307, 16437, 24056, 10550, 20316, 14502, 4719, 944, 4330, 9728, 25785, 12995, 3738, 3558, 17553, 3696, 17404, 22007, 4194, 4108, 1653, 14686, 5309, 12744, 16241, 5941, 10802, 4864, 17377, 10524, 22849, 23941, 22142, 3935, 25231, 25060, 6341, 6454, 11112, 22427, 13706, 18851, 23894, 19585, 24083, 5258, 17742, 15617, 6860, 6217, 17260, 2078, 3142, 13583, 14274, 239, 8205, 22615, 12384, 17504, 19297, 14192, 4456, 24757, 6181, 15180, 19703, 7578, 24357, 18042, 15269, 20905, 8906, 10397, 19532, 266, 13242, 2216, 5587, 447, 16541, 3804, 2978, 2524, 19162, 4201, 4327, 25402, 25908, 23316, 3443, 11110, 3457, 10399, 19202, 10255, 20380, 16799, 5949, 22523, 24845, 14082, 25706, 1017, 8145, 9801, 527, 6678, 8888, 1462, 6793, 8653, 59, 24232, 13666, 23874, 3063, 7257, 25456, 17164, 25138, 13725, 25123, 20583, 7157, 25847, 402, 20421, 851, 20522, 4103, 10031, 3759, 23165, 10889, 24844, 4774, 11595, 25206, 23942, 12118, 21472, 16495, 14569, 4444, 24905, 10592, 17037, 10455, 13896, 1398, 4340, 5118, 1670, 8026, 22066, 2552, 7142, 16439, 4067, 22679, 22351, 24176, 19064, 14590, 20565, 12094, 214, 20548, 14125, 22070, 12130, 23901, 825, 9596, 7859, 18389, 23356, 13040, 12317]
[25732, 11302, 14394, 14791, 2178, 14066, 25199, 21010, 22490, 17704, 15132, 15313, 9567, 18568, 8052, 21675, 2031, 16973, 5631, 9404, 11862, 3876, 7424, 24380, 19258, 20281, 1991, 22690, 7148, 21211, 25626, 1992, 10221, 11391, 25425, 10394, 24332, 24396, 17987, 15363, 16399, 19507, 9976, 4139, 2907, 13411, 11905, 14403, 17242, 3045, 9317, 4185, 3924, 11108, 11660, 17523, 14956, 21541, 3923, 1234, 4688, 6355, 4544, 1570, 17139, 1370, 12831, 10141, 13320, 1688, 19632, 24875, 8493, 20616, 4484, 15009, 11426, 4517, 7400, 309, 19597, 20139, 21078, 21014, 20804, 23436, 17713, 14871, 25104, 21576, 6122, 10817, 18401, 11964, 2884, 13834, 6837, 11814, 15461, 14376, 2358, 4828, 15450, 21028, 12334, 19995, 13311, 15713, 25758, 13718, 2514, 19796, 23363, 10192, 6588, 7056, 13635, 873, 7307, 6627, 1307, 16437, 24056, 10550, 20316, 14502, 4719, 944, 4330, 9728, 25785, 12995, 3738, 3558, 17553, 3696, 17404, 22007, 4194, 4108, 1653, 14686, 5309, 12744, 16241, 5941, 10802, 4864, 17377, 10524, 22849, 23941, 22142, 3935, 25231, 25060, 6341, 6454, 11112, 22427, 13706, 18851, 23894, 19585, 24083, 5258, 17742, 15617, 6860, 6217, 17260, 2078, 3142, 13583, 14274, 239, 8205, 22615, 12384, 17504, 19297, 14192, 4456, 24757, 6181, 15180, 19703, 7578, 24357, 18042, 15269, 20905, 8906, 10397, 19532, 266, 13242, 2216, 5587, 447, 16541, 3804, 2978, 2524, 19162, 4201, 4327, 25402, 25908, 23316, 3443, 11110, 3457, 10399, 19202, 10255, 20380, 16799, 5949, 22523, 24845, 14082, 25706, 1017, 8145, 9801, 527, 6678, 8888, 1462, 6793, 8653, 59, 24232, 13666, 23874, 3063, 7257, 25456, 17164, 25138, 13725, 25123, 20583, 7157, 25847, 402, 20421, 851, 20522, 4103, 10031, 3759, 23165, 10889, 24844, 4774, 11595, 25206, 23942, 12118, 21472, 16495, 14569, 4444, 24905, 10592, 17037, 10455, 13896, 1398, 4340, 5118, 1670, 8026, 22066, 2552, 7142, 16439, 4067, 22679, 22351, 24176, 19064, 14590, 20565, 12094, 214, 20548, 14125, 22070, 12130, 23901, 825, 9596, 7859, 18389, 23356, 13040, 12317]
[25732, 11302, 14394, 14791, 2178, 14066, 25199, 21010, 22490, 17704, 15132, 15313, 9567, 18568, 8052, 21675, 2031, 16973, 5631, 9404, 11862, 3876, 7424, 24380, 19258, 20281, 1991, 22690, 7148, 21211, 25626, 1992, 10221, 11391, 25425, 10394, 24332, 24396, 17987, 15363, 16399, 19507, 9976, 4139, 2907, 13411, 11905, 14403, 17242, 3045, 9317, 4185, 3924, 11108, 11660, 17523, 14956, 21541, 3923, 1234, 4688, 6355, 4544, 1570, 17139, 1370, 12831, 10141, 13320, 1688, 19632, 24875, 8493, 20616, 4484, 15009, 11426, 4517, 7400, 309, 19597, 20139, 21078, 21014, 20804, 23436, 17713, 14871, 25104, 21576, 6122, 10817, 18401, 11964, 2884, 13834, 6837, 11814, 15461, 14376, 2358, 4828, 15450, 21028, 12334, 19995, 13311, 15713, 25758, 13718, 2514, 19796, 23363, 10192, 6588, 7056, 13635, 873, 7307, 6627, 1307, 16437, 24056, 10550, 20316, 14502, 4719, 944, 4330, 9728, 25785, 12995, 3738, 3558, 17553, 3696, 17404, 22007, 4194, 4108, 1653, 14686, 5309, 12744, 16241, 5941, 10802, 4864, 17377, 10524, 22849, 23941, 22142, 3935, 25231, 25060, 6341, 6454, 11112, 22427, 13706, 18851, 23894, 19585, 24083, 5258, 17742, 15617, 6860, 6217, 17260, 2078, 3142, 13583, 14274, 239, 8205, 22615, 12384, 17504, 19297, 14192, 4456, 24757, 6181, 15180, 19703, 7578, 24357, 18042, 15269, 20905, 8906, 10397, 19532, 266, 13242, 2216, 5587, 447, 16541, 3804, 2978, 2524, 19162, 4201, 4327, 25402, 25908, 23316, 3443, 11110, 3457, 10399, 19202, 10255, 20380, 16799, 5949, 22523, 24845, 14082, 25706, 1017, 8145, 9801, 527, 6678, 8888, 1462, 6793, 8653, 59, 24232, 13666, 23874, 3063, 7257, 25456, 17164, 25138, 13725, 25123, 20583, 7157, 25847, 402, 20421, 851, 20522, 4103, 10031, 3759, 23165, 10889, 24844, 4774, 11595, 25206, 23942, 12118, 21472, 16495, 14569, 4444, 24905, 10592, 17037, 10455, 13896, 1398, 4340, 5118, 1670, 8026, 22066, 2552, 7142, 16439, 4067, 22679, 22351, 24176, 19064, 14590, 20565, 12094, 214, 20548, 14125, 22070, 12130, 23901, 825, 9596, 7859, 18389, 23356, 13040, 12317]
[25732, 11302, 14394, 14791, 2178, 14066, 25199, 21010, 22490, 17704, 15132, 15313, 9567, 18568, 8052, 21675, 2031, 16973, 5631, 9404, 11862, 3876, 7424, 24380, 19258, 20281, 1991, 22690, 7148, 21211, 25626, 1992, 10221, 11391, 25425, 10394, 24332, 24396, 17987, 15363, 16399, 19507, 9976, 4139, 2907, 13411, 11905, 14403, 17242, 3045, 9317, 4185, 3924, 11108, 11660, 17523, 14956, 21541, 3923, 1234, 4688, 6355, 4544, 1570, 17139, 1370, 12831, 10141, 13320, 1688, 19632, 24875, 8493, 20616, 4484, 15009, 11426, 4517, 7400, 309, 19597, 20139, 21078, 21014, 20804, 23436, 17713, 14871, 25104, 21576, 6122, 10817, 18401, 11964, 2884, 13834, 6837, 11814, 15461, 14376, 2358, 4828, 15450, 21028, 12334, 19995, 13311, 15713, 25758, 13718, 2514, 19796, 23363, 10192, 6588, 7056, 13635, 873, 7307, 6627, 1307, 16437, 24056, 10550, 20316, 14502, 4719, 944, 4330, 9728, 25785, 12995, 3738, 3558, 17553, 3696, 17404, 22007, 4194, 4108, 1653, 14686, 5309, 12744, 16241, 5941, 10802, 4864, 17377, 10524, 22849, 23941, 22142, 3935, 25231, 25060, 6341, 6454, 11112, 22427, 13706, 18851, 23894, 19585, 24083, 5258, 17742, 15617, 6860, 6217, 17260, 2078, 3142, 13583, 14274, 239, 8205, 22615, 12384, 17504, 19297, 14192, 4456, 24757, 6181, 15180, 19703, 7578, 24357, 18042, 15269, 20905, 8906, 10397, 19532, 266, 13242, 2216, 5587, 447, 16541, 3804, 2978, 2524, 19162, 4201, 4327, 25402, 25908, 23316, 3443, 11110, 3457, 10399, 19202, 10255, 20380, 16799, 5949, 22523, 24845, 14082, 25706, 1017, 8145, 9801, 527, 6678, 8888, 1462, 6793, 8653, 59, 24232, 13666, 23874, 3063, 7257, 25456, 17164, 25138, 13725, 25123, 20583, 7157, 25847, 402, 20421, 851, 20522, 4103, 10031, 3759, 23165, 10889, 24844, 4774, 11595, 25206, 23942, 12118, 21472, 16495, 14569, 4444, 24905, 10592, 17037, 10455, 13896, 1398, 4340, 5118, 1670, 8026, 22066, 2552, 7142, 16439, 4067, 22679, 22351, 24176, 19064, 14590, 20565, 12094, 214, 20548, 14125, 22070, 12130, 23901, 825, 9596, 7859, 18389, 23356, 13040, 12317]
[25732, 11302, 14394, 14791, 2178, 14066, 25199, 21010, 22490, 17704, 15132, 15313, 9567, 18568, 8052, 21675, 2031, 16973, 5631, 9404, 11862, 3876, 7424, 24380, 19258, 20281, 1991, 22690, 7148, 21211, 25626, 1992, 10221, 11391, 25425, 10394, 24332, 24396, 17987, 15363, 16399, 19507, 9976, 4139, 2907, 13411, 11905, 14403, 17242, 3045, 9317, 4185, 3924, 11108, 11660, 17523, 14956, 21541, 3923, 1234, 4688, 6355, 4544, 1570, 17139, 1370, 12831, 10141, 13320, 1688, 19632, 24875, 8493, 20616, 4484, 15009, 11426, 4517, 7400, 309, 19597, 20139, 21078, 21014, 20804, 23436, 17713, 14871, 25104, 21576, 6122, 10817, 18401, 11964, 2884, 13834, 6837, 11814, 15461, 14376, 2358, 4828, 15450, 21028, 12334, 19995, 13311, 15713, 25758, 13718, 2514, 19796, 23363, 10192, 6588, 7056, 13635, 873, 7307, 6627, 1307, 16437, 24056, 10550, 20316, 14502, 4719, 944, 4330, 9728, 25785, 12995, 3738, 3558, 17553, 3696, 17404, 22007, 4194, 4108, 1653, 14686, 5309, 12744, 16241, 5941, 10802, 4864, 17377, 10524, 22849, 23941, 22142, 3935, 25231, 25060, 6341, 6454, 11112, 22427, 13706, 18851, 23894, 19585, 24083, 5258, 17742, 15617, 6860, 6217, 17260, 2078, 3142, 13583, 14274, 239, 8205, 22615, 12384, 17504, 19297, 14192, 4456, 24757, 6181, 15180, 19703, 7578, 24357, 18042, 15269, 20905, 8906, 10397, 19532, 266, 13242, 2216, 5587, 447, 16541, 3804, 2978, 2524, 19162, 4201, 4327, 25402, 25908, 23316, 3443, 11110, 3457, 10399, 19202, 10255, 20380, 16799, 5949, 22523, 24845, 14082, 25706, 1017, 8145, 9801, 527, 6678, 8888, 1462, 6793, 8653, 59, 24232, 13666, 23874, 3063, 7257, 25456, 17164, 25138, 13725, 25123, 20583, 7157, 25847, 402, 20421, 851, 20522, 4103, 10031, 3759, 23165, 10889, 24844, 4774, 11595, 25206, 23942, 12118, 21472, 16495, 14569, 4444, 24905, 10592, 17037, 10455, 13896, 1398, 4340, 5118, 1670, 8026, 22066, 2552, 7142, 16439, 4067, 22679, 22351, 24176, 19064, 14590, 20565, 12094, 214, 20548, 14125, 22070, 12130, 23901, 825, 9596, 7859, 18389, 23356, 13040, 12317]
[25732, 11302, 14394, 14791, 2178, 14066, 25199, 21010, 22490, 17704, 15132, 15313, 9567, 18568, 8052, 21675, 2031, 16973, 5631, 9404, 11862, 3876, 7424, 24380, 19258, 20281, 1991, 22690, 7148, 21211, 25626, 1992, 10221, 11391, 25425, 10394, 24332, 24396, 17987, 15363, 16399, 19507, 9976, 4139, 2907, 13411, 11905, 14403, 17242, 3045, 9317, 4185, 3924, 11108, 11660, 17523, 14956, 21541, 3923, 1234, 4688, 6355, 4544, 1570, 17139, 1370, 12831, 10141, 13320, 1688, 19632, 24875, 8493, 20616, 4484, 15009, 11426, 4517, 7400, 309, 19597, 20139, 21078, 21014, 20804, 23436, 17713, 14871, 25104, 21576, 6122, 10817, 18401, 11964, 2884, 13834, 6837, 11814, 15461, 14376, 2358, 4828, 15450, 21028, 12334, 19995, 13311, 15713, 25758, 13718, 2514, 19796, 23363, 10192, 6588, 7056, 13635, 873, 7307, 6627, 1307, 16437, 24056, 10550, 20316, 14502, 4719, 944, 4330, 9728, 25785, 12995, 3738, 3558, 17553, 3696, 17404, 22007, 4194, 4108, 1653, 14686, 5309, 12744, 16241, 5941, 10802, 4864, 17377, 10524, 22849, 23941, 22142, 3935, 25231, 25060, 6341, 6454, 11112, 22427, 13706, 18851, 23894, 19585, 24083, 5258, 17742, 15617, 6860, 6217, 17260, 2078, 3142, 13583, 14274, 239, 8205, 22615, 12384, 17504, 19297, 14192, 4456, 24757, 6181, 15180, 19703, 7578, 24357, 18042, 15269, 20905, 8906, 10397, 19532, 266, 13242, 2216, 5587, 447, 16541, 3804, 2978, 2524, 19162, 4201, 4327, 25402, 25908, 23316, 3443, 11110, 3457, 10399, 19202, 10255, 20380, 16799, 5949, 22523, 24845, 14082, 25706, 1017, 8145, 9801, 527, 6678, 8888, 1462, 6793, 8653, 59, 24232, 13666, 23874, 3063, 7257, 25456, 17164, 25138, 13725, 25123, 20583, 7157, 25847, 402, 20421, 851, 20522, 4103, 10031, 3759, 23165, 10889, 24844, 4774, 11595, 25206, 23942, 12118, 21472, 16495, 14569, 4444, 24905, 10592, 17037, 10455, 13896, 1398, 4340, 5118, 1670, 8026, 22066, 2552, 7142, 16439, 4067, 22679, 22351, 24176, 19064, 14590, 20565, 12094, 214, 20548, 14125, 22070, 12130, 23901, 825, 9596, 7859, 18389, 23356, 13040, 12317]
