Fault List:
59
59
59
59
59
59
59
59
59
59
59
59
59
59
59
59
59
59
59
59
59
59
59
59
59
59
59
59
59
59
FDR List:
0.6413043478260869
0.6413043478260869
0.6413043478260869
0.6413043478260869
0.6413043478260869
0.6413043478260869
0.6413043478260869
0.6413043478260869
0.6413043478260869
0.6413043478260869
0.6413043478260869
0.6413043478260869
0.6413043478260869
0.6413043478260869
0.6413043478260869
0.6413043478260869
0.6413043478260869
0.6413043478260869
0.6413043478260869
0.6413043478260869
0.6413043478260869
0.6413043478260869
0.6413043478260869
0.6413043478260869
0.6413043478260869
0.6413043478260869
0.6413043478260869
0.6413043478260869
0.6413043478260869
0.6413043478260869
Time List:
2.3714759349823
2.197592258453369
2.3022398948669434
3.160748243331909
2.8479371070861816
2.6860930919647217
5.489365816116333
3.9599409103393555
3.1231720447540283
3.094586133956909
3.0148632526397705
3.0905840396881104
3.3499958515167236
3.5567479133605957
3.305366039276123
3.101547956466675
3.0095088481903076
3.1217141151428223
2.8362200260162354
2.958406925201416
3.539494752883911
3.6926941871643066
3.372537136077881
3.302670955657959
2.8754212856292725
3.4964263439178467
3.3672189712524414
2.924546003341675
5.832145929336548
2.61761474609375
Subset List:
[219, 723, 9568, 1443, 1000, 862, 7773, 2038, 3458, 7270, 6114, 7119, 4866, 5381, 1358, 8592, 4019, 5275, 8311, 4370, 8010, 3935, 8931, 6528, 262, 179, 5089, 7613, 1611, 4858, 6657, 3438, 9309, 363, 7978, 857, 5199, 2786, 593, 7995, 8411, 3074, 8604, 7367, 2506, 8274, 8576, 2, 1594, 9400, 2749, 1361, 9436, 9883, 5807, 9874, 34, 3978, 403, 8180, 8567, 1377, 6168, 8018, 2762, 7396, 6819, 477, 2905, 5632, 5027, 6093, 6484, 6323, 7514, 7397, 3964, 8064, 5175, 1438, 111, 6912, 468, 1350, 2147, 9773, 2202, 6721, 4904, 1112, 9006, 3345, 7962, 6606, 4051, 1588, 9173, 2528, 9703, 263, 8657, 5738, 9657, 6040, 6679, 204, 2778, 5560, 8222, 7075, 1778, 6671, 962, 4308, 5431, 2661, 5243, 3997, 8243, 5926, 1270, 4474, 2707, 8061, 6542, 9377, 5732, 2304, 9135, 7375, 2863, 4658, 2131, 9889, 605, 4595, 7021, 9900, 6840, 4877, 2989, 6615, 3194, 5591, 9319, 3726, 6280, 4082, 832, 288, 4293, 6724, 9033, 525, 9316, 7528, 9738, 6179, 2054, 4940, 3946, 1549, 2186, 6183, 6759, 9694, 7146, 8959, 5317, 4863, 4965, 6879, 2553, 2113, 1944, 8886, 547, 422, 4222, 2879, 3641, 8168, 3805, 4206, 9054, 1447, 2888, 6694, 3612, 5580, 4967, 4615, 2145, 6023, 1464, 3528, 1016, 2928, 5917, 2298, 1728, 2467, 8629, 2671, 7611, 3162, 6125, 4262, 5868, 5040, 7223, 6142, 6422, 2051, 8590, 7659, 7260, 5922, 1207, 9344, 9918, 6177, 6163, 566, 1686, 1211, 4212, 3371, 6802, 450, 5790, 5862, 9339, 587, 3635, 9300, 8073, 5372, 9984, 8463, 8644, 7538, 9871, 5725, 5472, 6490, 5810, 4175, 3694, 4559, 971, 7019, 7672, 5879, 5766, 2673, 1040, 1098, 5579, 329, 6934, 2480, 9355, 6254, 5716, 8378, 9576, 7489, 4593, 9483, 7313, 9891, 1346, 6049, 7511, 9704, 793, 4662, 5386, 4337, 8771, 139, 7787, 3178, 7233, 1607, 656, 8110, 3255, 9199, 7600, 5773, 3013, 8074, 3646, 9580, 4444, 5843, 7907, 6852]
[219, 723, 9568, 1443, 1000, 862, 7773, 2038, 3458, 7270, 6114, 7119, 4866, 5381, 1358, 8592, 4019, 5275, 8311, 4370, 8010, 3935, 8931, 6528, 262, 179, 5089, 7613, 1611, 4858, 6657, 3438, 9309, 363, 7978, 857, 5199, 2786, 593, 7995, 8411, 3074, 8604, 7367, 2506, 8274, 8576, 2, 1594, 9400, 2749, 1361, 9436, 9883, 5807, 9874, 34, 3978, 403, 8180, 8567, 1377, 6168, 8018, 2762, 7396, 6819, 477, 2905, 5632, 5027, 6093, 6484, 6323, 7514, 7397, 3964, 8064, 5175, 1438, 111, 6912, 468, 1350, 2147, 9773, 2202, 6721, 4904, 1112, 9006, 3345, 7962, 6606, 4051, 1588, 9173, 2528, 9703, 263, 8657, 5738, 9657, 6040, 6679, 204, 2778, 5560, 8222, 7075, 1778, 6671, 962, 4308, 5431, 2661, 5243, 3997, 8243, 5926, 1270, 4474, 2707, 8061, 6542, 9377, 5732, 2304, 9135, 7375, 2863, 4658, 2131, 9889, 605, 4595, 7021, 9900, 6840, 4877, 2989, 6615, 3194, 5591, 9319, 3726, 6280, 4082, 832, 288, 4293, 6724, 9033, 525, 9316, 7528, 9738, 6179, 2054, 4940, 3946, 1549, 2186, 6183, 6759, 9694, 7146, 8959, 5317, 4863, 4965, 6879, 2553, 2113, 1944, 8886, 547, 422, 4222, 2879, 3641, 8168, 3805, 4206, 9054, 1447, 2888, 6694, 3612, 5580, 4967, 4615, 2145, 6023, 1464, 3528, 1016, 2928, 5917, 2298, 1728, 2467, 8629, 2671, 7611, 3162, 6125, 4262, 5868, 5040, 7223, 6142, 6422, 2051, 8590, 7659, 7260, 5922, 1207, 9344, 9918, 6177, 6163, 566, 1686, 1211, 4212, 3371, 6802, 450, 5790, 5862, 9339, 587, 3635, 9300, 8073, 5372, 9984, 8463, 8644, 7538, 9871, 5725, 5472, 6490, 5810, 4175, 3694, 4559, 971, 7019, 7672, 5879, 5766, 2673, 1040, 1098, 5579, 329, 6934, 2480, 9355, 6254, 5716, 8378, 9576, 7489, 4593, 9483, 7313, 9891, 1346, 6049, 7511, 9704, 793, 4662, 5386, 4337, 8771, 139, 7787, 3178, 7233, 1607, 656, 8110, 3255, 9199, 7600, 5773, 3013, 8074, 3646, 9580, 4444, 5843, 7907, 6852]
[219, 723, 9568, 1443, 1000, 862, 7773, 2038, 3458, 7270, 6114, 7119, 4866, 5381, 1358, 8592, 4019, 5275, 8311, 4370, 8010, 3935, 8931, 6528, 262, 179, 5089, 7613, 1611, 4858, 6657, 3438, 9309, 363, 7978, 857, 5199, 2786, 593, 7995, 8411, 3074, 8604, 7367, 2506, 8274, 8576, 2, 1594, 9400, 2749, 1361, 9436, 9883, 5807, 9874, 34, 3978, 403, 8180, 8567, 1377, 6168, 8018, 2762, 7396, 6819, 477, 2905, 5632, 5027, 6093, 6484, 6323, 7514, 7397, 3964, 8064, 5175, 1438, 111, 6912, 468, 1350, 2147, 9773, 2202, 6721, 4904, 1112, 9006, 3345, 7962, 6606, 4051, 1588, 9173, 2528, 9703, 263, 8657, 5738, 9657, 6040, 6679, 204, 2778, 5560, 8222, 7075, 1778, 6671, 962, 4308, 5431, 2661, 5243, 3997, 8243, 5926, 1270, 4474, 2707, 8061, 6542, 9377, 5732, 2304, 9135, 7375, 2863, 4658, 2131, 9889, 605, 4595, 7021, 9900, 6840, 4877, 2989, 6615, 3194, 5591, 9319, 3726, 6280, 4082, 832, 288, 4293, 6724, 9033, 525, 9316, 7528, 9738, 6179, 2054, 4940, 3946, 1549, 2186, 6183, 6759, 9694, 7146, 8959, 5317, 4863, 4965, 6879, 2553, 2113, 1944, 8886, 547, 422, 4222, 2879, 3641, 8168, 3805, 4206, 9054, 1447, 2888, 6694, 3612, 5580, 4967, 4615, 2145, 6023, 1464, 3528, 1016, 2928, 5917, 2298, 1728, 2467, 8629, 2671, 7611, 3162, 6125, 4262, 5868, 5040, 7223, 6142, 6422, 2051, 8590, 7659, 7260, 5922, 1207, 9344, 9918, 6177, 6163, 566, 1686, 1211, 4212, 3371, 6802, 450, 5790, 5862, 9339, 587, 3635, 9300, 8073, 5372, 9984, 8463, 8644, 7538, 9871, 5725, 5472, 6490, 5810, 4175, 3694, 4559, 971, 7019, 7672, 5879, 5766, 2673, 1040, 1098, 5579, 329, 6934, 2480, 9355, 6254, 5716, 8378, 9576, 7489, 4593, 9483, 7313, 9891, 1346, 6049, 7511, 9704, 793, 4662, 5386, 4337, 8771, 139, 7787, 3178, 7233, 1607, 656, 8110, 3255, 9199, 7600, 5773, 3013, 8074, 3646, 9580, 4444, 5843, 7907, 6852]
[219, 723, 9568, 1443, 1000, 862, 7773, 2038, 3458, 7270, 6114, 7119, 4866, 5381, 1358, 8592, 4019, 5275, 8311, 4370, 8010, 3935, 8931, 6528, 262, 179, 5089, 7613, 1611, 4858, 6657, 3438, 9309, 363, 7978, 857, 5199, 2786, 593, 7995, 8411, 3074, 8604, 7367, 2506, 8274, 8576, 2, 1594, 9400, 2749, 1361, 9436, 9883, 5807, 9874, 34, 3978, 403, 8180, 8567, 1377, 6168, 8018, 2762, 7396, 6819, 477, 2905, 5632, 5027, 6093, 6484, 6323, 7514, 7397, 3964, 8064, 5175, 1438, 111, 6912, 468, 1350, 2147, 9773, 2202, 6721, 4904, 1112, 9006, 3345, 7962, 6606, 4051, 1588, 9173, 2528, 9703, 263, 8657, 5738, 9657, 6040, 6679, 204, 2778, 5560, 8222, 7075, 1778, 6671, 962, 4308, 5431, 2661, 5243, 3997, 8243, 5926, 1270, 4474, 2707, 8061, 6542, 9377, 5732, 2304, 9135, 7375, 2863, 4658, 2131, 9889, 605, 4595, 7021, 9900, 6840, 4877, 2989, 6615, 3194, 5591, 9319, 3726, 6280, 4082, 832, 288, 4293, 6724, 9033, 525, 9316, 7528, 9738, 6179, 2054, 4940, 3946, 1549, 2186, 6183, 6759, 9694, 7146, 8959, 5317, 4863, 4965, 6879, 2553, 2113, 1944, 8886, 547, 422, 4222, 2879, 3641, 8168, 3805, 4206, 9054, 1447, 2888, 6694, 3612, 5580, 4967, 4615, 2145, 6023, 1464, 3528, 1016, 2928, 5917, 2298, 1728, 2467, 8629, 2671, 7611, 3162, 6125, 4262, 5868, 5040, 7223, 6142, 6422, 2051, 8590, 7659, 7260, 5922, 1207, 9344, 9918, 6177, 6163, 566, 1686, 1211, 4212, 3371, 6802, 450, 5790, 5862, 9339, 587, 3635, 9300, 8073, 5372, 9984, 8463, 8644, 7538, 9871, 5725, 5472, 6490, 5810, 4175, 3694, 4559, 971, 7019, 7672, 5879, 5766, 2673, 1040, 1098, 5579, 329, 6934, 2480, 9355, 6254, 5716, 8378, 9576, 7489, 4593, 9483, 7313, 9891, 1346, 6049, 7511, 9704, 793, 4662, 5386, 4337, 8771, 139, 7787, 3178, 7233, 1607, 656, 8110, 3255, 9199, 7600, 5773, 3013, 8074, 3646, 9580, 4444, 5843, 7907, 6852]
[219, 723, 9568, 1443, 1000, 862, 7773, 2038, 3458, 7270, 6114, 7119, 4866, 5381, 1358, 8592, 4019, 5275, 8311, 4370, 8010, 3935, 8931, 6528, 262, 179, 5089, 7613, 1611, 4858, 6657, 3438, 9309, 363, 7978, 857, 5199, 2786, 593, 7995, 8411, 3074, 8604, 7367, 2506, 8274, 8576, 2, 1594, 9400, 2749, 1361, 9436, 9883, 5807, 9874, 34, 3978, 403, 8180, 8567, 1377, 6168, 8018, 2762, 7396, 6819, 477, 2905, 5632, 5027, 6093, 6484, 6323, 7514, 7397, 3964, 8064, 5175, 1438, 111, 6912, 468, 1350, 2147, 9773, 2202, 6721, 4904, 1112, 9006, 3345, 7962, 6606, 4051, 1588, 9173, 2528, 9703, 263, 8657, 5738, 9657, 6040, 6679, 204, 2778, 5560, 8222, 7075, 1778, 6671, 962, 4308, 5431, 2661, 5243, 3997, 8243, 5926, 1270, 4474, 2707, 8061, 6542, 9377, 5732, 2304, 9135, 7375, 2863, 4658, 2131, 9889, 605, 4595, 7021, 9900, 6840, 4877, 2989, 6615, 3194, 5591, 9319, 3726, 6280, 4082, 832, 288, 4293, 6724, 9033, 525, 9316, 7528, 9738, 6179, 2054, 4940, 3946, 1549, 2186, 6183, 6759, 9694, 7146, 8959, 5317, 4863, 4965, 6879, 2553, 2113, 1944, 8886, 547, 422, 4222, 2879, 3641, 8168, 3805, 4206, 9054, 1447, 2888, 6694, 3612, 5580, 4967, 4615, 2145, 6023, 1464, 3528, 1016, 2928, 5917, 2298, 1728, 2467, 8629, 2671, 7611, 3162, 6125, 4262, 5868, 5040, 7223, 6142, 6422, 2051, 8590, 7659, 7260, 5922, 1207, 9344, 9918, 6177, 6163, 566, 1686, 1211, 4212, 3371, 6802, 450, 5790, 5862, 9339, 587, 3635, 9300, 8073, 5372, 9984, 8463, 8644, 7538, 9871, 5725, 5472, 6490, 5810, 4175, 3694, 4559, 971, 7019, 7672, 5879, 5766, 2673, 1040, 1098, 5579, 329, 6934, 2480, 9355, 6254, 5716, 8378, 9576, 7489, 4593, 9483, 7313, 9891, 1346, 6049, 7511, 9704, 793, 4662, 5386, 4337, 8771, 139, 7787, 3178, 7233, 1607, 656, 8110, 3255, 9199, 7600, 5773, 3013, 8074, 3646, 9580, 4444, 5843, 7907, 6852]
[219, 723, 9568, 1443, 1000, 862, 7773, 2038, 3458, 7270, 6114, 7119, 4866, 5381, 1358, 8592, 4019, 5275, 8311, 4370, 8010, 3935, 8931, 6528, 262, 179, 5089, 7613, 1611, 4858, 6657, 3438, 9309, 363, 7978, 857, 5199, 2786, 593, 7995, 8411, 3074, 8604, 7367, 2506, 8274, 8576, 2, 1594, 9400, 2749, 1361, 9436, 9883, 5807, 9874, 34, 3978, 403, 8180, 8567, 1377, 6168, 8018, 2762, 7396, 6819, 477, 2905, 5632, 5027, 6093, 6484, 6323, 7514, 7397, 3964, 8064, 5175, 1438, 111, 6912, 468, 1350, 2147, 9773, 2202, 6721, 4904, 1112, 9006, 3345, 7962, 6606, 4051, 1588, 9173, 2528, 9703, 263, 8657, 5738, 9657, 6040, 6679, 204, 2778, 5560, 8222, 7075, 1778, 6671, 962, 4308, 5431, 2661, 5243, 3997, 8243, 5926, 1270, 4474, 2707, 8061, 6542, 9377, 5732, 2304, 9135, 7375, 2863, 4658, 2131, 9889, 605, 4595, 7021, 9900, 6840, 4877, 2989, 6615, 3194, 5591, 9319, 3726, 6280, 4082, 832, 288, 4293, 6724, 9033, 525, 9316, 7528, 9738, 6179, 2054, 4940, 3946, 1549, 2186, 6183, 6759, 9694, 7146, 8959, 5317, 4863, 4965, 6879, 2553, 2113, 1944, 8886, 547, 422, 4222, 2879, 3641, 8168, 3805, 4206, 9054, 1447, 2888, 6694, 3612, 5580, 4967, 4615, 2145, 6023, 1464, 3528, 1016, 2928, 5917, 2298, 1728, 2467, 8629, 2671, 7611, 3162, 6125, 4262, 5868, 5040, 7223, 6142, 6422, 2051, 8590, 7659, 7260, 5922, 1207, 9344, 9918, 6177, 6163, 566, 1686, 1211, 4212, 3371, 6802, 450, 5790, 5862, 9339, 587, 3635, 9300, 8073, 5372, 9984, 8463, 8644, 7538, 9871, 5725, 5472, 6490, 5810, 4175, 3694, 4559, 971, 7019, 7672, 5879, 5766, 2673, 1040, 1098, 5579, 329, 6934, 2480, 9355, 6254, 5716, 8378, 9576, 7489, 4593, 9483, 7313, 9891, 1346, 6049, 7511, 9704, 793, 4662, 5386, 4337, 8771, 139, 7787, 3178, 7233, 1607, 656, 8110, 3255, 9199, 7600, 5773, 3013, 8074, 3646, 9580, 4444, 5843, 7907, 6852]
[219, 723, 9568, 1443, 1000, 862, 7773, 2038, 3458, 7270, 6114, 7119, 4866, 5381, 1358, 8592, 4019, 5275, 8311, 4370, 8010, 3935, 8931, 6528, 262, 179, 5089, 7613, 1611, 4858, 6657, 3438, 9309, 363, 7978, 857, 5199, 2786, 593, 7995, 8411, 3074, 8604, 7367, 2506, 8274, 8576, 2, 1594, 9400, 2749, 1361, 9436, 9883, 5807, 9874, 34, 3978, 403, 8180, 8567, 1377, 6168, 8018, 2762, 7396, 6819, 477, 2905, 5632, 5027, 6093, 6484, 6323, 7514, 7397, 3964, 8064, 5175, 1438, 111, 6912, 468, 1350, 2147, 9773, 2202, 6721, 4904, 1112, 9006, 3345, 7962, 6606, 4051, 1588, 9173, 2528, 9703, 263, 8657, 5738, 9657, 6040, 6679, 204, 2778, 5560, 8222, 7075, 1778, 6671, 962, 4308, 5431, 2661, 5243, 3997, 8243, 5926, 1270, 4474, 2707, 8061, 6542, 9377, 5732, 2304, 9135, 7375, 2863, 4658, 2131, 9889, 605, 4595, 7021, 9900, 6840, 4877, 2989, 6615, 3194, 5591, 9319, 3726, 6280, 4082, 832, 288, 4293, 6724, 9033, 525, 9316, 7528, 9738, 6179, 2054, 4940, 3946, 1549, 2186, 6183, 6759, 9694, 7146, 8959, 5317, 4863, 4965, 6879, 2553, 2113, 1944, 8886, 547, 422, 4222, 2879, 3641, 8168, 3805, 4206, 9054, 1447, 2888, 6694, 3612, 5580, 4967, 4615, 2145, 6023, 1464, 3528, 1016, 2928, 5917, 2298, 1728, 2467, 8629, 2671, 7611, 3162, 6125, 4262, 5868, 5040, 7223, 6142, 6422, 2051, 8590, 7659, 7260, 5922, 1207, 9344, 9918, 6177, 6163, 566, 1686, 1211, 4212, 3371, 6802, 450, 5790, 5862, 9339, 587, 3635, 9300, 8073, 5372, 9984, 8463, 8644, 7538, 9871, 5725, 5472, 6490, 5810, 4175, 3694, 4559, 971, 7019, 7672, 5879, 5766, 2673, 1040, 1098, 5579, 329, 6934, 2480, 9355, 6254, 5716, 8378, 9576, 7489, 4593, 9483, 7313, 9891, 1346, 6049, 7511, 9704, 793, 4662, 5386, 4337, 8771, 139, 7787, 3178, 7233, 1607, 656, 8110, 3255, 9199, 7600, 5773, 3013, 8074, 3646, 9580, 4444, 5843, 7907, 6852]
[219, 723, 9568, 1443, 1000, 862, 7773, 2038, 3458, 7270, 6114, 7119, 4866, 5381, 1358, 8592, 4019, 5275, 8311, 4370, 8010, 3935, 8931, 6528, 262, 179, 5089, 7613, 1611, 4858, 6657, 3438, 9309, 363, 7978, 857, 5199, 2786, 593, 7995, 8411, 3074, 8604, 7367, 2506, 8274, 8576, 2, 1594, 9400, 2749, 1361, 9436, 9883, 5807, 9874, 34, 3978, 403, 8180, 8567, 1377, 6168, 8018, 2762, 7396, 6819, 477, 2905, 5632, 5027, 6093, 6484, 6323, 7514, 7397, 3964, 8064, 5175, 1438, 111, 6912, 468, 1350, 2147, 9773, 2202, 6721, 4904, 1112, 9006, 3345, 7962, 6606, 4051, 1588, 9173, 2528, 9703, 263, 8657, 5738, 9657, 6040, 6679, 204, 2778, 5560, 8222, 7075, 1778, 6671, 962, 4308, 5431, 2661, 5243, 3997, 8243, 5926, 1270, 4474, 2707, 8061, 6542, 9377, 5732, 2304, 9135, 7375, 2863, 4658, 2131, 9889, 605, 4595, 7021, 9900, 6840, 4877, 2989, 6615, 3194, 5591, 9319, 3726, 6280, 4082, 832, 288, 4293, 6724, 9033, 525, 9316, 7528, 9738, 6179, 2054, 4940, 3946, 1549, 2186, 6183, 6759, 9694, 7146, 8959, 5317, 4863, 4965, 6879, 2553, 2113, 1944, 8886, 547, 422, 4222, 2879, 3641, 8168, 3805, 4206, 9054, 1447, 2888, 6694, 3612, 5580, 4967, 4615, 2145, 6023, 1464, 3528, 1016, 2928, 5917, 2298, 1728, 2467, 8629, 2671, 7611, 3162, 6125, 4262, 5868, 5040, 7223, 6142, 6422, 2051, 8590, 7659, 7260, 5922, 1207, 9344, 9918, 6177, 6163, 566, 1686, 1211, 4212, 3371, 6802, 450, 5790, 5862, 9339, 587, 3635, 9300, 8073, 5372, 9984, 8463, 8644, 7538, 9871, 5725, 5472, 6490, 5810, 4175, 3694, 4559, 971, 7019, 7672, 5879, 5766, 2673, 1040, 1098, 5579, 329, 6934, 2480, 9355, 6254, 5716, 8378, 9576, 7489, 4593, 9483, 7313, 9891, 1346, 6049, 7511, 9704, 793, 4662, 5386, 4337, 8771, 139, 7787, 3178, 7233, 1607, 656, 8110, 3255, 9199, 7600, 5773, 3013, 8074, 3646, 9580, 4444, 5843, 7907, 6852]
[219, 723, 9568, 1443, 1000, 862, 7773, 2038, 3458, 7270, 6114, 7119, 4866, 5381, 1358, 8592, 4019, 5275, 8311, 4370, 8010, 3935, 8931, 6528, 262, 179, 5089, 7613, 1611, 4858, 6657, 3438, 9309, 363, 7978, 857, 5199, 2786, 593, 7995, 8411, 3074, 8604, 7367, 2506, 8274, 8576, 2, 1594, 9400, 2749, 1361, 9436, 9883, 5807, 9874, 34, 3978, 403, 8180, 8567, 1377, 6168, 8018, 2762, 7396, 6819, 477, 2905, 5632, 5027, 6093, 6484, 6323, 7514, 7397, 3964, 8064, 5175, 1438, 111, 6912, 468, 1350, 2147, 9773, 2202, 6721, 4904, 1112, 9006, 3345, 7962, 6606, 4051, 1588, 9173, 2528, 9703, 263, 8657, 5738, 9657, 6040, 6679, 204, 2778, 5560, 8222, 7075, 1778, 6671, 962, 4308, 5431, 2661, 5243, 3997, 8243, 5926, 1270, 4474, 2707, 8061, 6542, 9377, 5732, 2304, 9135, 7375, 2863, 4658, 2131, 9889, 605, 4595, 7021, 9900, 6840, 4877, 2989, 6615, 3194, 5591, 9319, 3726, 6280, 4082, 832, 288, 4293, 6724, 9033, 525, 9316, 7528, 9738, 6179, 2054, 4940, 3946, 1549, 2186, 6183, 6759, 9694, 7146, 8959, 5317, 4863, 4965, 6879, 2553, 2113, 1944, 8886, 547, 422, 4222, 2879, 3641, 8168, 3805, 4206, 9054, 1447, 2888, 6694, 3612, 5580, 4967, 4615, 2145, 6023, 1464, 3528, 1016, 2928, 5917, 2298, 1728, 2467, 8629, 2671, 7611, 3162, 6125, 4262, 5868, 5040, 7223, 6142, 6422, 2051, 8590, 7659, 7260, 5922, 1207, 9344, 9918, 6177, 6163, 566, 1686, 1211, 4212, 3371, 6802, 450, 5790, 5862, 9339, 587, 3635, 9300, 8073, 5372, 9984, 8463, 8644, 7538, 9871, 5725, 5472, 6490, 5810, 4175, 3694, 4559, 971, 7019, 7672, 5879, 5766, 2673, 1040, 1098, 5579, 329, 6934, 2480, 9355, 6254, 5716, 8378, 9576, 7489, 4593, 9483, 7313, 9891, 1346, 6049, 7511, 9704, 793, 4662, 5386, 4337, 8771, 139, 7787, 3178, 7233, 1607, 656, 8110, 3255, 9199, 7600, 5773, 3013, 8074, 3646, 9580, 4444, 5843, 7907, 6852]
[219, 723, 9568, 1443, 1000, 862, 7773, 2038, 3458, 7270, 6114, 7119, 4866, 5381, 1358, 8592, 4019, 5275, 8311, 4370, 8010, 3935, 8931, 6528, 262, 179, 5089, 7613, 1611, 4858, 6657, 3438, 9309, 363, 7978, 857, 5199, 2786, 593, 7995, 8411, 3074, 8604, 7367, 2506, 8274, 8576, 2, 1594, 9400, 2749, 1361, 9436, 9883, 5807, 9874, 34, 3978, 403, 8180, 8567, 1377, 6168, 8018, 2762, 7396, 6819, 477, 2905, 5632, 5027, 6093, 6484, 6323, 7514, 7397, 3964, 8064, 5175, 1438, 111, 6912, 468, 1350, 2147, 9773, 2202, 6721, 4904, 1112, 9006, 3345, 7962, 6606, 4051, 1588, 9173, 2528, 9703, 263, 8657, 5738, 9657, 6040, 6679, 204, 2778, 5560, 8222, 7075, 1778, 6671, 962, 4308, 5431, 2661, 5243, 3997, 8243, 5926, 1270, 4474, 2707, 8061, 6542, 9377, 5732, 2304, 9135, 7375, 2863, 4658, 2131, 9889, 605, 4595, 7021, 9900, 6840, 4877, 2989, 6615, 3194, 5591, 9319, 3726, 6280, 4082, 832, 288, 4293, 6724, 9033, 525, 9316, 7528, 9738, 6179, 2054, 4940, 3946, 1549, 2186, 6183, 6759, 9694, 7146, 8959, 5317, 4863, 4965, 6879, 2553, 2113, 1944, 8886, 547, 422, 4222, 2879, 3641, 8168, 3805, 4206, 9054, 1447, 2888, 6694, 3612, 5580, 4967, 4615, 2145, 6023, 1464, 3528, 1016, 2928, 5917, 2298, 1728, 2467, 8629, 2671, 7611, 3162, 6125, 4262, 5868, 5040, 7223, 6142, 6422, 2051, 8590, 7659, 7260, 5922, 1207, 9344, 9918, 6177, 6163, 566, 1686, 1211, 4212, 3371, 6802, 450, 5790, 5862, 9339, 587, 3635, 9300, 8073, 5372, 9984, 8463, 8644, 7538, 9871, 5725, 5472, 6490, 5810, 4175, 3694, 4559, 971, 7019, 7672, 5879, 5766, 2673, 1040, 1098, 5579, 329, 6934, 2480, 9355, 6254, 5716, 8378, 9576, 7489, 4593, 9483, 7313, 9891, 1346, 6049, 7511, 9704, 793, 4662, 5386, 4337, 8771, 139, 7787, 3178, 7233, 1607, 656, 8110, 3255, 9199, 7600, 5773, 3013, 8074, 3646, 9580, 4444, 5843, 7907, 6852]
[219, 723, 9568, 1443, 1000, 862, 7773, 2038, 3458, 7270, 6114, 7119, 4866, 5381, 1358, 8592, 4019, 5275, 8311, 4370, 8010, 3935, 8931, 6528, 262, 179, 5089, 7613, 1611, 4858, 6657, 3438, 9309, 363, 7978, 857, 5199, 2786, 593, 7995, 8411, 3074, 8604, 7367, 2506, 8274, 8576, 2, 1594, 9400, 2749, 1361, 9436, 9883, 5807, 9874, 34, 3978, 403, 8180, 8567, 1377, 6168, 8018, 2762, 7396, 6819, 477, 2905, 5632, 5027, 6093, 6484, 6323, 7514, 7397, 3964, 8064, 5175, 1438, 111, 6912, 468, 1350, 2147, 9773, 2202, 6721, 4904, 1112, 9006, 3345, 7962, 6606, 4051, 1588, 9173, 2528, 9703, 263, 8657, 5738, 9657, 6040, 6679, 204, 2778, 5560, 8222, 7075, 1778, 6671, 962, 4308, 5431, 2661, 5243, 3997, 8243, 5926, 1270, 4474, 2707, 8061, 6542, 9377, 5732, 2304, 9135, 7375, 2863, 4658, 2131, 9889, 605, 4595, 7021, 9900, 6840, 4877, 2989, 6615, 3194, 5591, 9319, 3726, 6280, 4082, 832, 288, 4293, 6724, 9033, 525, 9316, 7528, 9738, 6179, 2054, 4940, 3946, 1549, 2186, 6183, 6759, 9694, 7146, 8959, 5317, 4863, 4965, 6879, 2553, 2113, 1944, 8886, 547, 422, 4222, 2879, 3641, 8168, 3805, 4206, 9054, 1447, 2888, 6694, 3612, 5580, 4967, 4615, 2145, 6023, 1464, 3528, 1016, 2928, 5917, 2298, 1728, 2467, 8629, 2671, 7611, 3162, 6125, 4262, 5868, 5040, 7223, 6142, 6422, 2051, 8590, 7659, 7260, 5922, 1207, 9344, 9918, 6177, 6163, 566, 1686, 1211, 4212, 3371, 6802, 450, 5790, 5862, 9339, 587, 3635, 9300, 8073, 5372, 9984, 8463, 8644, 7538, 9871, 5725, 5472, 6490, 5810, 4175, 3694, 4559, 971, 7019, 7672, 5879, 5766, 2673, 1040, 1098, 5579, 329, 6934, 2480, 9355, 6254, 5716, 8378, 9576, 7489, 4593, 9483, 7313, 9891, 1346, 6049, 7511, 9704, 793, 4662, 5386, 4337, 8771, 139, 7787, 3178, 7233, 1607, 656, 8110, 3255, 9199, 7600, 5773, 3013, 8074, 3646, 9580, 4444, 5843, 7907, 6852]
[219, 723, 9568, 1443, 1000, 862, 7773, 2038, 3458, 7270, 6114, 7119, 4866, 5381, 1358, 8592, 4019, 5275, 8311, 4370, 8010, 3935, 8931, 6528, 262, 179, 5089, 7613, 1611, 4858, 6657, 3438, 9309, 363, 7978, 857, 5199, 2786, 593, 7995, 8411, 3074, 8604, 7367, 2506, 8274, 8576, 2, 1594, 9400, 2749, 1361, 9436, 9883, 5807, 9874, 34, 3978, 403, 8180, 8567, 1377, 6168, 8018, 2762, 7396, 6819, 477, 2905, 5632, 5027, 6093, 6484, 6323, 7514, 7397, 3964, 8064, 5175, 1438, 111, 6912, 468, 1350, 2147, 9773, 2202, 6721, 4904, 1112, 9006, 3345, 7962, 6606, 4051, 1588, 9173, 2528, 9703, 263, 8657, 5738, 9657, 6040, 6679, 204, 2778, 5560, 8222, 7075, 1778, 6671, 962, 4308, 5431, 2661, 5243, 3997, 8243, 5926, 1270, 4474, 2707, 8061, 6542, 9377, 5732, 2304, 9135, 7375, 2863, 4658, 2131, 9889, 605, 4595, 7021, 9900, 6840, 4877, 2989, 6615, 3194, 5591, 9319, 3726, 6280, 4082, 832, 288, 4293, 6724, 9033, 525, 9316, 7528, 9738, 6179, 2054, 4940, 3946, 1549, 2186, 6183, 6759, 9694, 7146, 8959, 5317, 4863, 4965, 6879, 2553, 2113, 1944, 8886, 547, 422, 4222, 2879, 3641, 8168, 3805, 4206, 9054, 1447, 2888, 6694, 3612, 5580, 4967, 4615, 2145, 6023, 1464, 3528, 1016, 2928, 5917, 2298, 1728, 2467, 8629, 2671, 7611, 3162, 6125, 4262, 5868, 5040, 7223, 6142, 6422, 2051, 8590, 7659, 7260, 5922, 1207, 9344, 9918, 6177, 6163, 566, 1686, 1211, 4212, 3371, 6802, 450, 5790, 5862, 9339, 587, 3635, 9300, 8073, 5372, 9984, 8463, 8644, 7538, 9871, 5725, 5472, 6490, 5810, 4175, 3694, 4559, 971, 7019, 7672, 5879, 5766, 2673, 1040, 1098, 5579, 329, 6934, 2480, 9355, 6254, 5716, 8378, 9576, 7489, 4593, 9483, 7313, 9891, 1346, 6049, 7511, 9704, 793, 4662, 5386, 4337, 8771, 139, 7787, 3178, 7233, 1607, 656, 8110, 3255, 9199, 7600, 5773, 3013, 8074, 3646, 9580, 4444, 5843, 7907, 6852]
[219, 723, 9568, 1443, 1000, 862, 7773, 2038, 3458, 7270, 6114, 7119, 4866, 5381, 1358, 8592, 4019, 5275, 8311, 4370, 8010, 3935, 8931, 6528, 262, 179, 5089, 7613, 1611, 4858, 6657, 3438, 9309, 363, 7978, 857, 5199, 2786, 593, 7995, 8411, 3074, 8604, 7367, 2506, 8274, 8576, 2, 1594, 9400, 2749, 1361, 9436, 9883, 5807, 9874, 34, 3978, 403, 8180, 8567, 1377, 6168, 8018, 2762, 7396, 6819, 477, 2905, 5632, 5027, 6093, 6484, 6323, 7514, 7397, 3964, 8064, 5175, 1438, 111, 6912, 468, 1350, 2147, 9773, 2202, 6721, 4904, 1112, 9006, 3345, 7962, 6606, 4051, 1588, 9173, 2528, 9703, 263, 8657, 5738, 9657, 6040, 6679, 204, 2778, 5560, 8222, 7075, 1778, 6671, 962, 4308, 5431, 2661, 5243, 3997, 8243, 5926, 1270, 4474, 2707, 8061, 6542, 9377, 5732, 2304, 9135, 7375, 2863, 4658, 2131, 9889, 605, 4595, 7021, 9900, 6840, 4877, 2989, 6615, 3194, 5591, 9319, 3726, 6280, 4082, 832, 288, 4293, 6724, 9033, 525, 9316, 7528, 9738, 6179, 2054, 4940, 3946, 1549, 2186, 6183, 6759, 9694, 7146, 8959, 5317, 4863, 4965, 6879, 2553, 2113, 1944, 8886, 547, 422, 4222, 2879, 3641, 8168, 3805, 4206, 9054, 1447, 2888, 6694, 3612, 5580, 4967, 4615, 2145, 6023, 1464, 3528, 1016, 2928, 5917, 2298, 1728, 2467, 8629, 2671, 7611, 3162, 6125, 4262, 5868, 5040, 7223, 6142, 6422, 2051, 8590, 7659, 7260, 5922, 1207, 9344, 9918, 6177, 6163, 566, 1686, 1211, 4212, 3371, 6802, 450, 5790, 5862, 9339, 587, 3635, 9300, 8073, 5372, 9984, 8463, 8644, 7538, 9871, 5725, 5472, 6490, 5810, 4175, 3694, 4559, 971, 7019, 7672, 5879, 5766, 2673, 1040, 1098, 5579, 329, 6934, 2480, 9355, 6254, 5716, 8378, 9576, 7489, 4593, 9483, 7313, 9891, 1346, 6049, 7511, 9704, 793, 4662, 5386, 4337, 8771, 139, 7787, 3178, 7233, 1607, 656, 8110, 3255, 9199, 7600, 5773, 3013, 8074, 3646, 9580, 4444, 5843, 7907, 6852]
[219, 723, 9568, 1443, 1000, 862, 7773, 2038, 3458, 7270, 6114, 7119, 4866, 5381, 1358, 8592, 4019, 5275, 8311, 4370, 8010, 3935, 8931, 6528, 262, 179, 5089, 7613, 1611, 4858, 6657, 3438, 9309, 363, 7978, 857, 5199, 2786, 593, 7995, 8411, 3074, 8604, 7367, 2506, 8274, 8576, 2, 1594, 9400, 2749, 1361, 9436, 9883, 5807, 9874, 34, 3978, 403, 8180, 8567, 1377, 6168, 8018, 2762, 7396, 6819, 477, 2905, 5632, 5027, 6093, 6484, 6323, 7514, 7397, 3964, 8064, 5175, 1438, 111, 6912, 468, 1350, 2147, 9773, 2202, 6721, 4904, 1112, 9006, 3345, 7962, 6606, 4051, 1588, 9173, 2528, 9703, 263, 8657, 5738, 9657, 6040, 6679, 204, 2778, 5560, 8222, 7075, 1778, 6671, 962, 4308, 5431, 2661, 5243, 3997, 8243, 5926, 1270, 4474, 2707, 8061, 6542, 9377, 5732, 2304, 9135, 7375, 2863, 4658, 2131, 9889, 605, 4595, 7021, 9900, 6840, 4877, 2989, 6615, 3194, 5591, 9319, 3726, 6280, 4082, 832, 288, 4293, 6724, 9033, 525, 9316, 7528, 9738, 6179, 2054, 4940, 3946, 1549, 2186, 6183, 6759, 9694, 7146, 8959, 5317, 4863, 4965, 6879, 2553, 2113, 1944, 8886, 547, 422, 4222, 2879, 3641, 8168, 3805, 4206, 9054, 1447, 2888, 6694, 3612, 5580, 4967, 4615, 2145, 6023, 1464, 3528, 1016, 2928, 5917, 2298, 1728, 2467, 8629, 2671, 7611, 3162, 6125, 4262, 5868, 5040, 7223, 6142, 6422, 2051, 8590, 7659, 7260, 5922, 1207, 9344, 9918, 6177, 6163, 566, 1686, 1211, 4212, 3371, 6802, 450, 5790, 5862, 9339, 587, 3635, 9300, 8073, 5372, 9984, 8463, 8644, 7538, 9871, 5725, 5472, 6490, 5810, 4175, 3694, 4559, 971, 7019, 7672, 5879, 5766, 2673, 1040, 1098, 5579, 329, 6934, 2480, 9355, 6254, 5716, 8378, 9576, 7489, 4593, 9483, 7313, 9891, 1346, 6049, 7511, 9704, 793, 4662, 5386, 4337, 8771, 139, 7787, 3178, 7233, 1607, 656, 8110, 3255, 9199, 7600, 5773, 3013, 8074, 3646, 9580, 4444, 5843, 7907, 6852]
[219, 723, 9568, 1443, 1000, 862, 7773, 2038, 3458, 7270, 6114, 7119, 4866, 5381, 1358, 8592, 4019, 5275, 8311, 4370, 8010, 3935, 8931, 6528, 262, 179, 5089, 7613, 1611, 4858, 6657, 3438, 9309, 363, 7978, 857, 5199, 2786, 593, 7995, 8411, 3074, 8604, 7367, 2506, 8274, 8576, 2, 1594, 9400, 2749, 1361, 9436, 9883, 5807, 9874, 34, 3978, 403, 8180, 8567, 1377, 6168, 8018, 2762, 7396, 6819, 477, 2905, 5632, 5027, 6093, 6484, 6323, 7514, 7397, 3964, 8064, 5175, 1438, 111, 6912, 468, 1350, 2147, 9773, 2202, 6721, 4904, 1112, 9006, 3345, 7962, 6606, 4051, 1588, 9173, 2528, 9703, 263, 8657, 5738, 9657, 6040, 6679, 204, 2778, 5560, 8222, 7075, 1778, 6671, 962, 4308, 5431, 2661, 5243, 3997, 8243, 5926, 1270, 4474, 2707, 8061, 6542, 9377, 5732, 2304, 9135, 7375, 2863, 4658, 2131, 9889, 605, 4595, 7021, 9900, 6840, 4877, 2989, 6615, 3194, 5591, 9319, 3726, 6280, 4082, 832, 288, 4293, 6724, 9033, 525, 9316, 7528, 9738, 6179, 2054, 4940, 3946, 1549, 2186, 6183, 6759, 9694, 7146, 8959, 5317, 4863, 4965, 6879, 2553, 2113, 1944, 8886, 547, 422, 4222, 2879, 3641, 8168, 3805, 4206, 9054, 1447, 2888, 6694, 3612, 5580, 4967, 4615, 2145, 6023, 1464, 3528, 1016, 2928, 5917, 2298, 1728, 2467, 8629, 2671, 7611, 3162, 6125, 4262, 5868, 5040, 7223, 6142, 6422, 2051, 8590, 7659, 7260, 5922, 1207, 9344, 9918, 6177, 6163, 566, 1686, 1211, 4212, 3371, 6802, 450, 5790, 5862, 9339, 587, 3635, 9300, 8073, 5372, 9984, 8463, 8644, 7538, 9871, 5725, 5472, 6490, 5810, 4175, 3694, 4559, 971, 7019, 7672, 5879, 5766, 2673, 1040, 1098, 5579, 329, 6934, 2480, 9355, 6254, 5716, 8378, 9576, 7489, 4593, 9483, 7313, 9891, 1346, 6049, 7511, 9704, 793, 4662, 5386, 4337, 8771, 139, 7787, 3178, 7233, 1607, 656, 8110, 3255, 9199, 7600, 5773, 3013, 8074, 3646, 9580, 4444, 5843, 7907, 6852]
[219, 723, 9568, 1443, 1000, 862, 7773, 2038, 3458, 7270, 6114, 7119, 4866, 5381, 1358, 8592, 4019, 5275, 8311, 4370, 8010, 3935, 8931, 6528, 262, 179, 5089, 7613, 1611, 4858, 6657, 3438, 9309, 363, 7978, 857, 5199, 2786, 593, 7995, 8411, 3074, 8604, 7367, 2506, 8274, 8576, 2, 1594, 9400, 2749, 1361, 9436, 9883, 5807, 9874, 34, 3978, 403, 8180, 8567, 1377, 6168, 8018, 2762, 7396, 6819, 477, 2905, 5632, 5027, 6093, 6484, 6323, 7514, 7397, 3964, 8064, 5175, 1438, 111, 6912, 468, 1350, 2147, 9773, 2202, 6721, 4904, 1112, 9006, 3345, 7962, 6606, 4051, 1588, 9173, 2528, 9703, 263, 8657, 5738, 9657, 6040, 6679, 204, 2778, 5560, 8222, 7075, 1778, 6671, 962, 4308, 5431, 2661, 5243, 3997, 8243, 5926, 1270, 4474, 2707, 8061, 6542, 9377, 5732, 2304, 9135, 7375, 2863, 4658, 2131, 9889, 605, 4595, 7021, 9900, 6840, 4877, 2989, 6615, 3194, 5591, 9319, 3726, 6280, 4082, 832, 288, 4293, 6724, 9033, 525, 9316, 7528, 9738, 6179, 2054, 4940, 3946, 1549, 2186, 6183, 6759, 9694, 7146, 8959, 5317, 4863, 4965, 6879, 2553, 2113, 1944, 8886, 547, 422, 4222, 2879, 3641, 8168, 3805, 4206, 9054, 1447, 2888, 6694, 3612, 5580, 4967, 4615, 2145, 6023, 1464, 3528, 1016, 2928, 5917, 2298, 1728, 2467, 8629, 2671, 7611, 3162, 6125, 4262, 5868, 5040, 7223, 6142, 6422, 2051, 8590, 7659, 7260, 5922, 1207, 9344, 9918, 6177, 6163, 566, 1686, 1211, 4212, 3371, 6802, 450, 5790, 5862, 9339, 587, 3635, 9300, 8073, 5372, 9984, 8463, 8644, 7538, 9871, 5725, 5472, 6490, 5810, 4175, 3694, 4559, 971, 7019, 7672, 5879, 5766, 2673, 1040, 1098, 5579, 329, 6934, 2480, 9355, 6254, 5716, 8378, 9576, 7489, 4593, 9483, 7313, 9891, 1346, 6049, 7511, 9704, 793, 4662, 5386, 4337, 8771, 139, 7787, 3178, 7233, 1607, 656, 8110, 3255, 9199, 7600, 5773, 3013, 8074, 3646, 9580, 4444, 5843, 7907, 6852]
[219, 723, 9568, 1443, 1000, 862, 7773, 2038, 3458, 7270, 6114, 7119, 4866, 5381, 1358, 8592, 4019, 5275, 8311, 4370, 8010, 3935, 8931, 6528, 262, 179, 5089, 7613, 1611, 4858, 6657, 3438, 9309, 363, 7978, 857, 5199, 2786, 593, 7995, 8411, 3074, 8604, 7367, 2506, 8274, 8576, 2, 1594, 9400, 2749, 1361, 9436, 9883, 5807, 9874, 34, 3978, 403, 8180, 8567, 1377, 6168, 8018, 2762, 7396, 6819, 477, 2905, 5632, 5027, 6093, 6484, 6323, 7514, 7397, 3964, 8064, 5175, 1438, 111, 6912, 468, 1350, 2147, 9773, 2202, 6721, 4904, 1112, 9006, 3345, 7962, 6606, 4051, 1588, 9173, 2528, 9703, 263, 8657, 5738, 9657, 6040, 6679, 204, 2778, 5560, 8222, 7075, 1778, 6671, 962, 4308, 5431, 2661, 5243, 3997, 8243, 5926, 1270, 4474, 2707, 8061, 6542, 9377, 5732, 2304, 9135, 7375, 2863, 4658, 2131, 9889, 605, 4595, 7021, 9900, 6840, 4877, 2989, 6615, 3194, 5591, 9319, 3726, 6280, 4082, 832, 288, 4293, 6724, 9033, 525, 9316, 7528, 9738, 6179, 2054, 4940, 3946, 1549, 2186, 6183, 6759, 9694, 7146, 8959, 5317, 4863, 4965, 6879, 2553, 2113, 1944, 8886, 547, 422, 4222, 2879, 3641, 8168, 3805, 4206, 9054, 1447, 2888, 6694, 3612, 5580, 4967, 4615, 2145, 6023, 1464, 3528, 1016, 2928, 5917, 2298, 1728, 2467, 8629, 2671, 7611, 3162, 6125, 4262, 5868, 5040, 7223, 6142, 6422, 2051, 8590, 7659, 7260, 5922, 1207, 9344, 9918, 6177, 6163, 566, 1686, 1211, 4212, 3371, 6802, 450, 5790, 5862, 9339, 587, 3635, 9300, 8073, 5372, 9984, 8463, 8644, 7538, 9871, 5725, 5472, 6490, 5810, 4175, 3694, 4559, 971, 7019, 7672, 5879, 5766, 2673, 1040, 1098, 5579, 329, 6934, 2480, 9355, 6254, 5716, 8378, 9576, 7489, 4593, 9483, 7313, 9891, 1346, 6049, 7511, 9704, 793, 4662, 5386, 4337, 8771, 139, 7787, 3178, 7233, 1607, 656, 8110, 3255, 9199, 7600, 5773, 3013, 8074, 3646, 9580, 4444, 5843, 7907, 6852]
[219, 723, 9568, 1443, 1000, 862, 7773, 2038, 3458, 7270, 6114, 7119, 4866, 5381, 1358, 8592, 4019, 5275, 8311, 4370, 8010, 3935, 8931, 6528, 262, 179, 5089, 7613, 1611, 4858, 6657, 3438, 9309, 363, 7978, 857, 5199, 2786, 593, 7995, 8411, 3074, 8604, 7367, 2506, 8274, 8576, 2, 1594, 9400, 2749, 1361, 9436, 9883, 5807, 9874, 34, 3978, 403, 8180, 8567, 1377, 6168, 8018, 2762, 7396, 6819, 477, 2905, 5632, 5027, 6093, 6484, 6323, 7514, 7397, 3964, 8064, 5175, 1438, 111, 6912, 468, 1350, 2147, 9773, 2202, 6721, 4904, 1112, 9006, 3345, 7962, 6606, 4051, 1588, 9173, 2528, 9703, 263, 8657, 5738, 9657, 6040, 6679, 204, 2778, 5560, 8222, 7075, 1778, 6671, 962, 4308, 5431, 2661, 5243, 3997, 8243, 5926, 1270, 4474, 2707, 8061, 6542, 9377, 5732, 2304, 9135, 7375, 2863, 4658, 2131, 9889, 605, 4595, 7021, 9900, 6840, 4877, 2989, 6615, 3194, 5591, 9319, 3726, 6280, 4082, 832, 288, 4293, 6724, 9033, 525, 9316, 7528, 9738, 6179, 2054, 4940, 3946, 1549, 2186, 6183, 6759, 9694, 7146, 8959, 5317, 4863, 4965, 6879, 2553, 2113, 1944, 8886, 547, 422, 4222, 2879, 3641, 8168, 3805, 4206, 9054, 1447, 2888, 6694, 3612, 5580, 4967, 4615, 2145, 6023, 1464, 3528, 1016, 2928, 5917, 2298, 1728, 2467, 8629, 2671, 7611, 3162, 6125, 4262, 5868, 5040, 7223, 6142, 6422, 2051, 8590, 7659, 7260, 5922, 1207, 9344, 9918, 6177, 6163, 566, 1686, 1211, 4212, 3371, 6802, 450, 5790, 5862, 9339, 587, 3635, 9300, 8073, 5372, 9984, 8463, 8644, 7538, 9871, 5725, 5472, 6490, 5810, 4175, 3694, 4559, 971, 7019, 7672, 5879, 5766, 2673, 1040, 1098, 5579, 329, 6934, 2480, 9355, 6254, 5716, 8378, 9576, 7489, 4593, 9483, 7313, 9891, 1346, 6049, 7511, 9704, 793, 4662, 5386, 4337, 8771, 139, 7787, 3178, 7233, 1607, 656, 8110, 3255, 9199, 7600, 5773, 3013, 8074, 3646, 9580, 4444, 5843, 7907, 6852]
[219, 723, 9568, 1443, 1000, 862, 7773, 2038, 3458, 7270, 6114, 7119, 4866, 5381, 1358, 8592, 4019, 5275, 8311, 4370, 8010, 3935, 8931, 6528, 262, 179, 5089, 7613, 1611, 4858, 6657, 3438, 9309, 363, 7978, 857, 5199, 2786, 593, 7995, 8411, 3074, 8604, 7367, 2506, 8274, 8576, 2, 1594, 9400, 2749, 1361, 9436, 9883, 5807, 9874, 34, 3978, 403, 8180, 8567, 1377, 6168, 8018, 2762, 7396, 6819, 477, 2905, 5632, 5027, 6093, 6484, 6323, 7514, 7397, 3964, 8064, 5175, 1438, 111, 6912, 468, 1350, 2147, 9773, 2202, 6721, 4904, 1112, 9006, 3345, 7962, 6606, 4051, 1588, 9173, 2528, 9703, 263, 8657, 5738, 9657, 6040, 6679, 204, 2778, 5560, 8222, 7075, 1778, 6671, 962, 4308, 5431, 2661, 5243, 3997, 8243, 5926, 1270, 4474, 2707, 8061, 6542, 9377, 5732, 2304, 9135, 7375, 2863, 4658, 2131, 9889, 605, 4595, 7021, 9900, 6840, 4877, 2989, 6615, 3194, 5591, 9319, 3726, 6280, 4082, 832, 288, 4293, 6724, 9033, 525, 9316, 7528, 9738, 6179, 2054, 4940, 3946, 1549, 2186, 6183, 6759, 9694, 7146, 8959, 5317, 4863, 4965, 6879, 2553, 2113, 1944, 8886, 547, 422, 4222, 2879, 3641, 8168, 3805, 4206, 9054, 1447, 2888, 6694, 3612, 5580, 4967, 4615, 2145, 6023, 1464, 3528, 1016, 2928, 5917, 2298, 1728, 2467, 8629, 2671, 7611, 3162, 6125, 4262, 5868, 5040, 7223, 6142, 6422, 2051, 8590, 7659, 7260, 5922, 1207, 9344, 9918, 6177, 6163, 566, 1686, 1211, 4212, 3371, 6802, 450, 5790, 5862, 9339, 587, 3635, 9300, 8073, 5372, 9984, 8463, 8644, 7538, 9871, 5725, 5472, 6490, 5810, 4175, 3694, 4559, 971, 7019, 7672, 5879, 5766, 2673, 1040, 1098, 5579, 329, 6934, 2480, 9355, 6254, 5716, 8378, 9576, 7489, 4593, 9483, 7313, 9891, 1346, 6049, 7511, 9704, 793, 4662, 5386, 4337, 8771, 139, 7787, 3178, 7233, 1607, 656, 8110, 3255, 9199, 7600, 5773, 3013, 8074, 3646, 9580, 4444, 5843, 7907, 6852]
[219, 723, 9568, 1443, 1000, 862, 7773, 2038, 3458, 7270, 6114, 7119, 4866, 5381, 1358, 8592, 4019, 5275, 8311, 4370, 8010, 3935, 8931, 6528, 262, 179, 5089, 7613, 1611, 4858, 6657, 3438, 9309, 363, 7978, 857, 5199, 2786, 593, 7995, 8411, 3074, 8604, 7367, 2506, 8274, 8576, 2, 1594, 9400, 2749, 1361, 9436, 9883, 5807, 9874, 34, 3978, 403, 8180, 8567, 1377, 6168, 8018, 2762, 7396, 6819, 477, 2905, 5632, 5027, 6093, 6484, 6323, 7514, 7397, 3964, 8064, 5175, 1438, 111, 6912, 468, 1350, 2147, 9773, 2202, 6721, 4904, 1112, 9006, 3345, 7962, 6606, 4051, 1588, 9173, 2528, 9703, 263, 8657, 5738, 9657, 6040, 6679, 204, 2778, 5560, 8222, 7075, 1778, 6671, 962, 4308, 5431, 2661, 5243, 3997, 8243, 5926, 1270, 4474, 2707, 8061, 6542, 9377, 5732, 2304, 9135, 7375, 2863, 4658, 2131, 9889, 605, 4595, 7021, 9900, 6840, 4877, 2989, 6615, 3194, 5591, 9319, 3726, 6280, 4082, 832, 288, 4293, 6724, 9033, 525, 9316, 7528, 9738, 6179, 2054, 4940, 3946, 1549, 2186, 6183, 6759, 9694, 7146, 8959, 5317, 4863, 4965, 6879, 2553, 2113, 1944, 8886, 547, 422, 4222, 2879, 3641, 8168, 3805, 4206, 9054, 1447, 2888, 6694, 3612, 5580, 4967, 4615, 2145, 6023, 1464, 3528, 1016, 2928, 5917, 2298, 1728, 2467, 8629, 2671, 7611, 3162, 6125, 4262, 5868, 5040, 7223, 6142, 6422, 2051, 8590, 7659, 7260, 5922, 1207, 9344, 9918, 6177, 6163, 566, 1686, 1211, 4212, 3371, 6802, 450, 5790, 5862, 9339, 587, 3635, 9300, 8073, 5372, 9984, 8463, 8644, 7538, 9871, 5725, 5472, 6490, 5810, 4175, 3694, 4559, 971, 7019, 7672, 5879, 5766, 2673, 1040, 1098, 5579, 329, 6934, 2480, 9355, 6254, 5716, 8378, 9576, 7489, 4593, 9483, 7313, 9891, 1346, 6049, 7511, 9704, 793, 4662, 5386, 4337, 8771, 139, 7787, 3178, 7233, 1607, 656, 8110, 3255, 9199, 7600, 5773, 3013, 8074, 3646, 9580, 4444, 5843, 7907, 6852]
[219, 723, 9568, 1443, 1000, 862, 7773, 2038, 3458, 7270, 6114, 7119, 4866, 5381, 1358, 8592, 4019, 5275, 8311, 4370, 8010, 3935, 8931, 6528, 262, 179, 5089, 7613, 1611, 4858, 6657, 3438, 9309, 363, 7978, 857, 5199, 2786, 593, 7995, 8411, 3074, 8604, 7367, 2506, 8274, 8576, 2, 1594, 9400, 2749, 1361, 9436, 9883, 5807, 9874, 34, 3978, 403, 8180, 8567, 1377, 6168, 8018, 2762, 7396, 6819, 477, 2905, 5632, 5027, 6093, 6484, 6323, 7514, 7397, 3964, 8064, 5175, 1438, 111, 6912, 468, 1350, 2147, 9773, 2202, 6721, 4904, 1112, 9006, 3345, 7962, 6606, 4051, 1588, 9173, 2528, 9703, 263, 8657, 5738, 9657, 6040, 6679, 204, 2778, 5560, 8222, 7075, 1778, 6671, 962, 4308, 5431, 2661, 5243, 3997, 8243, 5926, 1270, 4474, 2707, 8061, 6542, 9377, 5732, 2304, 9135, 7375, 2863, 4658, 2131, 9889, 605, 4595, 7021, 9900, 6840, 4877, 2989, 6615, 3194, 5591, 9319, 3726, 6280, 4082, 832, 288, 4293, 6724, 9033, 525, 9316, 7528, 9738, 6179, 2054, 4940, 3946, 1549, 2186, 6183, 6759, 9694, 7146, 8959, 5317, 4863, 4965, 6879, 2553, 2113, 1944, 8886, 547, 422, 4222, 2879, 3641, 8168, 3805, 4206, 9054, 1447, 2888, 6694, 3612, 5580, 4967, 4615, 2145, 6023, 1464, 3528, 1016, 2928, 5917, 2298, 1728, 2467, 8629, 2671, 7611, 3162, 6125, 4262, 5868, 5040, 7223, 6142, 6422, 2051, 8590, 7659, 7260, 5922, 1207, 9344, 9918, 6177, 6163, 566, 1686, 1211, 4212, 3371, 6802, 450, 5790, 5862, 9339, 587, 3635, 9300, 8073, 5372, 9984, 8463, 8644, 7538, 9871, 5725, 5472, 6490, 5810, 4175, 3694, 4559, 971, 7019, 7672, 5879, 5766, 2673, 1040, 1098, 5579, 329, 6934, 2480, 9355, 6254, 5716, 8378, 9576, 7489, 4593, 9483, 7313, 9891, 1346, 6049, 7511, 9704, 793, 4662, 5386, 4337, 8771, 139, 7787, 3178, 7233, 1607, 656, 8110, 3255, 9199, 7600, 5773, 3013, 8074, 3646, 9580, 4444, 5843, 7907, 6852]
[219, 723, 9568, 1443, 1000, 862, 7773, 2038, 3458, 7270, 6114, 7119, 4866, 5381, 1358, 8592, 4019, 5275, 8311, 4370, 8010, 3935, 8931, 6528, 262, 179, 5089, 7613, 1611, 4858, 6657, 3438, 9309, 363, 7978, 857, 5199, 2786, 593, 7995, 8411, 3074, 8604, 7367, 2506, 8274, 8576, 2, 1594, 9400, 2749, 1361, 9436, 9883, 5807, 9874, 34, 3978, 403, 8180, 8567, 1377, 6168, 8018, 2762, 7396, 6819, 477, 2905, 5632, 5027, 6093, 6484, 6323, 7514, 7397, 3964, 8064, 5175, 1438, 111, 6912, 468, 1350, 2147, 9773, 2202, 6721, 4904, 1112, 9006, 3345, 7962, 6606, 4051, 1588, 9173, 2528, 9703, 263, 8657, 5738, 9657, 6040, 6679, 204, 2778, 5560, 8222, 7075, 1778, 6671, 962, 4308, 5431, 2661, 5243, 3997, 8243, 5926, 1270, 4474, 2707, 8061, 6542, 9377, 5732, 2304, 9135, 7375, 2863, 4658, 2131, 9889, 605, 4595, 7021, 9900, 6840, 4877, 2989, 6615, 3194, 5591, 9319, 3726, 6280, 4082, 832, 288, 4293, 6724, 9033, 525, 9316, 7528, 9738, 6179, 2054, 4940, 3946, 1549, 2186, 6183, 6759, 9694, 7146, 8959, 5317, 4863, 4965, 6879, 2553, 2113, 1944, 8886, 547, 422, 4222, 2879, 3641, 8168, 3805, 4206, 9054, 1447, 2888, 6694, 3612, 5580, 4967, 4615, 2145, 6023, 1464, 3528, 1016, 2928, 5917, 2298, 1728, 2467, 8629, 2671, 7611, 3162, 6125, 4262, 5868, 5040, 7223, 6142, 6422, 2051, 8590, 7659, 7260, 5922, 1207, 9344, 9918, 6177, 6163, 566, 1686, 1211, 4212, 3371, 6802, 450, 5790, 5862, 9339, 587, 3635, 9300, 8073, 5372, 9984, 8463, 8644, 7538, 9871, 5725, 5472, 6490, 5810, 4175, 3694, 4559, 971, 7019, 7672, 5879, 5766, 2673, 1040, 1098, 5579, 329, 6934, 2480, 9355, 6254, 5716, 8378, 9576, 7489, 4593, 9483, 7313, 9891, 1346, 6049, 7511, 9704, 793, 4662, 5386, 4337, 8771, 139, 7787, 3178, 7233, 1607, 656, 8110, 3255, 9199, 7600, 5773, 3013, 8074, 3646, 9580, 4444, 5843, 7907, 6852]
[219, 723, 9568, 1443, 1000, 862, 7773, 2038, 3458, 7270, 6114, 7119, 4866, 5381, 1358, 8592, 4019, 5275, 8311, 4370, 8010, 3935, 8931, 6528, 262, 179, 5089, 7613, 1611, 4858, 6657, 3438, 9309, 363, 7978, 857, 5199, 2786, 593, 7995, 8411, 3074, 8604, 7367, 2506, 8274, 8576, 2, 1594, 9400, 2749, 1361, 9436, 9883, 5807, 9874, 34, 3978, 403, 8180, 8567, 1377, 6168, 8018, 2762, 7396, 6819, 477, 2905, 5632, 5027, 6093, 6484, 6323, 7514, 7397, 3964, 8064, 5175, 1438, 111, 6912, 468, 1350, 2147, 9773, 2202, 6721, 4904, 1112, 9006, 3345, 7962, 6606, 4051, 1588, 9173, 2528, 9703, 263, 8657, 5738, 9657, 6040, 6679, 204, 2778, 5560, 8222, 7075, 1778, 6671, 962, 4308, 5431, 2661, 5243, 3997, 8243, 5926, 1270, 4474, 2707, 8061, 6542, 9377, 5732, 2304, 9135, 7375, 2863, 4658, 2131, 9889, 605, 4595, 7021, 9900, 6840, 4877, 2989, 6615, 3194, 5591, 9319, 3726, 6280, 4082, 832, 288, 4293, 6724, 9033, 525, 9316, 7528, 9738, 6179, 2054, 4940, 3946, 1549, 2186, 6183, 6759, 9694, 7146, 8959, 5317, 4863, 4965, 6879, 2553, 2113, 1944, 8886, 547, 422, 4222, 2879, 3641, 8168, 3805, 4206, 9054, 1447, 2888, 6694, 3612, 5580, 4967, 4615, 2145, 6023, 1464, 3528, 1016, 2928, 5917, 2298, 1728, 2467, 8629, 2671, 7611, 3162, 6125, 4262, 5868, 5040, 7223, 6142, 6422, 2051, 8590, 7659, 7260, 5922, 1207, 9344, 9918, 6177, 6163, 566, 1686, 1211, 4212, 3371, 6802, 450, 5790, 5862, 9339, 587, 3635, 9300, 8073, 5372, 9984, 8463, 8644, 7538, 9871, 5725, 5472, 6490, 5810, 4175, 3694, 4559, 971, 7019, 7672, 5879, 5766, 2673, 1040, 1098, 5579, 329, 6934, 2480, 9355, 6254, 5716, 8378, 9576, 7489, 4593, 9483, 7313, 9891, 1346, 6049, 7511, 9704, 793, 4662, 5386, 4337, 8771, 139, 7787, 3178, 7233, 1607, 656, 8110, 3255, 9199, 7600, 5773, 3013, 8074, 3646, 9580, 4444, 5843, 7907, 6852]
[219, 723, 9568, 1443, 1000, 862, 7773, 2038, 3458, 7270, 6114, 7119, 4866, 5381, 1358, 8592, 4019, 5275, 8311, 4370, 8010, 3935, 8931, 6528, 262, 179, 5089, 7613, 1611, 4858, 6657, 3438, 9309, 363, 7978, 857, 5199, 2786, 593, 7995, 8411, 3074, 8604, 7367, 2506, 8274, 8576, 2, 1594, 9400, 2749, 1361, 9436, 9883, 5807, 9874, 34, 3978, 403, 8180, 8567, 1377, 6168, 8018, 2762, 7396, 6819, 477, 2905, 5632, 5027, 6093, 6484, 6323, 7514, 7397, 3964, 8064, 5175, 1438, 111, 6912, 468, 1350, 2147, 9773, 2202, 6721, 4904, 1112, 9006, 3345, 7962, 6606, 4051, 1588, 9173, 2528, 9703, 263, 8657, 5738, 9657, 6040, 6679, 204, 2778, 5560, 8222, 7075, 1778, 6671, 962, 4308, 5431, 2661, 5243, 3997, 8243, 5926, 1270, 4474, 2707, 8061, 6542, 9377, 5732, 2304, 9135, 7375, 2863, 4658, 2131, 9889, 605, 4595, 7021, 9900, 6840, 4877, 2989, 6615, 3194, 5591, 9319, 3726, 6280, 4082, 832, 288, 4293, 6724, 9033, 525, 9316, 7528, 9738, 6179, 2054, 4940, 3946, 1549, 2186, 6183, 6759, 9694, 7146, 8959, 5317, 4863, 4965, 6879, 2553, 2113, 1944, 8886, 547, 422, 4222, 2879, 3641, 8168, 3805, 4206, 9054, 1447, 2888, 6694, 3612, 5580, 4967, 4615, 2145, 6023, 1464, 3528, 1016, 2928, 5917, 2298, 1728, 2467, 8629, 2671, 7611, 3162, 6125, 4262, 5868, 5040, 7223, 6142, 6422, 2051, 8590, 7659, 7260, 5922, 1207, 9344, 9918, 6177, 6163, 566, 1686, 1211, 4212, 3371, 6802, 450, 5790, 5862, 9339, 587, 3635, 9300, 8073, 5372, 9984, 8463, 8644, 7538, 9871, 5725, 5472, 6490, 5810, 4175, 3694, 4559, 971, 7019, 7672, 5879, 5766, 2673, 1040, 1098, 5579, 329, 6934, 2480, 9355, 6254, 5716, 8378, 9576, 7489, 4593, 9483, 7313, 9891, 1346, 6049, 7511, 9704, 793, 4662, 5386, 4337, 8771, 139, 7787, 3178, 7233, 1607, 656, 8110, 3255, 9199, 7600, 5773, 3013, 8074, 3646, 9580, 4444, 5843, 7907, 6852]
[219, 723, 9568, 1443, 1000, 862, 7773, 2038, 3458, 7270, 6114, 7119, 4866, 5381, 1358, 8592, 4019, 5275, 8311, 4370, 8010, 3935, 8931, 6528, 262, 179, 5089, 7613, 1611, 4858, 6657, 3438, 9309, 363, 7978, 857, 5199, 2786, 593, 7995, 8411, 3074, 8604, 7367, 2506, 8274, 8576, 2, 1594, 9400, 2749, 1361, 9436, 9883, 5807, 9874, 34, 3978, 403, 8180, 8567, 1377, 6168, 8018, 2762, 7396, 6819, 477, 2905, 5632, 5027, 6093, 6484, 6323, 7514, 7397, 3964, 8064, 5175, 1438, 111, 6912, 468, 1350, 2147, 9773, 2202, 6721, 4904, 1112, 9006, 3345, 7962, 6606, 4051, 1588, 9173, 2528, 9703, 263, 8657, 5738, 9657, 6040, 6679, 204, 2778, 5560, 8222, 7075, 1778, 6671, 962, 4308, 5431, 2661, 5243, 3997, 8243, 5926, 1270, 4474, 2707, 8061, 6542, 9377, 5732, 2304, 9135, 7375, 2863, 4658, 2131, 9889, 605, 4595, 7021, 9900, 6840, 4877, 2989, 6615, 3194, 5591, 9319, 3726, 6280, 4082, 832, 288, 4293, 6724, 9033, 525, 9316, 7528, 9738, 6179, 2054, 4940, 3946, 1549, 2186, 6183, 6759, 9694, 7146, 8959, 5317, 4863, 4965, 6879, 2553, 2113, 1944, 8886, 547, 422, 4222, 2879, 3641, 8168, 3805, 4206, 9054, 1447, 2888, 6694, 3612, 5580, 4967, 4615, 2145, 6023, 1464, 3528, 1016, 2928, 5917, 2298, 1728, 2467, 8629, 2671, 7611, 3162, 6125, 4262, 5868, 5040, 7223, 6142, 6422, 2051, 8590, 7659, 7260, 5922, 1207, 9344, 9918, 6177, 6163, 566, 1686, 1211, 4212, 3371, 6802, 450, 5790, 5862, 9339, 587, 3635, 9300, 8073, 5372, 9984, 8463, 8644, 7538, 9871, 5725, 5472, 6490, 5810, 4175, 3694, 4559, 971, 7019, 7672, 5879, 5766, 2673, 1040, 1098, 5579, 329, 6934, 2480, 9355, 6254, 5716, 8378, 9576, 7489, 4593, 9483, 7313, 9891, 1346, 6049, 7511, 9704, 793, 4662, 5386, 4337, 8771, 139, 7787, 3178, 7233, 1607, 656, 8110, 3255, 9199, 7600, 5773, 3013, 8074, 3646, 9580, 4444, 5843, 7907, 6852]
[219, 723, 9568, 1443, 1000, 862, 7773, 2038, 3458, 7270, 6114, 7119, 4866, 5381, 1358, 8592, 4019, 5275, 8311, 4370, 8010, 3935, 8931, 6528, 262, 179, 5089, 7613, 1611, 4858, 6657, 3438, 9309, 363, 7978, 857, 5199, 2786, 593, 7995, 8411, 3074, 8604, 7367, 2506, 8274, 8576, 2, 1594, 9400, 2749, 1361, 9436, 9883, 5807, 9874, 34, 3978, 403, 8180, 8567, 1377, 6168, 8018, 2762, 7396, 6819, 477, 2905, 5632, 5027, 6093, 6484, 6323, 7514, 7397, 3964, 8064, 5175, 1438, 111, 6912, 468, 1350, 2147, 9773, 2202, 6721, 4904, 1112, 9006, 3345, 7962, 6606, 4051, 1588, 9173, 2528, 9703, 263, 8657, 5738, 9657, 6040, 6679, 204, 2778, 5560, 8222, 7075, 1778, 6671, 962, 4308, 5431, 2661, 5243, 3997, 8243, 5926, 1270, 4474, 2707, 8061, 6542, 9377, 5732, 2304, 9135, 7375, 2863, 4658, 2131, 9889, 605, 4595, 7021, 9900, 6840, 4877, 2989, 6615, 3194, 5591, 9319, 3726, 6280, 4082, 832, 288, 4293, 6724, 9033, 525, 9316, 7528, 9738, 6179, 2054, 4940, 3946, 1549, 2186, 6183, 6759, 9694, 7146, 8959, 5317, 4863, 4965, 6879, 2553, 2113, 1944, 8886, 547, 422, 4222, 2879, 3641, 8168, 3805, 4206, 9054, 1447, 2888, 6694, 3612, 5580, 4967, 4615, 2145, 6023, 1464, 3528, 1016, 2928, 5917, 2298, 1728, 2467, 8629, 2671, 7611, 3162, 6125, 4262, 5868, 5040, 7223, 6142, 6422, 2051, 8590, 7659, 7260, 5922, 1207, 9344, 9918, 6177, 6163, 566, 1686, 1211, 4212, 3371, 6802, 450, 5790, 5862, 9339, 587, 3635, 9300, 8073, 5372, 9984, 8463, 8644, 7538, 9871, 5725, 5472, 6490, 5810, 4175, 3694, 4559, 971, 7019, 7672, 5879, 5766, 2673, 1040, 1098, 5579, 329, 6934, 2480, 9355, 6254, 5716, 8378, 9576, 7489, 4593, 9483, 7313, 9891, 1346, 6049, 7511, 9704, 793, 4662, 5386, 4337, 8771, 139, 7787, 3178, 7233, 1607, 656, 8110, 3255, 9199, 7600, 5773, 3013, 8074, 3646, 9580, 4444, 5843, 7907, 6852]
[219, 723, 9568, 1443, 1000, 862, 7773, 2038, 3458, 7270, 6114, 7119, 4866, 5381, 1358, 8592, 4019, 5275, 8311, 4370, 8010, 3935, 8931, 6528, 262, 179, 5089, 7613, 1611, 4858, 6657, 3438, 9309, 363, 7978, 857, 5199, 2786, 593, 7995, 8411, 3074, 8604, 7367, 2506, 8274, 8576, 2, 1594, 9400, 2749, 1361, 9436, 9883, 5807, 9874, 34, 3978, 403, 8180, 8567, 1377, 6168, 8018, 2762, 7396, 6819, 477, 2905, 5632, 5027, 6093, 6484, 6323, 7514, 7397, 3964, 8064, 5175, 1438, 111, 6912, 468, 1350, 2147, 9773, 2202, 6721, 4904, 1112, 9006, 3345, 7962, 6606, 4051, 1588, 9173, 2528, 9703, 263, 8657, 5738, 9657, 6040, 6679, 204, 2778, 5560, 8222, 7075, 1778, 6671, 962, 4308, 5431, 2661, 5243, 3997, 8243, 5926, 1270, 4474, 2707, 8061, 6542, 9377, 5732, 2304, 9135, 7375, 2863, 4658, 2131, 9889, 605, 4595, 7021, 9900, 6840, 4877, 2989, 6615, 3194, 5591, 9319, 3726, 6280, 4082, 832, 288, 4293, 6724, 9033, 525, 9316, 7528, 9738, 6179, 2054, 4940, 3946, 1549, 2186, 6183, 6759, 9694, 7146, 8959, 5317, 4863, 4965, 6879, 2553, 2113, 1944, 8886, 547, 422, 4222, 2879, 3641, 8168, 3805, 4206, 9054, 1447, 2888, 6694, 3612, 5580, 4967, 4615, 2145, 6023, 1464, 3528, 1016, 2928, 5917, 2298, 1728, 2467, 8629, 2671, 7611, 3162, 6125, 4262, 5868, 5040, 7223, 6142, 6422, 2051, 8590, 7659, 7260, 5922, 1207, 9344, 9918, 6177, 6163, 566, 1686, 1211, 4212, 3371, 6802, 450, 5790, 5862, 9339, 587, 3635, 9300, 8073, 5372, 9984, 8463, 8644, 7538, 9871, 5725, 5472, 6490, 5810, 4175, 3694, 4559, 971, 7019, 7672, 5879, 5766, 2673, 1040, 1098, 5579, 329, 6934, 2480, 9355, 6254, 5716, 8378, 9576, 7489, 4593, 9483, 7313, 9891, 1346, 6049, 7511, 9704, 793, 4662, 5386, 4337, 8771, 139, 7787, 3178, 7233, 1607, 656, 8110, 3255, 9199, 7600, 5773, 3013, 8074, 3646, 9580, 4444, 5843, 7907, 6852]
[219, 723, 9568, 1443, 1000, 862, 7773, 2038, 3458, 7270, 6114, 7119, 4866, 5381, 1358, 8592, 4019, 5275, 8311, 4370, 8010, 3935, 8931, 6528, 262, 179, 5089, 7613, 1611, 4858, 6657, 3438, 9309, 363, 7978, 857, 5199, 2786, 593, 7995, 8411, 3074, 8604, 7367, 2506, 8274, 8576, 2, 1594, 9400, 2749, 1361, 9436, 9883, 5807, 9874, 34, 3978, 403, 8180, 8567, 1377, 6168, 8018, 2762, 7396, 6819, 477, 2905, 5632, 5027, 6093, 6484, 6323, 7514, 7397, 3964, 8064, 5175, 1438, 111, 6912, 468, 1350, 2147, 9773, 2202, 6721, 4904, 1112, 9006, 3345, 7962, 6606, 4051, 1588, 9173, 2528, 9703, 263, 8657, 5738, 9657, 6040, 6679, 204, 2778, 5560, 8222, 7075, 1778, 6671, 962, 4308, 5431, 2661, 5243, 3997, 8243, 5926, 1270, 4474, 2707, 8061, 6542, 9377, 5732, 2304, 9135, 7375, 2863, 4658, 2131, 9889, 605, 4595, 7021, 9900, 6840, 4877, 2989, 6615, 3194, 5591, 9319, 3726, 6280, 4082, 832, 288, 4293, 6724, 9033, 525, 9316, 7528, 9738, 6179, 2054, 4940, 3946, 1549, 2186, 6183, 6759, 9694, 7146, 8959, 5317, 4863, 4965, 6879, 2553, 2113, 1944, 8886, 547, 422, 4222, 2879, 3641, 8168, 3805, 4206, 9054, 1447, 2888, 6694, 3612, 5580, 4967, 4615, 2145, 6023, 1464, 3528, 1016, 2928, 5917, 2298, 1728, 2467, 8629, 2671, 7611, 3162, 6125, 4262, 5868, 5040, 7223, 6142, 6422, 2051, 8590, 7659, 7260, 5922, 1207, 9344, 9918, 6177, 6163, 566, 1686, 1211, 4212, 3371, 6802, 450, 5790, 5862, 9339, 587, 3635, 9300, 8073, 5372, 9984, 8463, 8644, 7538, 9871, 5725, 5472, 6490, 5810, 4175, 3694, 4559, 971, 7019, 7672, 5879, 5766, 2673, 1040, 1098, 5579, 329, 6934, 2480, 9355, 6254, 5716, 8378, 9576, 7489, 4593, 9483, 7313, 9891, 1346, 6049, 7511, 9704, 793, 4662, 5386, 4337, 8771, 139, 7787, 3178, 7233, 1607, 656, 8110, 3255, 9199, 7600, 5773, 3013, 8074, 3646, 9580, 4444, 5843, 7907, 6852]
[219, 723, 9568, 1443, 1000, 862, 7773, 2038, 3458, 7270, 6114, 7119, 4866, 5381, 1358, 8592, 4019, 5275, 8311, 4370, 8010, 3935, 8931, 6528, 262, 179, 5089, 7613, 1611, 4858, 6657, 3438, 9309, 363, 7978, 857, 5199, 2786, 593, 7995, 8411, 3074, 8604, 7367, 2506, 8274, 8576, 2, 1594, 9400, 2749, 1361, 9436, 9883, 5807, 9874, 34, 3978, 403, 8180, 8567, 1377, 6168, 8018, 2762, 7396, 6819, 477, 2905, 5632, 5027, 6093, 6484, 6323, 7514, 7397, 3964, 8064, 5175, 1438, 111, 6912, 468, 1350, 2147, 9773, 2202, 6721, 4904, 1112, 9006, 3345, 7962, 6606, 4051, 1588, 9173, 2528, 9703, 263, 8657, 5738, 9657, 6040, 6679, 204, 2778, 5560, 8222, 7075, 1778, 6671, 962, 4308, 5431, 2661, 5243, 3997, 8243, 5926, 1270, 4474, 2707, 8061, 6542, 9377, 5732, 2304, 9135, 7375, 2863, 4658, 2131, 9889, 605, 4595, 7021, 9900, 6840, 4877, 2989, 6615, 3194, 5591, 9319, 3726, 6280, 4082, 832, 288, 4293, 6724, 9033, 525, 9316, 7528, 9738, 6179, 2054, 4940, 3946, 1549, 2186, 6183, 6759, 9694, 7146, 8959, 5317, 4863, 4965, 6879, 2553, 2113, 1944, 8886, 547, 422, 4222, 2879, 3641, 8168, 3805, 4206, 9054, 1447, 2888, 6694, 3612, 5580, 4967, 4615, 2145, 6023, 1464, 3528, 1016, 2928, 5917, 2298, 1728, 2467, 8629, 2671, 7611, 3162, 6125, 4262, 5868, 5040, 7223, 6142, 6422, 2051, 8590, 7659, 7260, 5922, 1207, 9344, 9918, 6177, 6163, 566, 1686, 1211, 4212, 3371, 6802, 450, 5790, 5862, 9339, 587, 3635, 9300, 8073, 5372, 9984, 8463, 8644, 7538, 9871, 5725, 5472, 6490, 5810, 4175, 3694, 4559, 971, 7019, 7672, 5879, 5766, 2673, 1040, 1098, 5579, 329, 6934, 2480, 9355, 6254, 5716, 8378, 9576, 7489, 4593, 9483, 7313, 9891, 1346, 6049, 7511, 9704, 793, 4662, 5386, 4337, 8771, 139, 7787, 3178, 7233, 1607, 656, 8110, 3255, 9199, 7600, 5773, 3013, 8074, 3646, 9580, 4444, 5843, 7907, 6852]
[219, 723, 9568, 1443, 1000, 862, 7773, 2038, 3458, 7270, 6114, 7119, 4866, 5381, 1358, 8592, 4019, 5275, 8311, 4370, 8010, 3935, 8931, 6528, 262, 179, 5089, 7613, 1611, 4858, 6657, 3438, 9309, 363, 7978, 857, 5199, 2786, 593, 7995, 8411, 3074, 8604, 7367, 2506, 8274, 8576, 2, 1594, 9400, 2749, 1361, 9436, 9883, 5807, 9874, 34, 3978, 403, 8180, 8567, 1377, 6168, 8018, 2762, 7396, 6819, 477, 2905, 5632, 5027, 6093, 6484, 6323, 7514, 7397, 3964, 8064, 5175, 1438, 111, 6912, 468, 1350, 2147, 9773, 2202, 6721, 4904, 1112, 9006, 3345, 7962, 6606, 4051, 1588, 9173, 2528, 9703, 263, 8657, 5738, 9657, 6040, 6679, 204, 2778, 5560, 8222, 7075, 1778, 6671, 962, 4308, 5431, 2661, 5243, 3997, 8243, 5926, 1270, 4474, 2707, 8061, 6542, 9377, 5732, 2304, 9135, 7375, 2863, 4658, 2131, 9889, 605, 4595, 7021, 9900, 6840, 4877, 2989, 6615, 3194, 5591, 9319, 3726, 6280, 4082, 832, 288, 4293, 6724, 9033, 525, 9316, 7528, 9738, 6179, 2054, 4940, 3946, 1549, 2186, 6183, 6759, 9694, 7146, 8959, 5317, 4863, 4965, 6879, 2553, 2113, 1944, 8886, 547, 422, 4222, 2879, 3641, 8168, 3805, 4206, 9054, 1447, 2888, 6694, 3612, 5580, 4967, 4615, 2145, 6023, 1464, 3528, 1016, 2928, 5917, 2298, 1728, 2467, 8629, 2671, 7611, 3162, 6125, 4262, 5868, 5040, 7223, 6142, 6422, 2051, 8590, 7659, 7260, 5922, 1207, 9344, 9918, 6177, 6163, 566, 1686, 1211, 4212, 3371, 6802, 450, 5790, 5862, 9339, 587, 3635, 9300, 8073, 5372, 9984, 8463, 8644, 7538, 9871, 5725, 5472, 6490, 5810, 4175, 3694, 4559, 971, 7019, 7672, 5879, 5766, 2673, 1040, 1098, 5579, 329, 6934, 2480, 9355, 6254, 5716, 8378, 9576, 7489, 4593, 9483, 7313, 9891, 1346, 6049, 7511, 9704, 793, 4662, 5386, 4337, 8771, 139, 7787, 3178, 7233, 1607, 656, 8110, 3255, 9199, 7600, 5773, 3013, 8074, 3646, 9580, 4444, 5843, 7907, 6852]
