Fault List:
34
34
34
34
34
34
34
34
34
34
34
34
34
34
34
34
34
34
34
34
34
34
34
34
34
34
34
34
34
34
FDR List:
0.3695652173913043
0.3695652173913043
0.3695652173913043
0.3695652173913043
0.3695652173913043
0.3695652173913043
0.3695652173913043
0.3695652173913043
0.3695652173913043
0.3695652173913043
0.3695652173913043
0.3695652173913043
0.3695652173913043
0.3695652173913043
0.3695652173913043
0.3695652173913043
0.3695652173913043
0.3695652173913043
0.3695652173913043
0.3695652173913043
0.3695652173913043
0.3695652173913043
0.3695652173913043
0.3695652173913043
0.3695652173913043
0.3695652173913043
0.3695652173913043
0.3695652173913043
0.3695652173913043
0.3695652173913043
Time List:
0.15545105934143066
0.24061989784240723
0.2432420253753662
0.2060389518737793
0.19225597381591797
0.19806289672851562
0.18093013763427734
0.21280384063720703
0.18681001663208008
0.19586491584777832
0.2029709815979004
0.20160174369812012
0.17818999290466309
0.1741330623626709
0.17913389205932617
0.15142011642456055
0.2467350959777832
0.30556511878967285
0.20894527435302734
0.2254939079284668
0.20097589492797852
0.19691205024719238
0.17470192909240723
0.17821812629699707
0.19586706161499023
0.19844293594360352
0.1953568458557129
0.1443798542022705
0.18145489692687988
0.20189476013183594
Subset List:
[8657, 694, 9657, 2671, 6679, 8609, 7773, 5560, 3458, 5040, 1778, 6671, 4866, 5381, 1358, 2661, 2824, 5275, 9240, 240, 9918, 3935, 4232, 8227, 262, 9377, 4039, 7613, 9135, 7733, 4994, 7435, 574, 9889, 4439, 9300, 8073, 9900, 593, 4877, 5342, 6684, 5112, 7367, 2506, 8274, 6280, 4175, 1594, 288, 4028, 7019, 7672, 9524, 5807, 2673, 1898, 1098, 4987, 8877, 630, 1377, 9355, 6254, 4906, 7396, 7146, 2878, 4593, 5632, 7251, 6393, 1346, 9412, 7511, 1934, 3964, 422, 8319, 9385, 6094, 8168, 7787, 1350, 7233, 9773, 656, 6694, 4904, 1112, 921, 4615, 8191, 6023, 3646, 8060, 4444, 2528, 5917, 6852]
[8657, 694, 9657, 2671, 6679, 8609, 7773, 5560, 3458, 5040, 1778, 6671, 4866, 5381, 1358, 2661, 2824, 5275, 9240, 240, 9918, 3935, 4232, 8227, 262, 9377, 4039, 7613, 9135, 7733, 4994, 7435, 574, 9889, 4439, 9300, 8073, 9900, 593, 4877, 5342, 6684, 5112, 7367, 2506, 8274, 6280, 4175, 1594, 288, 4028, 7019, 7672, 9524, 5807, 2673, 1898, 1098, 4987, 8877, 630, 1377, 9355, 6254, 4906, 7396, 7146, 2878, 4593, 5632, 7251, 6393, 1346, 9412, 7511, 1934, 3964, 422, 8319, 9385, 6094, 8168, 7787, 1350, 7233, 9773, 656, 6694, 4904, 1112, 921, 4615, 8191, 6023, 3646, 8060, 4444, 2528, 5917, 6852]
[8657, 694, 9657, 2671, 6679, 8609, 7773, 5560, 3458, 5040, 1778, 6671, 4866, 5381, 1358, 2661, 2824, 5275, 9240, 240, 9918, 3935, 4232, 8227, 262, 9377, 4039, 7613, 9135, 7733, 4994, 7435, 574, 9889, 4439, 9300, 8073, 9900, 593, 4877, 5342, 6684, 5112, 7367, 2506, 8274, 6280, 4175, 1594, 288, 4028, 7019, 7672, 9524, 5807, 2673, 1898, 1098, 4987, 8877, 630, 1377, 9355, 6254, 4906, 7396, 7146, 2878, 4593, 5632, 7251, 6393, 1346, 9412, 7511, 1934, 3964, 422, 8319, 9385, 6094, 8168, 7787, 1350, 7233, 9773, 656, 6694, 4904, 1112, 921, 4615, 8191, 6023, 3646, 8060, 4444, 2528, 5917, 6852]
[8657, 694, 9657, 2671, 6679, 8609, 7773, 5560, 3458, 5040, 1778, 6671, 4866, 5381, 1358, 2661, 2824, 5275, 9240, 240, 9918, 3935, 4232, 8227, 262, 9377, 4039, 7613, 9135, 7733, 4994, 7435, 574, 9889, 4439, 9300, 8073, 9900, 593, 4877, 5342, 6684, 5112, 7367, 2506, 8274, 6280, 4175, 1594, 288, 4028, 7019, 7672, 9524, 5807, 2673, 1898, 1098, 4987, 8877, 630, 1377, 9355, 6254, 4906, 7396, 7146, 2878, 4593, 5632, 7251, 6393, 1346, 9412, 7511, 1934, 3964, 422, 8319, 9385, 6094, 8168, 7787, 1350, 7233, 9773, 656, 6694, 4904, 1112, 921, 4615, 8191, 6023, 3646, 8060, 4444, 2528, 5917, 6852]
[8657, 694, 9657, 2671, 6679, 8609, 7773, 5560, 3458, 5040, 1778, 6671, 4866, 5381, 1358, 2661, 2824, 5275, 9240, 240, 9918, 3935, 4232, 8227, 262, 9377, 4039, 7613, 9135, 7733, 4994, 7435, 574, 9889, 4439, 9300, 8073, 9900, 593, 4877, 5342, 6684, 5112, 7367, 2506, 8274, 6280, 4175, 1594, 288, 4028, 7019, 7672, 9524, 5807, 2673, 1898, 1098, 4987, 8877, 630, 1377, 9355, 6254, 4906, 7396, 7146, 2878, 4593, 5632, 7251, 6393, 1346, 9412, 7511, 1934, 3964, 422, 8319, 9385, 6094, 8168, 7787, 1350, 7233, 9773, 656, 6694, 4904, 1112, 921, 4615, 8191, 6023, 3646, 8060, 4444, 2528, 5917, 6852]
[8657, 694, 9657, 2671, 6679, 8609, 7773, 5560, 3458, 5040, 1778, 6671, 4866, 5381, 1358, 2661, 2824, 5275, 9240, 240, 9918, 3935, 4232, 8227, 262, 9377, 4039, 7613, 9135, 7733, 4994, 7435, 574, 9889, 4439, 9300, 8073, 9900, 593, 4877, 5342, 6684, 5112, 7367, 2506, 8274, 6280, 4175, 1594, 288, 4028, 7019, 7672, 9524, 5807, 2673, 1898, 1098, 4987, 8877, 630, 1377, 9355, 6254, 4906, 7396, 7146, 2878, 4593, 5632, 7251, 6393, 1346, 9412, 7511, 1934, 3964, 422, 8319, 9385, 6094, 8168, 7787, 1350, 7233, 9773, 656, 6694, 4904, 1112, 921, 4615, 8191, 6023, 3646, 8060, 4444, 2528, 5917, 6852]
[8657, 694, 9657, 2671, 6679, 8609, 7773, 5560, 3458, 5040, 1778, 6671, 4866, 5381, 1358, 2661, 2824, 5275, 9240, 240, 9918, 3935, 4232, 8227, 262, 9377, 4039, 7613, 9135, 7733, 4994, 7435, 574, 9889, 4439, 9300, 8073, 9900, 593, 4877, 5342, 6684, 5112, 7367, 2506, 8274, 6280, 4175, 1594, 288, 4028, 7019, 7672, 9524, 5807, 2673, 1898, 1098, 4987, 8877, 630, 1377, 9355, 6254, 4906, 7396, 7146, 2878, 4593, 5632, 7251, 6393, 1346, 9412, 7511, 1934, 3964, 422, 8319, 9385, 6094, 8168, 7787, 1350, 7233, 9773, 656, 6694, 4904, 1112, 921, 4615, 8191, 6023, 3646, 8060, 4444, 2528, 5917, 6852]
[8657, 694, 9657, 2671, 6679, 8609, 7773, 5560, 3458, 5040, 1778, 6671, 4866, 5381, 1358, 2661, 2824, 5275, 9240, 240, 9918, 3935, 4232, 8227, 262, 9377, 4039, 7613, 9135, 7733, 4994, 7435, 574, 9889, 4439, 9300, 8073, 9900, 593, 4877, 5342, 6684, 5112, 7367, 2506, 8274, 6280, 4175, 1594, 288, 4028, 7019, 7672, 9524, 5807, 2673, 1898, 1098, 4987, 8877, 630, 1377, 9355, 6254, 4906, 7396, 7146, 2878, 4593, 5632, 7251, 6393, 1346, 9412, 7511, 1934, 3964, 422, 8319, 9385, 6094, 8168, 7787, 1350, 7233, 9773, 656, 6694, 4904, 1112, 921, 4615, 8191, 6023, 3646, 8060, 4444, 2528, 5917, 6852]
[8657, 694, 9657, 2671, 6679, 8609, 7773, 5560, 3458, 5040, 1778, 6671, 4866, 5381, 1358, 2661, 2824, 5275, 9240, 240, 9918, 3935, 4232, 8227, 262, 9377, 4039, 7613, 9135, 7733, 4994, 7435, 574, 9889, 4439, 9300, 8073, 9900, 593, 4877, 5342, 6684, 5112, 7367, 2506, 8274, 6280, 4175, 1594, 288, 4028, 7019, 7672, 9524, 5807, 2673, 1898, 1098, 4987, 8877, 630, 1377, 9355, 6254, 4906, 7396, 7146, 2878, 4593, 5632, 7251, 6393, 1346, 9412, 7511, 1934, 3964, 422, 8319, 9385, 6094, 8168, 7787, 1350, 7233, 9773, 656, 6694, 4904, 1112, 921, 4615, 8191, 6023, 3646, 8060, 4444, 2528, 5917, 6852]
[8657, 694, 9657, 2671, 6679, 8609, 7773, 5560, 3458, 5040, 1778, 6671, 4866, 5381, 1358, 2661, 2824, 5275, 9240, 240, 9918, 3935, 4232, 8227, 262, 9377, 4039, 7613, 9135, 7733, 4994, 7435, 574, 9889, 4439, 9300, 8073, 9900, 593, 4877, 5342, 6684, 5112, 7367, 2506, 8274, 6280, 4175, 1594, 288, 4028, 7019, 7672, 9524, 5807, 2673, 1898, 1098, 4987, 8877, 630, 1377, 9355, 6254, 4906, 7396, 7146, 2878, 4593, 5632, 7251, 6393, 1346, 9412, 7511, 1934, 3964, 422, 8319, 9385, 6094, 8168, 7787, 1350, 7233, 9773, 656, 6694, 4904, 1112, 921, 4615, 8191, 6023, 3646, 8060, 4444, 2528, 5917, 6852]
[8657, 694, 9657, 2671, 6679, 8609, 7773, 5560, 3458, 5040, 1778, 6671, 4866, 5381, 1358, 2661, 2824, 5275, 9240, 240, 9918, 3935, 4232, 8227, 262, 9377, 4039, 7613, 9135, 7733, 4994, 7435, 574, 9889, 4439, 9300, 8073, 9900, 593, 4877, 5342, 6684, 5112, 7367, 2506, 8274, 6280, 4175, 1594, 288, 4028, 7019, 7672, 9524, 5807, 2673, 1898, 1098, 4987, 8877, 630, 1377, 9355, 6254, 4906, 7396, 7146, 2878, 4593, 5632, 7251, 6393, 1346, 9412, 7511, 1934, 3964, 422, 8319, 9385, 6094, 8168, 7787, 1350, 7233, 9773, 656, 6694, 4904, 1112, 921, 4615, 8191, 6023, 3646, 8060, 4444, 2528, 5917, 6852]
[8657, 694, 9657, 2671, 6679, 8609, 7773, 5560, 3458, 5040, 1778, 6671, 4866, 5381, 1358, 2661, 2824, 5275, 9240, 240, 9918, 3935, 4232, 8227, 262, 9377, 4039, 7613, 9135, 7733, 4994, 7435, 574, 9889, 4439, 9300, 8073, 9900, 593, 4877, 5342, 6684, 5112, 7367, 2506, 8274, 6280, 4175, 1594, 288, 4028, 7019, 7672, 9524, 5807, 2673, 1898, 1098, 4987, 8877, 630, 1377, 9355, 6254, 4906, 7396, 7146, 2878, 4593, 5632, 7251, 6393, 1346, 9412, 7511, 1934, 3964, 422, 8319, 9385, 6094, 8168, 7787, 1350, 7233, 9773, 656, 6694, 4904, 1112, 921, 4615, 8191, 6023, 3646, 8060, 4444, 2528, 5917, 6852]
[8657, 694, 9657, 2671, 6679, 8609, 7773, 5560, 3458, 5040, 1778, 6671, 4866, 5381, 1358, 2661, 2824, 5275, 9240, 240, 9918, 3935, 4232, 8227, 262, 9377, 4039, 7613, 9135, 7733, 4994, 7435, 574, 9889, 4439, 9300, 8073, 9900, 593, 4877, 5342, 6684, 5112, 7367, 2506, 8274, 6280, 4175, 1594, 288, 4028, 7019, 7672, 9524, 5807, 2673, 1898, 1098, 4987, 8877, 630, 1377, 9355, 6254, 4906, 7396, 7146, 2878, 4593, 5632, 7251, 6393, 1346, 9412, 7511, 1934, 3964, 422, 8319, 9385, 6094, 8168, 7787, 1350, 7233, 9773, 656, 6694, 4904, 1112, 921, 4615, 8191, 6023, 3646, 8060, 4444, 2528, 5917, 6852]
[8657, 694, 9657, 2671, 6679, 8609, 7773, 5560, 3458, 5040, 1778, 6671, 4866, 5381, 1358, 2661, 2824, 5275, 9240, 240, 9918, 3935, 4232, 8227, 262, 9377, 4039, 7613, 9135, 7733, 4994, 7435, 574, 9889, 4439, 9300, 8073, 9900, 593, 4877, 5342, 6684, 5112, 7367, 2506, 8274, 6280, 4175, 1594, 288, 4028, 7019, 7672, 9524, 5807, 2673, 1898, 1098, 4987, 8877, 630, 1377, 9355, 6254, 4906, 7396, 7146, 2878, 4593, 5632, 7251, 6393, 1346, 9412, 7511, 1934, 3964, 422, 8319, 9385, 6094, 8168, 7787, 1350, 7233, 9773, 656, 6694, 4904, 1112, 921, 4615, 8191, 6023, 3646, 8060, 4444, 2528, 5917, 6852]
[8657, 694, 9657, 2671, 6679, 8609, 7773, 5560, 3458, 5040, 1778, 6671, 4866, 5381, 1358, 2661, 2824, 5275, 9240, 240, 9918, 3935, 4232, 8227, 262, 9377, 4039, 7613, 9135, 7733, 4994, 7435, 574, 9889, 4439, 9300, 8073, 9900, 593, 4877, 5342, 6684, 5112, 7367, 2506, 8274, 6280, 4175, 1594, 288, 4028, 7019, 7672, 9524, 5807, 2673, 1898, 1098, 4987, 8877, 630, 1377, 9355, 6254, 4906, 7396, 7146, 2878, 4593, 5632, 7251, 6393, 1346, 9412, 7511, 1934, 3964, 422, 8319, 9385, 6094, 8168, 7787, 1350, 7233, 9773, 656, 6694, 4904, 1112, 921, 4615, 8191, 6023, 3646, 8060, 4444, 2528, 5917, 6852]
[8657, 694, 9657, 2671, 6679, 8609, 7773, 5560, 3458, 5040, 1778, 6671, 4866, 5381, 1358, 2661, 2824, 5275, 9240, 240, 9918, 3935, 4232, 8227, 262, 9377, 4039, 7613, 9135, 7733, 4994, 7435, 574, 9889, 4439, 9300, 8073, 9900, 593, 4877, 5342, 6684, 5112, 7367, 2506, 8274, 6280, 4175, 1594, 288, 4028, 7019, 7672, 9524, 5807, 2673, 1898, 1098, 4987, 8877, 630, 1377, 9355, 6254, 4906, 7396, 7146, 2878, 4593, 5632, 7251, 6393, 1346, 9412, 7511, 1934, 3964, 422, 8319, 9385, 6094, 8168, 7787, 1350, 7233, 9773, 656, 6694, 4904, 1112, 921, 4615, 8191, 6023, 3646, 8060, 4444, 2528, 5917, 6852]
[8657, 694, 9657, 2671, 6679, 8609, 7773, 5560, 3458, 5040, 1778, 6671, 4866, 5381, 1358, 2661, 2824, 5275, 9240, 240, 9918, 3935, 4232, 8227, 262, 9377, 4039, 7613, 9135, 7733, 4994, 7435, 574, 9889, 4439, 9300, 8073, 9900, 593, 4877, 5342, 6684, 5112, 7367, 2506, 8274, 6280, 4175, 1594, 288, 4028, 7019, 7672, 9524, 5807, 2673, 1898, 1098, 4987, 8877, 630, 1377, 9355, 6254, 4906, 7396, 7146, 2878, 4593, 5632, 7251, 6393, 1346, 9412, 7511, 1934, 3964, 422, 8319, 9385, 6094, 8168, 7787, 1350, 7233, 9773, 656, 6694, 4904, 1112, 921, 4615, 8191, 6023, 3646, 8060, 4444, 2528, 5917, 6852]
[8657, 694, 9657, 2671, 6679, 8609, 7773, 5560, 3458, 5040, 1778, 6671, 4866, 5381, 1358, 2661, 2824, 5275, 9240, 240, 9918, 3935, 4232, 8227, 262, 9377, 4039, 7613, 9135, 7733, 4994, 7435, 574, 9889, 4439, 9300, 8073, 9900, 593, 4877, 5342, 6684, 5112, 7367, 2506, 8274, 6280, 4175, 1594, 288, 4028, 7019, 7672, 9524, 5807, 2673, 1898, 1098, 4987, 8877, 630, 1377, 9355, 6254, 4906, 7396, 7146, 2878, 4593, 5632, 7251, 6393, 1346, 9412, 7511, 1934, 3964, 422, 8319, 9385, 6094, 8168, 7787, 1350, 7233, 9773, 656, 6694, 4904, 1112, 921, 4615, 8191, 6023, 3646, 8060, 4444, 2528, 5917, 6852]
[8657, 694, 9657, 2671, 6679, 8609, 7773, 5560, 3458, 5040, 1778, 6671, 4866, 5381, 1358, 2661, 2824, 5275, 9240, 240, 9918, 3935, 4232, 8227, 262, 9377, 4039, 7613, 9135, 7733, 4994, 7435, 574, 9889, 4439, 9300, 8073, 9900, 593, 4877, 5342, 6684, 5112, 7367, 2506, 8274, 6280, 4175, 1594, 288, 4028, 7019, 7672, 9524, 5807, 2673, 1898, 1098, 4987, 8877, 630, 1377, 9355, 6254, 4906, 7396, 7146, 2878, 4593, 5632, 7251, 6393, 1346, 9412, 7511, 1934, 3964, 422, 8319, 9385, 6094, 8168, 7787, 1350, 7233, 9773, 656, 6694, 4904, 1112, 921, 4615, 8191, 6023, 3646, 8060, 4444, 2528, 5917, 6852]
[8657, 694, 9657, 2671, 6679, 8609, 7773, 5560, 3458, 5040, 1778, 6671, 4866, 5381, 1358, 2661, 2824, 5275, 9240, 240, 9918, 3935, 4232, 8227, 262, 9377, 4039, 7613, 9135, 7733, 4994, 7435, 574, 9889, 4439, 9300, 8073, 9900, 593, 4877, 5342, 6684, 5112, 7367, 2506, 8274, 6280, 4175, 1594, 288, 4028, 7019, 7672, 9524, 5807, 2673, 1898, 1098, 4987, 8877, 630, 1377, 9355, 6254, 4906, 7396, 7146, 2878, 4593, 5632, 7251, 6393, 1346, 9412, 7511, 1934, 3964, 422, 8319, 9385, 6094, 8168, 7787, 1350, 7233, 9773, 656, 6694, 4904, 1112, 921, 4615, 8191, 6023, 3646, 8060, 4444, 2528, 5917, 6852]
[8657, 694, 9657, 2671, 6679, 8609, 7773, 5560, 3458, 5040, 1778, 6671, 4866, 5381, 1358, 2661, 2824, 5275, 9240, 240, 9918, 3935, 4232, 8227, 262, 9377, 4039, 7613, 9135, 7733, 4994, 7435, 574, 9889, 4439, 9300, 8073, 9900, 593, 4877, 5342, 6684, 5112, 7367, 2506, 8274, 6280, 4175, 1594, 288, 4028, 7019, 7672, 9524, 5807, 2673, 1898, 1098, 4987, 8877, 630, 1377, 9355, 6254, 4906, 7396, 7146, 2878, 4593, 5632, 7251, 6393, 1346, 9412, 7511, 1934, 3964, 422, 8319, 9385, 6094, 8168, 7787, 1350, 7233, 9773, 656, 6694, 4904, 1112, 921, 4615, 8191, 6023, 3646, 8060, 4444, 2528, 5917, 6852]
[8657, 694, 9657, 2671, 6679, 8609, 7773, 5560, 3458, 5040, 1778, 6671, 4866, 5381, 1358, 2661, 2824, 5275, 9240, 240, 9918, 3935, 4232, 8227, 262, 9377, 4039, 7613, 9135, 7733, 4994, 7435, 574, 9889, 4439, 9300, 8073, 9900, 593, 4877, 5342, 6684, 5112, 7367, 2506, 8274, 6280, 4175, 1594, 288, 4028, 7019, 7672, 9524, 5807, 2673, 1898, 1098, 4987, 8877, 630, 1377, 9355, 6254, 4906, 7396, 7146, 2878, 4593, 5632, 7251, 6393, 1346, 9412, 7511, 1934, 3964, 422, 8319, 9385, 6094, 8168, 7787, 1350, 7233, 9773, 656, 6694, 4904, 1112, 921, 4615, 8191, 6023, 3646, 8060, 4444, 2528, 5917, 6852]
[8657, 694, 9657, 2671, 6679, 8609, 7773, 5560, 3458, 5040, 1778, 6671, 4866, 5381, 1358, 2661, 2824, 5275, 9240, 240, 9918, 3935, 4232, 8227, 262, 9377, 4039, 7613, 9135, 7733, 4994, 7435, 574, 9889, 4439, 9300, 8073, 9900, 593, 4877, 5342, 6684, 5112, 7367, 2506, 8274, 6280, 4175, 1594, 288, 4028, 7019, 7672, 9524, 5807, 2673, 1898, 1098, 4987, 8877, 630, 1377, 9355, 6254, 4906, 7396, 7146, 2878, 4593, 5632, 7251, 6393, 1346, 9412, 7511, 1934, 3964, 422, 8319, 9385, 6094, 8168, 7787, 1350, 7233, 9773, 656, 6694, 4904, 1112, 921, 4615, 8191, 6023, 3646, 8060, 4444, 2528, 5917, 6852]
[8657, 694, 9657, 2671, 6679, 8609, 7773, 5560, 3458, 5040, 1778, 6671, 4866, 5381, 1358, 2661, 2824, 5275, 9240, 240, 9918, 3935, 4232, 8227, 262, 9377, 4039, 7613, 9135, 7733, 4994, 7435, 574, 9889, 4439, 9300, 8073, 9900, 593, 4877, 5342, 6684, 5112, 7367, 2506, 8274, 6280, 4175, 1594, 288, 4028, 7019, 7672, 9524, 5807, 2673, 1898, 1098, 4987, 8877, 630, 1377, 9355, 6254, 4906, 7396, 7146, 2878, 4593, 5632, 7251, 6393, 1346, 9412, 7511, 1934, 3964, 422, 8319, 9385, 6094, 8168, 7787, 1350, 7233, 9773, 656, 6694, 4904, 1112, 921, 4615, 8191, 6023, 3646, 8060, 4444, 2528, 5917, 6852]
[8657, 694, 9657, 2671, 6679, 8609, 7773, 5560, 3458, 5040, 1778, 6671, 4866, 5381, 1358, 2661, 2824, 5275, 9240, 240, 9918, 3935, 4232, 8227, 262, 9377, 4039, 7613, 9135, 7733, 4994, 7435, 574, 9889, 4439, 9300, 8073, 9900, 593, 4877, 5342, 6684, 5112, 7367, 2506, 8274, 6280, 4175, 1594, 288, 4028, 7019, 7672, 9524, 5807, 2673, 1898, 1098, 4987, 8877, 630, 1377, 9355, 6254, 4906, 7396, 7146, 2878, 4593, 5632, 7251, 6393, 1346, 9412, 7511, 1934, 3964, 422, 8319, 9385, 6094, 8168, 7787, 1350, 7233, 9773, 656, 6694, 4904, 1112, 921, 4615, 8191, 6023, 3646, 8060, 4444, 2528, 5917, 6852]
[8657, 694, 9657, 2671, 6679, 8609, 7773, 5560, 3458, 5040, 1778, 6671, 4866, 5381, 1358, 2661, 2824, 5275, 9240, 240, 9918, 3935, 4232, 8227, 262, 9377, 4039, 7613, 9135, 7733, 4994, 7435, 574, 9889, 4439, 9300, 8073, 9900, 593, 4877, 5342, 6684, 5112, 7367, 2506, 8274, 6280, 4175, 1594, 288, 4028, 7019, 7672, 9524, 5807, 2673, 1898, 1098, 4987, 8877, 630, 1377, 9355, 6254, 4906, 7396, 7146, 2878, 4593, 5632, 7251, 6393, 1346, 9412, 7511, 1934, 3964, 422, 8319, 9385, 6094, 8168, 7787, 1350, 7233, 9773, 656, 6694, 4904, 1112, 921, 4615, 8191, 6023, 3646, 8060, 4444, 2528, 5917, 6852]
[8657, 694, 9657, 2671, 6679, 8609, 7773, 5560, 3458, 5040, 1778, 6671, 4866, 5381, 1358, 2661, 2824, 5275, 9240, 240, 9918, 3935, 4232, 8227, 262, 9377, 4039, 7613, 9135, 7733, 4994, 7435, 574, 9889, 4439, 9300, 8073, 9900, 593, 4877, 5342, 6684, 5112, 7367, 2506, 8274, 6280, 4175, 1594, 288, 4028, 7019, 7672, 9524, 5807, 2673, 1898, 1098, 4987, 8877, 630, 1377, 9355, 6254, 4906, 7396, 7146, 2878, 4593, 5632, 7251, 6393, 1346, 9412, 7511, 1934, 3964, 422, 8319, 9385, 6094, 8168, 7787, 1350, 7233, 9773, 656, 6694, 4904, 1112, 921, 4615, 8191, 6023, 3646, 8060, 4444, 2528, 5917, 6852]
[8657, 694, 9657, 2671, 6679, 8609, 7773, 5560, 3458, 5040, 1778, 6671, 4866, 5381, 1358, 2661, 2824, 5275, 9240, 240, 9918, 3935, 4232, 8227, 262, 9377, 4039, 7613, 9135, 7733, 4994, 7435, 574, 9889, 4439, 9300, 8073, 9900, 593, 4877, 5342, 6684, 5112, 7367, 2506, 8274, 6280, 4175, 1594, 288, 4028, 7019, 7672, 9524, 5807, 2673, 1898, 1098, 4987, 8877, 630, 1377, 9355, 6254, 4906, 7396, 7146, 2878, 4593, 5632, 7251, 6393, 1346, 9412, 7511, 1934, 3964, 422, 8319, 9385, 6094, 8168, 7787, 1350, 7233, 9773, 656, 6694, 4904, 1112, 921, 4615, 8191, 6023, 3646, 8060, 4444, 2528, 5917, 6852]
[8657, 694, 9657, 2671, 6679, 8609, 7773, 5560, 3458, 5040, 1778, 6671, 4866, 5381, 1358, 2661, 2824, 5275, 9240, 240, 9918, 3935, 4232, 8227, 262, 9377, 4039, 7613, 9135, 7733, 4994, 7435, 574, 9889, 4439, 9300, 8073, 9900, 593, 4877, 5342, 6684, 5112, 7367, 2506, 8274, 6280, 4175, 1594, 288, 4028, 7019, 7672, 9524, 5807, 2673, 1898, 1098, 4987, 8877, 630, 1377, 9355, 6254, 4906, 7396, 7146, 2878, 4593, 5632, 7251, 6393, 1346, 9412, 7511, 1934, 3964, 422, 8319, 9385, 6094, 8168, 7787, 1350, 7233, 9773, 656, 6694, 4904, 1112, 921, 4615, 8191, 6023, 3646, 8060, 4444, 2528, 5917, 6852]
[8657, 694, 9657, 2671, 6679, 8609, 7773, 5560, 3458, 5040, 1778, 6671, 4866, 5381, 1358, 2661, 2824, 5275, 9240, 240, 9918, 3935, 4232, 8227, 262, 9377, 4039, 7613, 9135, 7733, 4994, 7435, 574, 9889, 4439, 9300, 8073, 9900, 593, 4877, 5342, 6684, 5112, 7367, 2506, 8274, 6280, 4175, 1594, 288, 4028, 7019, 7672, 9524, 5807, 2673, 1898, 1098, 4987, 8877, 630, 1377, 9355, 6254, 4906, 7396, 7146, 2878, 4593, 5632, 7251, 6393, 1346, 9412, 7511, 1934, 3964, 422, 8319, 9385, 6094, 8168, 7787, 1350, 7233, 9773, 656, 6694, 4904, 1112, 921, 4615, 8191, 6023, 3646, 8060, 4444, 2528, 5917, 6852]
