Fault List:
68
68
68
68
68
68
68
68
68
68
68
68
68
68
68
68
68
68
68
68
68
68
68
68
68
68
68
68
68
68
FDR List:
0.7391304347826086
0.7391304347826086
0.7391304347826086
0.7391304347826086
0.7391304347826086
0.7391304347826086
0.7391304347826086
0.7391304347826086
0.7391304347826086
0.7391304347826086
0.7391304347826086
0.7391304347826086
0.7391304347826086
0.7391304347826086
0.7391304347826086
0.7391304347826086
0.7391304347826086
0.7391304347826086
0.7391304347826086
0.7391304347826086
0.7391304347826086
0.7391304347826086
0.7391304347826086
0.7391304347826086
0.7391304347826086
0.7391304347826086
0.7391304347826086
0.7391304347826086
0.7391304347826086
0.7391304347826086
Time List:
9.065966129302979
7.307344913482666
6.633362054824829
10.116677284240723
8.4083890914917
9.652274370193481
8.316468954086304
7.123470067977905
7.012576103210449
8.476952075958252
7.528903007507324
8.159672737121582
8.163358211517334
7.475174903869629
7.408831357955933
9.388429164886475
8.357991933822632
8.775649070739746
8.616996049880981
8.469650745391846
8.16054391860962
8.834739923477173
9.114896059036255
9.103394031524658
9.808906078338623
7.769313812255859
9.468602895736694
10.34000825881958
7.974867105484009
10.048111915588379
Subset List:
[1728, 2467, 8629, 3740, 4527, 7666, 7773, 8508, 3458, 7270, 9003, 6142, 4102, 5381, 1358, 3657, 9271, 5275, 1207, 8735, 5509, 2659, 6163, 9720, 262, 1211, 9964, 7613, 5896, 4858, 8776, 7435, 170, 6258, 6084, 9283, 5221, 3236, 9984, 8463, 5342, 4473, 4792, 7367, 7724, 9587, 5810, 1244, 1594, 4559, 971, 5377, 9872, 8093, 5807, 3232, 1040, 8364, 5579, 329, 6934, 1377, 1544, 8018, 9911, 7396, 9372, 7489, 4478, 5218, 7313, 3379, 157, 6049, 673, 8829, 793, 3934, 5386, 9385, 6094, 139, 9951, 1350, 1534, 1607, 4826, 8110, 8103, 1112, 7600, 9247, 3013, 1161, 4051, 8347, 5426, 2528, 8557, 2998, 5061, 3708, 9657, 9426, 6679, 5354, 6145, 6109, 4351, 7075, 1778, 9098, 6555, 8678, 5077, 2661, 2824, 9456, 7248, 240, 1925, 8811, 5693, 114, 3465, 9377, 4726, 2541, 9135, 7285, 6657, 7347, 574, 5920, 31, 857, 5199, 8643, 4148, 4877, 674, 3074, 4435, 5503, 9659, 5737, 6280, 6362, 3167, 4703, 4278, 9244, 7802, 9883, 7009, 9612, 4709, 3978, 4987, 3531, 7624, 5678, 4335, 8970, 8623, 4964, 7146, 477, 2060, 4154, 7251, 6093, 5599, 9412, 1944, 1934, 6412, 8064, 7520, 8236, 644, 8168, 468, 3017, 1758, 2243, 9678, 3701, 4843, 3807, 9006, 4615, 4586, 7411, 7487, 8060, 7003, 2507, 4165, 8859, 295, 5738, 9725, 2671, 1354, 3162, 7104, 657, 3494, 5040, 9590, 3218, 962, 4308, 3393, 4215, 5243, 3997, 8243, 6153, 6454, 3965, 3149, 7747, 5003, 8444, 5732, 2304, 6404, 7733, 2863, 1300, 2486, 4063, 7185, 9300, 8073, 401, 4621, 7566, 8611, 6615, 3683, 5591, 9319, 5935, 8407, 3339, 832, 2039, 3556, 7019, 7672, 9524, 9437, 2673, 1914, 1098, 7157, 4940, 3946, 2430, 2186, 6183, 4906, 9694, 2470, 8959, 4593, 2720, 2483, 6879, 4600, 6349, 7511, 749, 547, 2605, 4222, 2879, 3878, 6062, 3805, 2106, 7233, 1447, 941, 3214, 3612, 7042, 921, 5773, 4095, 8074, 3646, 1312, 4444, 1345, 7400, 6852, 219, 2818, 9568, 1443, 1000, 4756, 6125, 2038, 5868, 503, 7223, 8238, 2072, 2051, 8590, 5462, 7260, 5922, 8311, 9344, 8010, 8130, 8931, 9661, 1686, 798, 3325, 4149, 6802, 450, 3377, 3438, 9309, 587, 7978, 1912, 9652, 7070, 3588, 113, 7983, 9411, 9871, 5725, 9451, 4067, 8414, 8217, 2084, 8127, 4282, 3491, 1166, 2273, 5766, 9874, 5997, 5107, 3827, 6758, 7398, 8762, 4682, 9029, 5716, 1001, 9576, 2728, 9001, 695, 5027, 5169, 2697, 7521, 1514, 7397, 7728, 4662, 5175, 1438, 111, 1669, 3451, 3178, 3891, 6147, 2198, 4908, 3255, 961, 4825, 2269, 5675, 9497, 8664, 1588, 8272, 5843, 9703, 1772, 2678, 32, 7849, 6040, 9114, 204, 2778, 3795, 8222, 6270, 6382, 2261, 119, 2344, 5431, 745, 2972, 4174, 7178, 5926, 1270, 3100, 2707, 2138, 6542, 7286, 3126, 7330, 782, 5017, 4185, 5463, 5316, 7979, 6782, 4873, 7531, 768, 6398, 926, 628, 1847, 3194, 8269, 3018, 3726, 867, 5430, 7715, 5223, 4293, 4032, 5274, 3853, 9316, 1705, 556, 6990, 2054, 5157, 7646, 279, 3237, 992, 9764, 2446, 3669, 4336, 8788, 731, 4965, 8625, 8989, 2113, 2194, 8886, 9287, 8401, 2726, 5961, 1186, 7898, 5398, 4206, 9054, 9265, 1463, 1881, 1980, 9618, 9731, 5111, 2145, 5039, 1379, 3528, 2069, 2928, 9215, 5293]
[1728, 2467, 8629, 3740, 4527, 7666, 7773, 8508, 3458, 7270, 9003, 6142, 4102, 5381, 1358, 3657, 9271, 5275, 1207, 8735, 5509, 2659, 6163, 9720, 262, 1211, 9964, 7613, 5896, 4858, 8776, 7435, 170, 6258, 6084, 9283, 5221, 3236, 9984, 8463, 5342, 4473, 4792, 7367, 7724, 9587, 5810, 1244, 1594, 4559, 971, 5377, 9872, 8093, 5807, 3232, 1040, 8364, 5579, 329, 6934, 1377, 1544, 8018, 9911, 7396, 9372, 7489, 4478, 5218, 7313, 3379, 157, 6049, 673, 8829, 793, 3934, 5386, 9385, 6094, 139, 9951, 1350, 1534, 1607, 4826, 8110, 8103, 1112, 7600, 9247, 3013, 1161, 4051, 8347, 5426, 2528, 8557, 2998, 5061, 3708, 9657, 9426, 6679, 5354, 6145, 6109, 4351, 7075, 1778, 9098, 6555, 8678, 5077, 2661, 2824, 9456, 7248, 240, 1925, 8811, 5693, 114, 3465, 9377, 4726, 2541, 9135, 7285, 6657, 7347, 574, 5920, 31, 857, 5199, 8643, 4148, 4877, 674, 3074, 4435, 5503, 9659, 5737, 6280, 6362, 3167, 4703, 4278, 9244, 7802, 9883, 7009, 9612, 4709, 3978, 4987, 3531, 7624, 5678, 4335, 8970, 8623, 4964, 7146, 477, 2060, 4154, 7251, 6093, 5599, 9412, 1944, 1934, 6412, 8064, 7520, 8236, 644, 8168, 468, 3017, 1758, 2243, 9678, 3701, 4843, 3807, 9006, 4615, 4586, 7411, 7487, 8060, 7003, 2507, 4165, 8859, 295, 5738, 9725, 2671, 1354, 3162, 7104, 657, 3494, 5040, 9590, 3218, 962, 4308, 3393, 4215, 5243, 3997, 8243, 6153, 6454, 3965, 3149, 7747, 5003, 8444, 5732, 2304, 6404, 7733, 2863, 1300, 2486, 4063, 7185, 9300, 8073, 401, 4621, 7566, 8611, 6615, 3683, 5591, 9319, 5935, 8407, 3339, 832, 2039, 3556, 7019, 7672, 9524, 9437, 2673, 1914, 1098, 7157, 4940, 3946, 2430, 2186, 6183, 4906, 9694, 2470, 8959, 4593, 2720, 2483, 6879, 4600, 6349, 7511, 749, 547, 2605, 4222, 2879, 3878, 6062, 3805, 2106, 7233, 1447, 941, 3214, 3612, 7042, 921, 5773, 4095, 8074, 3646, 1312, 4444, 1345, 7400, 6852, 219, 2818, 9568, 1443, 1000, 4756, 6125, 2038, 5868, 503, 7223, 8238, 2072, 2051, 8590, 5462, 7260, 5922, 8311, 9344, 8010, 8130, 8931, 9661, 1686, 798, 3325, 4149, 6802, 450, 3377, 3438, 9309, 587, 7978, 1912, 9652, 7070, 3588, 113, 7983, 9411, 9871, 5725, 9451, 4067, 8414, 8217, 2084, 8127, 4282, 3491, 1166, 2273, 5766, 9874, 5997, 5107, 3827, 6758, 7398, 8762, 4682, 9029, 5716, 1001, 9576, 2728, 9001, 695, 5027, 5169, 2697, 7521, 1514, 7397, 7728, 4662, 5175, 1438, 111, 1669, 3451, 3178, 3891, 6147, 2198, 4908, 3255, 961, 4825, 2269, 5675, 9497, 8664, 1588, 8272, 5843, 9703, 1772, 2678, 32, 7849, 6040, 9114, 204, 2778, 3795, 8222, 6270, 6382, 2261, 119, 2344, 5431, 745, 2972, 4174, 7178, 5926, 1270, 3100, 2707, 2138, 6542, 7286, 3126, 7330, 782, 5017, 4185, 5463, 5316, 7979, 6782, 4873, 7531, 768, 6398, 926, 628, 1847, 3194, 8269, 3018, 3726, 867, 5430, 7715, 5223, 4293, 4032, 5274, 3853, 9316, 1705, 556, 6990, 2054, 5157, 7646, 279, 3237, 992, 9764, 2446, 3669, 4336, 8788, 731, 4965, 8625, 8989, 2113, 2194, 8886, 9287, 8401, 2726, 5961, 1186, 7898, 5398, 4206, 9054, 9265, 1463, 1881, 1980, 9618, 9731, 5111, 2145, 5039, 1379, 3528, 2069, 2928, 9215, 5293]
[1728, 2467, 8629, 3740, 4527, 7666, 7773, 8508, 3458, 7270, 9003, 6142, 4102, 5381, 1358, 3657, 9271, 5275, 1207, 8735, 5509, 2659, 6163, 9720, 262, 1211, 9964, 7613, 5896, 4858, 8776, 7435, 170, 6258, 6084, 9283, 5221, 3236, 9984, 8463, 5342, 4473, 4792, 7367, 7724, 9587, 5810, 1244, 1594, 4559, 971, 5377, 9872, 8093, 5807, 3232, 1040, 8364, 5579, 329, 6934, 1377, 1544, 8018, 9911, 7396, 9372, 7489, 4478, 5218, 7313, 3379, 157, 6049, 673, 8829, 793, 3934, 5386, 9385, 6094, 139, 9951, 1350, 1534, 1607, 4826, 8110, 8103, 1112, 7600, 9247, 3013, 1161, 4051, 8347, 5426, 2528, 8557, 2998, 5061, 3708, 9657, 9426, 6679, 5354, 6145, 6109, 4351, 7075, 1778, 9098, 6555, 8678, 5077, 2661, 2824, 9456, 7248, 240, 1925, 8811, 5693, 114, 3465, 9377, 4726, 2541, 9135, 7285, 6657, 7347, 574, 5920, 31, 857, 5199, 8643, 4148, 4877, 674, 3074, 4435, 5503, 9659, 5737, 6280, 6362, 3167, 4703, 4278, 9244, 7802, 9883, 7009, 9612, 4709, 3978, 4987, 3531, 7624, 5678, 4335, 8970, 8623, 4964, 7146, 477, 2060, 4154, 7251, 6093, 5599, 9412, 1944, 1934, 6412, 8064, 7520, 8236, 644, 8168, 468, 3017, 1758, 2243, 9678, 3701, 4843, 3807, 9006, 4615, 4586, 7411, 7487, 8060, 7003, 2507, 4165, 8859, 295, 5738, 9725, 2671, 1354, 3162, 7104, 657, 3494, 5040, 9590, 3218, 962, 4308, 3393, 4215, 5243, 3997, 8243, 6153, 6454, 3965, 3149, 7747, 5003, 8444, 5732, 2304, 6404, 7733, 2863, 1300, 2486, 4063, 7185, 9300, 8073, 401, 4621, 7566, 8611, 6615, 3683, 5591, 9319, 5935, 8407, 3339, 832, 2039, 3556, 7019, 7672, 9524, 9437, 2673, 1914, 1098, 7157, 4940, 3946, 2430, 2186, 6183, 4906, 9694, 2470, 8959, 4593, 2720, 2483, 6879, 4600, 6349, 7511, 749, 547, 2605, 4222, 2879, 3878, 6062, 3805, 2106, 7233, 1447, 941, 3214, 3612, 7042, 921, 5773, 4095, 8074, 3646, 1312, 4444, 1345, 7400, 6852, 219, 2818, 9568, 1443, 1000, 4756, 6125, 2038, 5868, 503, 7223, 8238, 2072, 2051, 8590, 5462, 7260, 5922, 8311, 9344, 8010, 8130, 8931, 9661, 1686, 798, 3325, 4149, 6802, 450, 3377, 3438, 9309, 587, 7978, 1912, 9652, 7070, 3588, 113, 7983, 9411, 9871, 5725, 9451, 4067, 8414, 8217, 2084, 8127, 4282, 3491, 1166, 2273, 5766, 9874, 5997, 5107, 3827, 6758, 7398, 8762, 4682, 9029, 5716, 1001, 9576, 2728, 9001, 695, 5027, 5169, 2697, 7521, 1514, 7397, 7728, 4662, 5175, 1438, 111, 1669, 3451, 3178, 3891, 6147, 2198, 4908, 3255, 961, 4825, 2269, 5675, 9497, 8664, 1588, 8272, 5843, 9703, 1772, 2678, 32, 7849, 6040, 9114, 204, 2778, 3795, 8222, 6270, 6382, 2261, 119, 2344, 5431, 745, 2972, 4174, 7178, 5926, 1270, 3100, 2707, 2138, 6542, 7286, 3126, 7330, 782, 5017, 4185, 5463, 5316, 7979, 6782, 4873, 7531, 768, 6398, 926, 628, 1847, 3194, 8269, 3018, 3726, 867, 5430, 7715, 5223, 4293, 4032, 5274, 3853, 9316, 1705, 556, 6990, 2054, 5157, 7646, 279, 3237, 992, 9764, 2446, 3669, 4336, 8788, 731, 4965, 8625, 8989, 2113, 2194, 8886, 9287, 8401, 2726, 5961, 1186, 7898, 5398, 4206, 9054, 9265, 1463, 1881, 1980, 9618, 9731, 5111, 2145, 5039, 1379, 3528, 2069, 2928, 9215, 5293]
[1728, 2467, 8629, 3740, 4527, 7666, 7773, 8508, 3458, 7270, 9003, 6142, 4102, 5381, 1358, 3657, 9271, 5275, 1207, 8735, 5509, 2659, 6163, 9720, 262, 1211, 9964, 7613, 5896, 4858, 8776, 7435, 170, 6258, 6084, 9283, 5221, 3236, 9984, 8463, 5342, 4473, 4792, 7367, 7724, 9587, 5810, 1244, 1594, 4559, 971, 5377, 9872, 8093, 5807, 3232, 1040, 8364, 5579, 329, 6934, 1377, 1544, 8018, 9911, 7396, 9372, 7489, 4478, 5218, 7313, 3379, 157, 6049, 673, 8829, 793, 3934, 5386, 9385, 6094, 139, 9951, 1350, 1534, 1607, 4826, 8110, 8103, 1112, 7600, 9247, 3013, 1161, 4051, 8347, 5426, 2528, 8557, 2998, 5061, 3708, 9657, 9426, 6679, 5354, 6145, 6109, 4351, 7075, 1778, 9098, 6555, 8678, 5077, 2661, 2824, 9456, 7248, 240, 1925, 8811, 5693, 114, 3465, 9377, 4726, 2541, 9135, 7285, 6657, 7347, 574, 5920, 31, 857, 5199, 8643, 4148, 4877, 674, 3074, 4435, 5503, 9659, 5737, 6280, 6362, 3167, 4703, 4278, 9244, 7802, 9883, 7009, 9612, 4709, 3978, 4987, 3531, 7624, 5678, 4335, 8970, 8623, 4964, 7146, 477, 2060, 4154, 7251, 6093, 5599, 9412, 1944, 1934, 6412, 8064, 7520, 8236, 644, 8168, 468, 3017, 1758, 2243, 9678, 3701, 4843, 3807, 9006, 4615, 4586, 7411, 7487, 8060, 7003, 2507, 4165, 8859, 295, 5738, 9725, 2671, 1354, 3162, 7104, 657, 3494, 5040, 9590, 3218, 962, 4308, 3393, 4215, 5243, 3997, 8243, 6153, 6454, 3965, 3149, 7747, 5003, 8444, 5732, 2304, 6404, 7733, 2863, 1300, 2486, 4063, 7185, 9300, 8073, 401, 4621, 7566, 8611, 6615, 3683, 5591, 9319, 5935, 8407, 3339, 832, 2039, 3556, 7019, 7672, 9524, 9437, 2673, 1914, 1098, 7157, 4940, 3946, 2430, 2186, 6183, 4906, 9694, 2470, 8959, 4593, 2720, 2483, 6879, 4600, 6349, 7511, 749, 547, 2605, 4222, 2879, 3878, 6062, 3805, 2106, 7233, 1447, 941, 3214, 3612, 7042, 921, 5773, 4095, 8074, 3646, 1312, 4444, 1345, 7400, 6852, 219, 2818, 9568, 1443, 1000, 4756, 6125, 2038, 5868, 503, 7223, 8238, 2072, 2051, 8590, 5462, 7260, 5922, 8311, 9344, 8010, 8130, 8931, 9661, 1686, 798, 3325, 4149, 6802, 450, 3377, 3438, 9309, 587, 7978, 1912, 9652, 7070, 3588, 113, 7983, 9411, 9871, 5725, 9451, 4067, 8414, 8217, 2084, 8127, 4282, 3491, 1166, 2273, 5766, 9874, 5997, 5107, 3827, 6758, 7398, 8762, 4682, 9029, 5716, 1001, 9576, 2728, 9001, 695, 5027, 5169, 2697, 7521, 1514, 7397, 7728, 4662, 5175, 1438, 111, 1669, 3451, 3178, 3891, 6147, 2198, 4908, 3255, 961, 4825, 2269, 5675, 9497, 8664, 1588, 8272, 5843, 9703, 1772, 2678, 32, 7849, 6040, 9114, 204, 2778, 3795, 8222, 6270, 6382, 2261, 119, 2344, 5431, 745, 2972, 4174, 7178, 5926, 1270, 3100, 2707, 2138, 6542, 7286, 3126, 7330, 782, 5017, 4185, 5463, 5316, 7979, 6782, 4873, 7531, 768, 6398, 926, 628, 1847, 3194, 8269, 3018, 3726, 867, 5430, 7715, 5223, 4293, 4032, 5274, 3853, 9316, 1705, 556, 6990, 2054, 5157, 7646, 279, 3237, 992, 9764, 2446, 3669, 4336, 8788, 731, 4965, 8625, 8989, 2113, 2194, 8886, 9287, 8401, 2726, 5961, 1186, 7898, 5398, 4206, 9054, 9265, 1463, 1881, 1980, 9618, 9731, 5111, 2145, 5039, 1379, 3528, 2069, 2928, 9215, 5293]
[1728, 2467, 8629, 3740, 4527, 7666, 7773, 8508, 3458, 7270, 9003, 6142, 4102, 5381, 1358, 3657, 9271, 5275, 1207, 8735, 5509, 2659, 6163, 9720, 262, 1211, 9964, 7613, 5896, 4858, 8776, 7435, 170, 6258, 6084, 9283, 5221, 3236, 9984, 8463, 5342, 4473, 4792, 7367, 7724, 9587, 5810, 1244, 1594, 4559, 971, 5377, 9872, 8093, 5807, 3232, 1040, 8364, 5579, 329, 6934, 1377, 1544, 8018, 9911, 7396, 9372, 7489, 4478, 5218, 7313, 3379, 157, 6049, 673, 8829, 793, 3934, 5386, 9385, 6094, 139, 9951, 1350, 1534, 1607, 4826, 8110, 8103, 1112, 7600, 9247, 3013, 1161, 4051, 8347, 5426, 2528, 8557, 2998, 5061, 3708, 9657, 9426, 6679, 5354, 6145, 6109, 4351, 7075, 1778, 9098, 6555, 8678, 5077, 2661, 2824, 9456, 7248, 240, 1925, 8811, 5693, 114, 3465, 9377, 4726, 2541, 9135, 7285, 6657, 7347, 574, 5920, 31, 857, 5199, 8643, 4148, 4877, 674, 3074, 4435, 5503, 9659, 5737, 6280, 6362, 3167, 4703, 4278, 9244, 7802, 9883, 7009, 9612, 4709, 3978, 4987, 3531, 7624, 5678, 4335, 8970, 8623, 4964, 7146, 477, 2060, 4154, 7251, 6093, 5599, 9412, 1944, 1934, 6412, 8064, 7520, 8236, 644, 8168, 468, 3017, 1758, 2243, 9678, 3701, 4843, 3807, 9006, 4615, 4586, 7411, 7487, 8060, 7003, 2507, 4165, 8859, 295, 5738, 9725, 2671, 1354, 3162, 7104, 657, 3494, 5040, 9590, 3218, 962, 4308, 3393, 4215, 5243, 3997, 8243, 6153, 6454, 3965, 3149, 7747, 5003, 8444, 5732, 2304, 6404, 7733, 2863, 1300, 2486, 4063, 7185, 9300, 8073, 401, 4621, 7566, 8611, 6615, 3683, 5591, 9319, 5935, 8407, 3339, 832, 2039, 3556, 7019, 7672, 9524, 9437, 2673, 1914, 1098, 7157, 4940, 3946, 2430, 2186, 6183, 4906, 9694, 2470, 8959, 4593, 2720, 2483, 6879, 4600, 6349, 7511, 749, 547, 2605, 4222, 2879, 3878, 6062, 3805, 2106, 7233, 1447, 941, 3214, 3612, 7042, 921, 5773, 4095, 8074, 3646, 1312, 4444, 1345, 7400, 6852, 219, 2818, 9568, 1443, 1000, 4756, 6125, 2038, 5868, 503, 7223, 8238, 2072, 2051, 8590, 5462, 7260, 5922, 8311, 9344, 8010, 8130, 8931, 9661, 1686, 798, 3325, 4149, 6802, 450, 3377, 3438, 9309, 587, 7978, 1912, 9652, 7070, 3588, 113, 7983, 9411, 9871, 5725, 9451, 4067, 8414, 8217, 2084, 8127, 4282, 3491, 1166, 2273, 5766, 9874, 5997, 5107, 3827, 6758, 7398, 8762, 4682, 9029, 5716, 1001, 9576, 2728, 9001, 695, 5027, 5169, 2697, 7521, 1514, 7397, 7728, 4662, 5175, 1438, 111, 1669, 3451, 3178, 3891, 6147, 2198, 4908, 3255, 961, 4825, 2269, 5675, 9497, 8664, 1588, 8272, 5843, 9703, 1772, 2678, 32, 7849, 6040, 9114, 204, 2778, 3795, 8222, 6270, 6382, 2261, 119, 2344, 5431, 745, 2972, 4174, 7178, 5926, 1270, 3100, 2707, 2138, 6542, 7286, 3126, 7330, 782, 5017, 4185, 5463, 5316, 7979, 6782, 4873, 7531, 768, 6398, 926, 628, 1847, 3194, 8269, 3018, 3726, 867, 5430, 7715, 5223, 4293, 4032, 5274, 3853, 9316, 1705, 556, 6990, 2054, 5157, 7646, 279, 3237, 992, 9764, 2446, 3669, 4336, 8788, 731, 4965, 8625, 8989, 2113, 2194, 8886, 9287, 8401, 2726, 5961, 1186, 7898, 5398, 4206, 9054, 9265, 1463, 1881, 1980, 9618, 9731, 5111, 2145, 5039, 1379, 3528, 2069, 2928, 9215, 5293]
[1728, 2467, 8629, 3740, 4527, 7666, 7773, 8508, 3458, 7270, 9003, 6142, 4102, 5381, 1358, 3657, 9271, 5275, 1207, 8735, 5509, 2659, 6163, 9720, 262, 1211, 9964, 7613, 5896, 4858, 8776, 7435, 170, 6258, 6084, 9283, 5221, 3236, 9984, 8463, 5342, 4473, 4792, 7367, 7724, 9587, 5810, 1244, 1594, 4559, 971, 5377, 9872, 8093, 5807, 3232, 1040, 8364, 5579, 329, 6934, 1377, 1544, 8018, 9911, 7396, 9372, 7489, 4478, 5218, 7313, 3379, 157, 6049, 673, 8829, 793, 3934, 5386, 9385, 6094, 139, 9951, 1350, 1534, 1607, 4826, 8110, 8103, 1112, 7600, 9247, 3013, 1161, 4051, 8347, 5426, 2528, 8557, 2998, 5061, 3708, 9657, 9426, 6679, 5354, 6145, 6109, 4351, 7075, 1778, 9098, 6555, 8678, 5077, 2661, 2824, 9456, 7248, 240, 1925, 8811, 5693, 114, 3465, 9377, 4726, 2541, 9135, 7285, 6657, 7347, 574, 5920, 31, 857, 5199, 8643, 4148, 4877, 674, 3074, 4435, 5503, 9659, 5737, 6280, 6362, 3167, 4703, 4278, 9244, 7802, 9883, 7009, 9612, 4709, 3978, 4987, 3531, 7624, 5678, 4335, 8970, 8623, 4964, 7146, 477, 2060, 4154, 7251, 6093, 5599, 9412, 1944, 1934, 6412, 8064, 7520, 8236, 644, 8168, 468, 3017, 1758, 2243, 9678, 3701, 4843, 3807, 9006, 4615, 4586, 7411, 7487, 8060, 7003, 2507, 4165, 8859, 295, 5738, 9725, 2671, 1354, 3162, 7104, 657, 3494, 5040, 9590, 3218, 962, 4308, 3393, 4215, 5243, 3997, 8243, 6153, 6454, 3965, 3149, 7747, 5003, 8444, 5732, 2304, 6404, 7733, 2863, 1300, 2486, 4063, 7185, 9300, 8073, 401, 4621, 7566, 8611, 6615, 3683, 5591, 9319, 5935, 8407, 3339, 832, 2039, 3556, 7019, 7672, 9524, 9437, 2673, 1914, 1098, 7157, 4940, 3946, 2430, 2186, 6183, 4906, 9694, 2470, 8959, 4593, 2720, 2483, 6879, 4600, 6349, 7511, 749, 547, 2605, 4222, 2879, 3878, 6062, 3805, 2106, 7233, 1447, 941, 3214, 3612, 7042, 921, 5773, 4095, 8074, 3646, 1312, 4444, 1345, 7400, 6852, 219, 2818, 9568, 1443, 1000, 4756, 6125, 2038, 5868, 503, 7223, 8238, 2072, 2051, 8590, 5462, 7260, 5922, 8311, 9344, 8010, 8130, 8931, 9661, 1686, 798, 3325, 4149, 6802, 450, 3377, 3438, 9309, 587, 7978, 1912, 9652, 7070, 3588, 113, 7983, 9411, 9871, 5725, 9451, 4067, 8414, 8217, 2084, 8127, 4282, 3491, 1166, 2273, 5766, 9874, 5997, 5107, 3827, 6758, 7398, 8762, 4682, 9029, 5716, 1001, 9576, 2728, 9001, 695, 5027, 5169, 2697, 7521, 1514, 7397, 7728, 4662, 5175, 1438, 111, 1669, 3451, 3178, 3891, 6147, 2198, 4908, 3255, 961, 4825, 2269, 5675, 9497, 8664, 1588, 8272, 5843, 9703, 1772, 2678, 32, 7849, 6040, 9114, 204, 2778, 3795, 8222, 6270, 6382, 2261, 119, 2344, 5431, 745, 2972, 4174, 7178, 5926, 1270, 3100, 2707, 2138, 6542, 7286, 3126, 7330, 782, 5017, 4185, 5463, 5316, 7979, 6782, 4873, 7531, 768, 6398, 926, 628, 1847, 3194, 8269, 3018, 3726, 867, 5430, 7715, 5223, 4293, 4032, 5274, 3853, 9316, 1705, 556, 6990, 2054, 5157, 7646, 279, 3237, 992, 9764, 2446, 3669, 4336, 8788, 731, 4965, 8625, 8989, 2113, 2194, 8886, 9287, 8401, 2726, 5961, 1186, 7898, 5398, 4206, 9054, 9265, 1463, 1881, 1980, 9618, 9731, 5111, 2145, 5039, 1379, 3528, 2069, 2928, 9215, 5293]
[1728, 2467, 8629, 3740, 4527, 7666, 7773, 8508, 3458, 7270, 9003, 6142, 4102, 5381, 1358, 3657, 9271, 5275, 1207, 8735, 5509, 2659, 6163, 9720, 262, 1211, 9964, 7613, 5896, 4858, 8776, 7435, 170, 6258, 6084, 9283, 5221, 3236, 9984, 8463, 5342, 4473, 4792, 7367, 7724, 9587, 5810, 1244, 1594, 4559, 971, 5377, 9872, 8093, 5807, 3232, 1040, 8364, 5579, 329, 6934, 1377, 1544, 8018, 9911, 7396, 9372, 7489, 4478, 5218, 7313, 3379, 157, 6049, 673, 8829, 793, 3934, 5386, 9385, 6094, 139, 9951, 1350, 1534, 1607, 4826, 8110, 8103, 1112, 7600, 9247, 3013, 1161, 4051, 8347, 5426, 2528, 8557, 2998, 5061, 3708, 9657, 9426, 6679, 5354, 6145, 6109, 4351, 7075, 1778, 9098, 6555, 8678, 5077, 2661, 2824, 9456, 7248, 240, 1925, 8811, 5693, 114, 3465, 9377, 4726, 2541, 9135, 7285, 6657, 7347, 574, 5920, 31, 857, 5199, 8643, 4148, 4877, 674, 3074, 4435, 5503, 9659, 5737, 6280, 6362, 3167, 4703, 4278, 9244, 7802, 9883, 7009, 9612, 4709, 3978, 4987, 3531, 7624, 5678, 4335, 8970, 8623, 4964, 7146, 477, 2060, 4154, 7251, 6093, 5599, 9412, 1944, 1934, 6412, 8064, 7520, 8236, 644, 8168, 468, 3017, 1758, 2243, 9678, 3701, 4843, 3807, 9006, 4615, 4586, 7411, 7487, 8060, 7003, 2507, 4165, 8859, 295, 5738, 9725, 2671, 1354, 3162, 7104, 657, 3494, 5040, 9590, 3218, 962, 4308, 3393, 4215, 5243, 3997, 8243, 6153, 6454, 3965, 3149, 7747, 5003, 8444, 5732, 2304, 6404, 7733, 2863, 1300, 2486, 4063, 7185, 9300, 8073, 401, 4621, 7566, 8611, 6615, 3683, 5591, 9319, 5935, 8407, 3339, 832, 2039, 3556, 7019, 7672, 9524, 9437, 2673, 1914, 1098, 7157, 4940, 3946, 2430, 2186, 6183, 4906, 9694, 2470, 8959, 4593, 2720, 2483, 6879, 4600, 6349, 7511, 749, 547, 2605, 4222, 2879, 3878, 6062, 3805, 2106, 7233, 1447, 941, 3214, 3612, 7042, 921, 5773, 4095, 8074, 3646, 1312, 4444, 1345, 7400, 6852, 219, 2818, 9568, 1443, 1000, 4756, 6125, 2038, 5868, 503, 7223, 8238, 2072, 2051, 8590, 5462, 7260, 5922, 8311, 9344, 8010, 8130, 8931, 9661, 1686, 798, 3325, 4149, 6802, 450, 3377, 3438, 9309, 587, 7978, 1912, 9652, 7070, 3588, 113, 7983, 9411, 9871, 5725, 9451, 4067, 8414, 8217, 2084, 8127, 4282, 3491, 1166, 2273, 5766, 9874, 5997, 5107, 3827, 6758, 7398, 8762, 4682, 9029, 5716, 1001, 9576, 2728, 9001, 695, 5027, 5169, 2697, 7521, 1514, 7397, 7728, 4662, 5175, 1438, 111, 1669, 3451, 3178, 3891, 6147, 2198, 4908, 3255, 961, 4825, 2269, 5675, 9497, 8664, 1588, 8272, 5843, 9703, 1772, 2678, 32, 7849, 6040, 9114, 204, 2778, 3795, 8222, 6270, 6382, 2261, 119, 2344, 5431, 745, 2972, 4174, 7178, 5926, 1270, 3100, 2707, 2138, 6542, 7286, 3126, 7330, 782, 5017, 4185, 5463, 5316, 7979, 6782, 4873, 7531, 768, 6398, 926, 628, 1847, 3194, 8269, 3018, 3726, 867, 5430, 7715, 5223, 4293, 4032, 5274, 3853, 9316, 1705, 556, 6990, 2054, 5157, 7646, 279, 3237, 992, 9764, 2446, 3669, 4336, 8788, 731, 4965, 8625, 8989, 2113, 2194, 8886, 9287, 8401, 2726, 5961, 1186, 7898, 5398, 4206, 9054, 9265, 1463, 1881, 1980, 9618, 9731, 5111, 2145, 5039, 1379, 3528, 2069, 2928, 9215, 5293]
[1728, 2467, 8629, 3740, 4527, 7666, 7773, 8508, 3458, 7270, 9003, 6142, 4102, 5381, 1358, 3657, 9271, 5275, 1207, 8735, 5509, 2659, 6163, 9720, 262, 1211, 9964, 7613, 5896, 4858, 8776, 7435, 170, 6258, 6084, 9283, 5221, 3236, 9984, 8463, 5342, 4473, 4792, 7367, 7724, 9587, 5810, 1244, 1594, 4559, 971, 5377, 9872, 8093, 5807, 3232, 1040, 8364, 5579, 329, 6934, 1377, 1544, 8018, 9911, 7396, 9372, 7489, 4478, 5218, 7313, 3379, 157, 6049, 673, 8829, 793, 3934, 5386, 9385, 6094, 139, 9951, 1350, 1534, 1607, 4826, 8110, 8103, 1112, 7600, 9247, 3013, 1161, 4051, 8347, 5426, 2528, 8557, 2998, 5061, 3708, 9657, 9426, 6679, 5354, 6145, 6109, 4351, 7075, 1778, 9098, 6555, 8678, 5077, 2661, 2824, 9456, 7248, 240, 1925, 8811, 5693, 114, 3465, 9377, 4726, 2541, 9135, 7285, 6657, 7347, 574, 5920, 31, 857, 5199, 8643, 4148, 4877, 674, 3074, 4435, 5503, 9659, 5737, 6280, 6362, 3167, 4703, 4278, 9244, 7802, 9883, 7009, 9612, 4709, 3978, 4987, 3531, 7624, 5678, 4335, 8970, 8623, 4964, 7146, 477, 2060, 4154, 7251, 6093, 5599, 9412, 1944, 1934, 6412, 8064, 7520, 8236, 644, 8168, 468, 3017, 1758, 2243, 9678, 3701, 4843, 3807, 9006, 4615, 4586, 7411, 7487, 8060, 7003, 2507, 4165, 8859, 295, 5738, 9725, 2671, 1354, 3162, 7104, 657, 3494, 5040, 9590, 3218, 962, 4308, 3393, 4215, 5243, 3997, 8243, 6153, 6454, 3965, 3149, 7747, 5003, 8444, 5732, 2304, 6404, 7733, 2863, 1300, 2486, 4063, 7185, 9300, 8073, 401, 4621, 7566, 8611, 6615, 3683, 5591, 9319, 5935, 8407, 3339, 832, 2039, 3556, 7019, 7672, 9524, 9437, 2673, 1914, 1098, 7157, 4940, 3946, 2430, 2186, 6183, 4906, 9694, 2470, 8959, 4593, 2720, 2483, 6879, 4600, 6349, 7511, 749, 547, 2605, 4222, 2879, 3878, 6062, 3805, 2106, 7233, 1447, 941, 3214, 3612, 7042, 921, 5773, 4095, 8074, 3646, 1312, 4444, 1345, 7400, 6852, 219, 2818, 9568, 1443, 1000, 4756, 6125, 2038, 5868, 503, 7223, 8238, 2072, 2051, 8590, 5462, 7260, 5922, 8311, 9344, 8010, 8130, 8931, 9661, 1686, 798, 3325, 4149, 6802, 450, 3377, 3438, 9309, 587, 7978, 1912, 9652, 7070, 3588, 113, 7983, 9411, 9871, 5725, 9451, 4067, 8414, 8217, 2084, 8127, 4282, 3491, 1166, 2273, 5766, 9874, 5997, 5107, 3827, 6758, 7398, 8762, 4682, 9029, 5716, 1001, 9576, 2728, 9001, 695, 5027, 5169, 2697, 7521, 1514, 7397, 7728, 4662, 5175, 1438, 111, 1669, 3451, 3178, 3891, 6147, 2198, 4908, 3255, 961, 4825, 2269, 5675, 9497, 8664, 1588, 8272, 5843, 9703, 1772, 2678, 32, 7849, 6040, 9114, 204, 2778, 3795, 8222, 6270, 6382, 2261, 119, 2344, 5431, 745, 2972, 4174, 7178, 5926, 1270, 3100, 2707, 2138, 6542, 7286, 3126, 7330, 782, 5017, 4185, 5463, 5316, 7979, 6782, 4873, 7531, 768, 6398, 926, 628, 1847, 3194, 8269, 3018, 3726, 867, 5430, 7715, 5223, 4293, 4032, 5274, 3853, 9316, 1705, 556, 6990, 2054, 5157, 7646, 279, 3237, 992, 9764, 2446, 3669, 4336, 8788, 731, 4965, 8625, 8989, 2113, 2194, 8886, 9287, 8401, 2726, 5961, 1186, 7898, 5398, 4206, 9054, 9265, 1463, 1881, 1980, 9618, 9731, 5111, 2145, 5039, 1379, 3528, 2069, 2928, 9215, 5293]
[1728, 2467, 8629, 3740, 4527, 7666, 7773, 8508, 3458, 7270, 9003, 6142, 4102, 5381, 1358, 3657, 9271, 5275, 1207, 8735, 5509, 2659, 6163, 9720, 262, 1211, 9964, 7613, 5896, 4858, 8776, 7435, 170, 6258, 6084, 9283, 5221, 3236, 9984, 8463, 5342, 4473, 4792, 7367, 7724, 9587, 5810, 1244, 1594, 4559, 971, 5377, 9872, 8093, 5807, 3232, 1040, 8364, 5579, 329, 6934, 1377, 1544, 8018, 9911, 7396, 9372, 7489, 4478, 5218, 7313, 3379, 157, 6049, 673, 8829, 793, 3934, 5386, 9385, 6094, 139, 9951, 1350, 1534, 1607, 4826, 8110, 8103, 1112, 7600, 9247, 3013, 1161, 4051, 8347, 5426, 2528, 8557, 2998, 5061, 3708, 9657, 9426, 6679, 5354, 6145, 6109, 4351, 7075, 1778, 9098, 6555, 8678, 5077, 2661, 2824, 9456, 7248, 240, 1925, 8811, 5693, 114, 3465, 9377, 4726, 2541, 9135, 7285, 6657, 7347, 574, 5920, 31, 857, 5199, 8643, 4148, 4877, 674, 3074, 4435, 5503, 9659, 5737, 6280, 6362, 3167, 4703, 4278, 9244, 7802, 9883, 7009, 9612, 4709, 3978, 4987, 3531, 7624, 5678, 4335, 8970, 8623, 4964, 7146, 477, 2060, 4154, 7251, 6093, 5599, 9412, 1944, 1934, 6412, 8064, 7520, 8236, 644, 8168, 468, 3017, 1758, 2243, 9678, 3701, 4843, 3807, 9006, 4615, 4586, 7411, 7487, 8060, 7003, 2507, 4165, 8859, 295, 5738, 9725, 2671, 1354, 3162, 7104, 657, 3494, 5040, 9590, 3218, 962, 4308, 3393, 4215, 5243, 3997, 8243, 6153, 6454, 3965, 3149, 7747, 5003, 8444, 5732, 2304, 6404, 7733, 2863, 1300, 2486, 4063, 7185, 9300, 8073, 401, 4621, 7566, 8611, 6615, 3683, 5591, 9319, 5935, 8407, 3339, 832, 2039, 3556, 7019, 7672, 9524, 9437, 2673, 1914, 1098, 7157, 4940, 3946, 2430, 2186, 6183, 4906, 9694, 2470, 8959, 4593, 2720, 2483, 6879, 4600, 6349, 7511, 749, 547, 2605, 4222, 2879, 3878, 6062, 3805, 2106, 7233, 1447, 941, 3214, 3612, 7042, 921, 5773, 4095, 8074, 3646, 1312, 4444, 1345, 7400, 6852, 219, 2818, 9568, 1443, 1000, 4756, 6125, 2038, 5868, 503, 7223, 8238, 2072, 2051, 8590, 5462, 7260, 5922, 8311, 9344, 8010, 8130, 8931, 9661, 1686, 798, 3325, 4149, 6802, 450, 3377, 3438, 9309, 587, 7978, 1912, 9652, 7070, 3588, 113, 7983, 9411, 9871, 5725, 9451, 4067, 8414, 8217, 2084, 8127, 4282, 3491, 1166, 2273, 5766, 9874, 5997, 5107, 3827, 6758, 7398, 8762, 4682, 9029, 5716, 1001, 9576, 2728, 9001, 695, 5027, 5169, 2697, 7521, 1514, 7397, 7728, 4662, 5175, 1438, 111, 1669, 3451, 3178, 3891, 6147, 2198, 4908, 3255, 961, 4825, 2269, 5675, 9497, 8664, 1588, 8272, 5843, 9703, 1772, 2678, 32, 7849, 6040, 9114, 204, 2778, 3795, 8222, 6270, 6382, 2261, 119, 2344, 5431, 745, 2972, 4174, 7178, 5926, 1270, 3100, 2707, 2138, 6542, 7286, 3126, 7330, 782, 5017, 4185, 5463, 5316, 7979, 6782, 4873, 7531, 768, 6398, 926, 628, 1847, 3194, 8269, 3018, 3726, 867, 5430, 7715, 5223, 4293, 4032, 5274, 3853, 9316, 1705, 556, 6990, 2054, 5157, 7646, 279, 3237, 992, 9764, 2446, 3669, 4336, 8788, 731, 4965, 8625, 8989, 2113, 2194, 8886, 9287, 8401, 2726, 5961, 1186, 7898, 5398, 4206, 9054, 9265, 1463, 1881, 1980, 9618, 9731, 5111, 2145, 5039, 1379, 3528, 2069, 2928, 9215, 5293]
[1728, 2467, 8629, 3740, 4527, 7666, 7773, 8508, 3458, 7270, 9003, 6142, 4102, 5381, 1358, 3657, 9271, 5275, 1207, 8735, 5509, 2659, 6163, 9720, 262, 1211, 9964, 7613, 5896, 4858, 8776, 7435, 170, 6258, 6084, 9283, 5221, 3236, 9984, 8463, 5342, 4473, 4792, 7367, 7724, 9587, 5810, 1244, 1594, 4559, 971, 5377, 9872, 8093, 5807, 3232, 1040, 8364, 5579, 329, 6934, 1377, 1544, 8018, 9911, 7396, 9372, 7489, 4478, 5218, 7313, 3379, 157, 6049, 673, 8829, 793, 3934, 5386, 9385, 6094, 139, 9951, 1350, 1534, 1607, 4826, 8110, 8103, 1112, 7600, 9247, 3013, 1161, 4051, 8347, 5426, 2528, 8557, 2998, 5061, 3708, 9657, 9426, 6679, 5354, 6145, 6109, 4351, 7075, 1778, 9098, 6555, 8678, 5077, 2661, 2824, 9456, 7248, 240, 1925, 8811, 5693, 114, 3465, 9377, 4726, 2541, 9135, 7285, 6657, 7347, 574, 5920, 31, 857, 5199, 8643, 4148, 4877, 674, 3074, 4435, 5503, 9659, 5737, 6280, 6362, 3167, 4703, 4278, 9244, 7802, 9883, 7009, 9612, 4709, 3978, 4987, 3531, 7624, 5678, 4335, 8970, 8623, 4964, 7146, 477, 2060, 4154, 7251, 6093, 5599, 9412, 1944, 1934, 6412, 8064, 7520, 8236, 644, 8168, 468, 3017, 1758, 2243, 9678, 3701, 4843, 3807, 9006, 4615, 4586, 7411, 7487, 8060, 7003, 2507, 4165, 8859, 295, 5738, 9725, 2671, 1354, 3162, 7104, 657, 3494, 5040, 9590, 3218, 962, 4308, 3393, 4215, 5243, 3997, 8243, 6153, 6454, 3965, 3149, 7747, 5003, 8444, 5732, 2304, 6404, 7733, 2863, 1300, 2486, 4063, 7185, 9300, 8073, 401, 4621, 7566, 8611, 6615, 3683, 5591, 9319, 5935, 8407, 3339, 832, 2039, 3556, 7019, 7672, 9524, 9437, 2673, 1914, 1098, 7157, 4940, 3946, 2430, 2186, 6183, 4906, 9694, 2470, 8959, 4593, 2720, 2483, 6879, 4600, 6349, 7511, 749, 547, 2605, 4222, 2879, 3878, 6062, 3805, 2106, 7233, 1447, 941, 3214, 3612, 7042, 921, 5773, 4095, 8074, 3646, 1312, 4444, 1345, 7400, 6852, 219, 2818, 9568, 1443, 1000, 4756, 6125, 2038, 5868, 503, 7223, 8238, 2072, 2051, 8590, 5462, 7260, 5922, 8311, 9344, 8010, 8130, 8931, 9661, 1686, 798, 3325, 4149, 6802, 450, 3377, 3438, 9309, 587, 7978, 1912, 9652, 7070, 3588, 113, 7983, 9411, 9871, 5725, 9451, 4067, 8414, 8217, 2084, 8127, 4282, 3491, 1166, 2273, 5766, 9874, 5997, 5107, 3827, 6758, 7398, 8762, 4682, 9029, 5716, 1001, 9576, 2728, 9001, 695, 5027, 5169, 2697, 7521, 1514, 7397, 7728, 4662, 5175, 1438, 111, 1669, 3451, 3178, 3891, 6147, 2198, 4908, 3255, 961, 4825, 2269, 5675, 9497, 8664, 1588, 8272, 5843, 9703, 1772, 2678, 32, 7849, 6040, 9114, 204, 2778, 3795, 8222, 6270, 6382, 2261, 119, 2344, 5431, 745, 2972, 4174, 7178, 5926, 1270, 3100, 2707, 2138, 6542, 7286, 3126, 7330, 782, 5017, 4185, 5463, 5316, 7979, 6782, 4873, 7531, 768, 6398, 926, 628, 1847, 3194, 8269, 3018, 3726, 867, 5430, 7715, 5223, 4293, 4032, 5274, 3853, 9316, 1705, 556, 6990, 2054, 5157, 7646, 279, 3237, 992, 9764, 2446, 3669, 4336, 8788, 731, 4965, 8625, 8989, 2113, 2194, 8886, 9287, 8401, 2726, 5961, 1186, 7898, 5398, 4206, 9054, 9265, 1463, 1881, 1980, 9618, 9731, 5111, 2145, 5039, 1379, 3528, 2069, 2928, 9215, 5293]
[1728, 2467, 8629, 3740, 4527, 7666, 7773, 8508, 3458, 7270, 9003, 6142, 4102, 5381, 1358, 3657, 9271, 5275, 1207, 8735, 5509, 2659, 6163, 9720, 262, 1211, 9964, 7613, 5896, 4858, 8776, 7435, 170, 6258, 6084, 9283, 5221, 3236, 9984, 8463, 5342, 4473, 4792, 7367, 7724, 9587, 5810, 1244, 1594, 4559, 971, 5377, 9872, 8093, 5807, 3232, 1040, 8364, 5579, 329, 6934, 1377, 1544, 8018, 9911, 7396, 9372, 7489, 4478, 5218, 7313, 3379, 157, 6049, 673, 8829, 793, 3934, 5386, 9385, 6094, 139, 9951, 1350, 1534, 1607, 4826, 8110, 8103, 1112, 7600, 9247, 3013, 1161, 4051, 8347, 5426, 2528, 8557, 2998, 5061, 3708, 9657, 9426, 6679, 5354, 6145, 6109, 4351, 7075, 1778, 9098, 6555, 8678, 5077, 2661, 2824, 9456, 7248, 240, 1925, 8811, 5693, 114, 3465, 9377, 4726, 2541, 9135, 7285, 6657, 7347, 574, 5920, 31, 857, 5199, 8643, 4148, 4877, 674, 3074, 4435, 5503, 9659, 5737, 6280, 6362, 3167, 4703, 4278, 9244, 7802, 9883, 7009, 9612, 4709, 3978, 4987, 3531, 7624, 5678, 4335, 8970, 8623, 4964, 7146, 477, 2060, 4154, 7251, 6093, 5599, 9412, 1944, 1934, 6412, 8064, 7520, 8236, 644, 8168, 468, 3017, 1758, 2243, 9678, 3701, 4843, 3807, 9006, 4615, 4586, 7411, 7487, 8060, 7003, 2507, 4165, 8859, 295, 5738, 9725, 2671, 1354, 3162, 7104, 657, 3494, 5040, 9590, 3218, 962, 4308, 3393, 4215, 5243, 3997, 8243, 6153, 6454, 3965, 3149, 7747, 5003, 8444, 5732, 2304, 6404, 7733, 2863, 1300, 2486, 4063, 7185, 9300, 8073, 401, 4621, 7566, 8611, 6615, 3683, 5591, 9319, 5935, 8407, 3339, 832, 2039, 3556, 7019, 7672, 9524, 9437, 2673, 1914, 1098, 7157, 4940, 3946, 2430, 2186, 6183, 4906, 9694, 2470, 8959, 4593, 2720, 2483, 6879, 4600, 6349, 7511, 749, 547, 2605, 4222, 2879, 3878, 6062, 3805, 2106, 7233, 1447, 941, 3214, 3612, 7042, 921, 5773, 4095, 8074, 3646, 1312, 4444, 1345, 7400, 6852, 219, 2818, 9568, 1443, 1000, 4756, 6125, 2038, 5868, 503, 7223, 8238, 2072, 2051, 8590, 5462, 7260, 5922, 8311, 9344, 8010, 8130, 8931, 9661, 1686, 798, 3325, 4149, 6802, 450, 3377, 3438, 9309, 587, 7978, 1912, 9652, 7070, 3588, 113, 7983, 9411, 9871, 5725, 9451, 4067, 8414, 8217, 2084, 8127, 4282, 3491, 1166, 2273, 5766, 9874, 5997, 5107, 3827, 6758, 7398, 8762, 4682, 9029, 5716, 1001, 9576, 2728, 9001, 695, 5027, 5169, 2697, 7521, 1514, 7397, 7728, 4662, 5175, 1438, 111, 1669, 3451, 3178, 3891, 6147, 2198, 4908, 3255, 961, 4825, 2269, 5675, 9497, 8664, 1588, 8272, 5843, 9703, 1772, 2678, 32, 7849, 6040, 9114, 204, 2778, 3795, 8222, 6270, 6382, 2261, 119, 2344, 5431, 745, 2972, 4174, 7178, 5926, 1270, 3100, 2707, 2138, 6542, 7286, 3126, 7330, 782, 5017, 4185, 5463, 5316, 7979, 6782, 4873, 7531, 768, 6398, 926, 628, 1847, 3194, 8269, 3018, 3726, 867, 5430, 7715, 5223, 4293, 4032, 5274, 3853, 9316, 1705, 556, 6990, 2054, 5157, 7646, 279, 3237, 992, 9764, 2446, 3669, 4336, 8788, 731, 4965, 8625, 8989, 2113, 2194, 8886, 9287, 8401, 2726, 5961, 1186, 7898, 5398, 4206, 9054, 9265, 1463, 1881, 1980, 9618, 9731, 5111, 2145, 5039, 1379, 3528, 2069, 2928, 9215, 5293]
[1728, 2467, 8629, 3740, 4527, 7666, 7773, 8508, 3458, 7270, 9003, 6142, 4102, 5381, 1358, 3657, 9271, 5275, 1207, 8735, 5509, 2659, 6163, 9720, 262, 1211, 9964, 7613, 5896, 4858, 8776, 7435, 170, 6258, 6084, 9283, 5221, 3236, 9984, 8463, 5342, 4473, 4792, 7367, 7724, 9587, 5810, 1244, 1594, 4559, 971, 5377, 9872, 8093, 5807, 3232, 1040, 8364, 5579, 329, 6934, 1377, 1544, 8018, 9911, 7396, 9372, 7489, 4478, 5218, 7313, 3379, 157, 6049, 673, 8829, 793, 3934, 5386, 9385, 6094, 139, 9951, 1350, 1534, 1607, 4826, 8110, 8103, 1112, 7600, 9247, 3013, 1161, 4051, 8347, 5426, 2528, 8557, 2998, 5061, 3708, 9657, 9426, 6679, 5354, 6145, 6109, 4351, 7075, 1778, 9098, 6555, 8678, 5077, 2661, 2824, 9456, 7248, 240, 1925, 8811, 5693, 114, 3465, 9377, 4726, 2541, 9135, 7285, 6657, 7347, 574, 5920, 31, 857, 5199, 8643, 4148, 4877, 674, 3074, 4435, 5503, 9659, 5737, 6280, 6362, 3167, 4703, 4278, 9244, 7802, 9883, 7009, 9612, 4709, 3978, 4987, 3531, 7624, 5678, 4335, 8970, 8623, 4964, 7146, 477, 2060, 4154, 7251, 6093, 5599, 9412, 1944, 1934, 6412, 8064, 7520, 8236, 644, 8168, 468, 3017, 1758, 2243, 9678, 3701, 4843, 3807, 9006, 4615, 4586, 7411, 7487, 8060, 7003, 2507, 4165, 8859, 295, 5738, 9725, 2671, 1354, 3162, 7104, 657, 3494, 5040, 9590, 3218, 962, 4308, 3393, 4215, 5243, 3997, 8243, 6153, 6454, 3965, 3149, 7747, 5003, 8444, 5732, 2304, 6404, 7733, 2863, 1300, 2486, 4063, 7185, 9300, 8073, 401, 4621, 7566, 8611, 6615, 3683, 5591, 9319, 5935, 8407, 3339, 832, 2039, 3556, 7019, 7672, 9524, 9437, 2673, 1914, 1098, 7157, 4940, 3946, 2430, 2186, 6183, 4906, 9694, 2470, 8959, 4593, 2720, 2483, 6879, 4600, 6349, 7511, 749, 547, 2605, 4222, 2879, 3878, 6062, 3805, 2106, 7233, 1447, 941, 3214, 3612, 7042, 921, 5773, 4095, 8074, 3646, 1312, 4444, 1345, 7400, 6852, 219, 2818, 9568, 1443, 1000, 4756, 6125, 2038, 5868, 503, 7223, 8238, 2072, 2051, 8590, 5462, 7260, 5922, 8311, 9344, 8010, 8130, 8931, 9661, 1686, 798, 3325, 4149, 6802, 450, 3377, 3438, 9309, 587, 7978, 1912, 9652, 7070, 3588, 113, 7983, 9411, 9871, 5725, 9451, 4067, 8414, 8217, 2084, 8127, 4282, 3491, 1166, 2273, 5766, 9874, 5997, 5107, 3827, 6758, 7398, 8762, 4682, 9029, 5716, 1001, 9576, 2728, 9001, 695, 5027, 5169, 2697, 7521, 1514, 7397, 7728, 4662, 5175, 1438, 111, 1669, 3451, 3178, 3891, 6147, 2198, 4908, 3255, 961, 4825, 2269, 5675, 9497, 8664, 1588, 8272, 5843, 9703, 1772, 2678, 32, 7849, 6040, 9114, 204, 2778, 3795, 8222, 6270, 6382, 2261, 119, 2344, 5431, 745, 2972, 4174, 7178, 5926, 1270, 3100, 2707, 2138, 6542, 7286, 3126, 7330, 782, 5017, 4185, 5463, 5316, 7979, 6782, 4873, 7531, 768, 6398, 926, 628, 1847, 3194, 8269, 3018, 3726, 867, 5430, 7715, 5223, 4293, 4032, 5274, 3853, 9316, 1705, 556, 6990, 2054, 5157, 7646, 279, 3237, 992, 9764, 2446, 3669, 4336, 8788, 731, 4965, 8625, 8989, 2113, 2194, 8886, 9287, 8401, 2726, 5961, 1186, 7898, 5398, 4206, 9054, 9265, 1463, 1881, 1980, 9618, 9731, 5111, 2145, 5039, 1379, 3528, 2069, 2928, 9215, 5293]
[1728, 2467, 8629, 3740, 4527, 7666, 7773, 8508, 3458, 7270, 9003, 6142, 4102, 5381, 1358, 3657, 9271, 5275, 1207, 8735, 5509, 2659, 6163, 9720, 262, 1211, 9964, 7613, 5896, 4858, 8776, 7435, 170, 6258, 6084, 9283, 5221, 3236, 9984, 8463, 5342, 4473, 4792, 7367, 7724, 9587, 5810, 1244, 1594, 4559, 971, 5377, 9872, 8093, 5807, 3232, 1040, 8364, 5579, 329, 6934, 1377, 1544, 8018, 9911, 7396, 9372, 7489, 4478, 5218, 7313, 3379, 157, 6049, 673, 8829, 793, 3934, 5386, 9385, 6094, 139, 9951, 1350, 1534, 1607, 4826, 8110, 8103, 1112, 7600, 9247, 3013, 1161, 4051, 8347, 5426, 2528, 8557, 2998, 5061, 3708, 9657, 9426, 6679, 5354, 6145, 6109, 4351, 7075, 1778, 9098, 6555, 8678, 5077, 2661, 2824, 9456, 7248, 240, 1925, 8811, 5693, 114, 3465, 9377, 4726, 2541, 9135, 7285, 6657, 7347, 574, 5920, 31, 857, 5199, 8643, 4148, 4877, 674, 3074, 4435, 5503, 9659, 5737, 6280, 6362, 3167, 4703, 4278, 9244, 7802, 9883, 7009, 9612, 4709, 3978, 4987, 3531, 7624, 5678, 4335, 8970, 8623, 4964, 7146, 477, 2060, 4154, 7251, 6093, 5599, 9412, 1944, 1934, 6412, 8064, 7520, 8236, 644, 8168, 468, 3017, 1758, 2243, 9678, 3701, 4843, 3807, 9006, 4615, 4586, 7411, 7487, 8060, 7003, 2507, 4165, 8859, 295, 5738, 9725, 2671, 1354, 3162, 7104, 657, 3494, 5040, 9590, 3218, 962, 4308, 3393, 4215, 5243, 3997, 8243, 6153, 6454, 3965, 3149, 7747, 5003, 8444, 5732, 2304, 6404, 7733, 2863, 1300, 2486, 4063, 7185, 9300, 8073, 401, 4621, 7566, 8611, 6615, 3683, 5591, 9319, 5935, 8407, 3339, 832, 2039, 3556, 7019, 7672, 9524, 9437, 2673, 1914, 1098, 7157, 4940, 3946, 2430, 2186, 6183, 4906, 9694, 2470, 8959, 4593, 2720, 2483, 6879, 4600, 6349, 7511, 749, 547, 2605, 4222, 2879, 3878, 6062, 3805, 2106, 7233, 1447, 941, 3214, 3612, 7042, 921, 5773, 4095, 8074, 3646, 1312, 4444, 1345, 7400, 6852, 219, 2818, 9568, 1443, 1000, 4756, 6125, 2038, 5868, 503, 7223, 8238, 2072, 2051, 8590, 5462, 7260, 5922, 8311, 9344, 8010, 8130, 8931, 9661, 1686, 798, 3325, 4149, 6802, 450, 3377, 3438, 9309, 587, 7978, 1912, 9652, 7070, 3588, 113, 7983, 9411, 9871, 5725, 9451, 4067, 8414, 8217, 2084, 8127, 4282, 3491, 1166, 2273, 5766, 9874, 5997, 5107, 3827, 6758, 7398, 8762, 4682, 9029, 5716, 1001, 9576, 2728, 9001, 695, 5027, 5169, 2697, 7521, 1514, 7397, 7728, 4662, 5175, 1438, 111, 1669, 3451, 3178, 3891, 6147, 2198, 4908, 3255, 961, 4825, 2269, 5675, 9497, 8664, 1588, 8272, 5843, 9703, 1772, 2678, 32, 7849, 6040, 9114, 204, 2778, 3795, 8222, 6270, 6382, 2261, 119, 2344, 5431, 745, 2972, 4174, 7178, 5926, 1270, 3100, 2707, 2138, 6542, 7286, 3126, 7330, 782, 5017, 4185, 5463, 5316, 7979, 6782, 4873, 7531, 768, 6398, 926, 628, 1847, 3194, 8269, 3018, 3726, 867, 5430, 7715, 5223, 4293, 4032, 5274, 3853, 9316, 1705, 556, 6990, 2054, 5157, 7646, 279, 3237, 992, 9764, 2446, 3669, 4336, 8788, 731, 4965, 8625, 8989, 2113, 2194, 8886, 9287, 8401, 2726, 5961, 1186, 7898, 5398, 4206, 9054, 9265, 1463, 1881, 1980, 9618, 9731, 5111, 2145, 5039, 1379, 3528, 2069, 2928, 9215, 5293]
[1728, 2467, 8629, 3740, 4527, 7666, 7773, 8508, 3458, 7270, 9003, 6142, 4102, 5381, 1358, 3657, 9271, 5275, 1207, 8735, 5509, 2659, 6163, 9720, 262, 1211, 9964, 7613, 5896, 4858, 8776, 7435, 170, 6258, 6084, 9283, 5221, 3236, 9984, 8463, 5342, 4473, 4792, 7367, 7724, 9587, 5810, 1244, 1594, 4559, 971, 5377, 9872, 8093, 5807, 3232, 1040, 8364, 5579, 329, 6934, 1377, 1544, 8018, 9911, 7396, 9372, 7489, 4478, 5218, 7313, 3379, 157, 6049, 673, 8829, 793, 3934, 5386, 9385, 6094, 139, 9951, 1350, 1534, 1607, 4826, 8110, 8103, 1112, 7600, 9247, 3013, 1161, 4051, 8347, 5426, 2528, 8557, 2998, 5061, 3708, 9657, 9426, 6679, 5354, 6145, 6109, 4351, 7075, 1778, 9098, 6555, 8678, 5077, 2661, 2824, 9456, 7248, 240, 1925, 8811, 5693, 114, 3465, 9377, 4726, 2541, 9135, 7285, 6657, 7347, 574, 5920, 31, 857, 5199, 8643, 4148, 4877, 674, 3074, 4435, 5503, 9659, 5737, 6280, 6362, 3167, 4703, 4278, 9244, 7802, 9883, 7009, 9612, 4709, 3978, 4987, 3531, 7624, 5678, 4335, 8970, 8623, 4964, 7146, 477, 2060, 4154, 7251, 6093, 5599, 9412, 1944, 1934, 6412, 8064, 7520, 8236, 644, 8168, 468, 3017, 1758, 2243, 9678, 3701, 4843, 3807, 9006, 4615, 4586, 7411, 7487, 8060, 7003, 2507, 4165, 8859, 295, 5738, 9725, 2671, 1354, 3162, 7104, 657, 3494, 5040, 9590, 3218, 962, 4308, 3393, 4215, 5243, 3997, 8243, 6153, 6454, 3965, 3149, 7747, 5003, 8444, 5732, 2304, 6404, 7733, 2863, 1300, 2486, 4063, 7185, 9300, 8073, 401, 4621, 7566, 8611, 6615, 3683, 5591, 9319, 5935, 8407, 3339, 832, 2039, 3556, 7019, 7672, 9524, 9437, 2673, 1914, 1098, 7157, 4940, 3946, 2430, 2186, 6183, 4906, 9694, 2470, 8959, 4593, 2720, 2483, 6879, 4600, 6349, 7511, 749, 547, 2605, 4222, 2879, 3878, 6062, 3805, 2106, 7233, 1447, 941, 3214, 3612, 7042, 921, 5773, 4095, 8074, 3646, 1312, 4444, 1345, 7400, 6852, 219, 2818, 9568, 1443, 1000, 4756, 6125, 2038, 5868, 503, 7223, 8238, 2072, 2051, 8590, 5462, 7260, 5922, 8311, 9344, 8010, 8130, 8931, 9661, 1686, 798, 3325, 4149, 6802, 450, 3377, 3438, 9309, 587, 7978, 1912, 9652, 7070, 3588, 113, 7983, 9411, 9871, 5725, 9451, 4067, 8414, 8217, 2084, 8127, 4282, 3491, 1166, 2273, 5766, 9874, 5997, 5107, 3827, 6758, 7398, 8762, 4682, 9029, 5716, 1001, 9576, 2728, 9001, 695, 5027, 5169, 2697, 7521, 1514, 7397, 7728, 4662, 5175, 1438, 111, 1669, 3451, 3178, 3891, 6147, 2198, 4908, 3255, 961, 4825, 2269, 5675, 9497, 8664, 1588, 8272, 5843, 9703, 1772, 2678, 32, 7849, 6040, 9114, 204, 2778, 3795, 8222, 6270, 6382, 2261, 119, 2344, 5431, 745, 2972, 4174, 7178, 5926, 1270, 3100, 2707, 2138, 6542, 7286, 3126, 7330, 782, 5017, 4185, 5463, 5316, 7979, 6782, 4873, 7531, 768, 6398, 926, 628, 1847, 3194, 8269, 3018, 3726, 867, 5430, 7715, 5223, 4293, 4032, 5274, 3853, 9316, 1705, 556, 6990, 2054, 5157, 7646, 279, 3237, 992, 9764, 2446, 3669, 4336, 8788, 731, 4965, 8625, 8989, 2113, 2194, 8886, 9287, 8401, 2726, 5961, 1186, 7898, 5398, 4206, 9054, 9265, 1463, 1881, 1980, 9618, 9731, 5111, 2145, 5039, 1379, 3528, 2069, 2928, 9215, 5293]
[1728, 2467, 8629, 3740, 4527, 7666, 7773, 8508, 3458, 7270, 9003, 6142, 4102, 5381, 1358, 3657, 9271, 5275, 1207, 8735, 5509, 2659, 6163, 9720, 262, 1211, 9964, 7613, 5896, 4858, 8776, 7435, 170, 6258, 6084, 9283, 5221, 3236, 9984, 8463, 5342, 4473, 4792, 7367, 7724, 9587, 5810, 1244, 1594, 4559, 971, 5377, 9872, 8093, 5807, 3232, 1040, 8364, 5579, 329, 6934, 1377, 1544, 8018, 9911, 7396, 9372, 7489, 4478, 5218, 7313, 3379, 157, 6049, 673, 8829, 793, 3934, 5386, 9385, 6094, 139, 9951, 1350, 1534, 1607, 4826, 8110, 8103, 1112, 7600, 9247, 3013, 1161, 4051, 8347, 5426, 2528, 8557, 2998, 5061, 3708, 9657, 9426, 6679, 5354, 6145, 6109, 4351, 7075, 1778, 9098, 6555, 8678, 5077, 2661, 2824, 9456, 7248, 240, 1925, 8811, 5693, 114, 3465, 9377, 4726, 2541, 9135, 7285, 6657, 7347, 574, 5920, 31, 857, 5199, 8643, 4148, 4877, 674, 3074, 4435, 5503, 9659, 5737, 6280, 6362, 3167, 4703, 4278, 9244, 7802, 9883, 7009, 9612, 4709, 3978, 4987, 3531, 7624, 5678, 4335, 8970, 8623, 4964, 7146, 477, 2060, 4154, 7251, 6093, 5599, 9412, 1944, 1934, 6412, 8064, 7520, 8236, 644, 8168, 468, 3017, 1758, 2243, 9678, 3701, 4843, 3807, 9006, 4615, 4586, 7411, 7487, 8060, 7003, 2507, 4165, 8859, 295, 5738, 9725, 2671, 1354, 3162, 7104, 657, 3494, 5040, 9590, 3218, 962, 4308, 3393, 4215, 5243, 3997, 8243, 6153, 6454, 3965, 3149, 7747, 5003, 8444, 5732, 2304, 6404, 7733, 2863, 1300, 2486, 4063, 7185, 9300, 8073, 401, 4621, 7566, 8611, 6615, 3683, 5591, 9319, 5935, 8407, 3339, 832, 2039, 3556, 7019, 7672, 9524, 9437, 2673, 1914, 1098, 7157, 4940, 3946, 2430, 2186, 6183, 4906, 9694, 2470, 8959, 4593, 2720, 2483, 6879, 4600, 6349, 7511, 749, 547, 2605, 4222, 2879, 3878, 6062, 3805, 2106, 7233, 1447, 941, 3214, 3612, 7042, 921, 5773, 4095, 8074, 3646, 1312, 4444, 1345, 7400, 6852, 219, 2818, 9568, 1443, 1000, 4756, 6125, 2038, 5868, 503, 7223, 8238, 2072, 2051, 8590, 5462, 7260, 5922, 8311, 9344, 8010, 8130, 8931, 9661, 1686, 798, 3325, 4149, 6802, 450, 3377, 3438, 9309, 587, 7978, 1912, 9652, 7070, 3588, 113, 7983, 9411, 9871, 5725, 9451, 4067, 8414, 8217, 2084, 8127, 4282, 3491, 1166, 2273, 5766, 9874, 5997, 5107, 3827, 6758, 7398, 8762, 4682, 9029, 5716, 1001, 9576, 2728, 9001, 695, 5027, 5169, 2697, 7521, 1514, 7397, 7728, 4662, 5175, 1438, 111, 1669, 3451, 3178, 3891, 6147, 2198, 4908, 3255, 961, 4825, 2269, 5675, 9497, 8664, 1588, 8272, 5843, 9703, 1772, 2678, 32, 7849, 6040, 9114, 204, 2778, 3795, 8222, 6270, 6382, 2261, 119, 2344, 5431, 745, 2972, 4174, 7178, 5926, 1270, 3100, 2707, 2138, 6542, 7286, 3126, 7330, 782, 5017, 4185, 5463, 5316, 7979, 6782, 4873, 7531, 768, 6398, 926, 628, 1847, 3194, 8269, 3018, 3726, 867, 5430, 7715, 5223, 4293, 4032, 5274, 3853, 9316, 1705, 556, 6990, 2054, 5157, 7646, 279, 3237, 992, 9764, 2446, 3669, 4336, 8788, 731, 4965, 8625, 8989, 2113, 2194, 8886, 9287, 8401, 2726, 5961, 1186, 7898, 5398, 4206, 9054, 9265, 1463, 1881, 1980, 9618, 9731, 5111, 2145, 5039, 1379, 3528, 2069, 2928, 9215, 5293]
[1728, 2467, 8629, 3740, 4527, 7666, 7773, 8508, 3458, 7270, 9003, 6142, 4102, 5381, 1358, 3657, 9271, 5275, 1207, 8735, 5509, 2659, 6163, 9720, 262, 1211, 9964, 7613, 5896, 4858, 8776, 7435, 170, 6258, 6084, 9283, 5221, 3236, 9984, 8463, 5342, 4473, 4792, 7367, 7724, 9587, 5810, 1244, 1594, 4559, 971, 5377, 9872, 8093, 5807, 3232, 1040, 8364, 5579, 329, 6934, 1377, 1544, 8018, 9911, 7396, 9372, 7489, 4478, 5218, 7313, 3379, 157, 6049, 673, 8829, 793, 3934, 5386, 9385, 6094, 139, 9951, 1350, 1534, 1607, 4826, 8110, 8103, 1112, 7600, 9247, 3013, 1161, 4051, 8347, 5426, 2528, 8557, 2998, 5061, 3708, 9657, 9426, 6679, 5354, 6145, 6109, 4351, 7075, 1778, 9098, 6555, 8678, 5077, 2661, 2824, 9456, 7248, 240, 1925, 8811, 5693, 114, 3465, 9377, 4726, 2541, 9135, 7285, 6657, 7347, 574, 5920, 31, 857, 5199, 8643, 4148, 4877, 674, 3074, 4435, 5503, 9659, 5737, 6280, 6362, 3167, 4703, 4278, 9244, 7802, 9883, 7009, 9612, 4709, 3978, 4987, 3531, 7624, 5678, 4335, 8970, 8623, 4964, 7146, 477, 2060, 4154, 7251, 6093, 5599, 9412, 1944, 1934, 6412, 8064, 7520, 8236, 644, 8168, 468, 3017, 1758, 2243, 9678, 3701, 4843, 3807, 9006, 4615, 4586, 7411, 7487, 8060, 7003, 2507, 4165, 8859, 295, 5738, 9725, 2671, 1354, 3162, 7104, 657, 3494, 5040, 9590, 3218, 962, 4308, 3393, 4215, 5243, 3997, 8243, 6153, 6454, 3965, 3149, 7747, 5003, 8444, 5732, 2304, 6404, 7733, 2863, 1300, 2486, 4063, 7185, 9300, 8073, 401, 4621, 7566, 8611, 6615, 3683, 5591, 9319, 5935, 8407, 3339, 832, 2039, 3556, 7019, 7672, 9524, 9437, 2673, 1914, 1098, 7157, 4940, 3946, 2430, 2186, 6183, 4906, 9694, 2470, 8959, 4593, 2720, 2483, 6879, 4600, 6349, 7511, 749, 547, 2605, 4222, 2879, 3878, 6062, 3805, 2106, 7233, 1447, 941, 3214, 3612, 7042, 921, 5773, 4095, 8074, 3646, 1312, 4444, 1345, 7400, 6852, 219, 2818, 9568, 1443, 1000, 4756, 6125, 2038, 5868, 503, 7223, 8238, 2072, 2051, 8590, 5462, 7260, 5922, 8311, 9344, 8010, 8130, 8931, 9661, 1686, 798, 3325, 4149, 6802, 450, 3377, 3438, 9309, 587, 7978, 1912, 9652, 7070, 3588, 113, 7983, 9411, 9871, 5725, 9451, 4067, 8414, 8217, 2084, 8127, 4282, 3491, 1166, 2273, 5766, 9874, 5997, 5107, 3827, 6758, 7398, 8762, 4682, 9029, 5716, 1001, 9576, 2728, 9001, 695, 5027, 5169, 2697, 7521, 1514, 7397, 7728, 4662, 5175, 1438, 111, 1669, 3451, 3178, 3891, 6147, 2198, 4908, 3255, 961, 4825, 2269, 5675, 9497, 8664, 1588, 8272, 5843, 9703, 1772, 2678, 32, 7849, 6040, 9114, 204, 2778, 3795, 8222, 6270, 6382, 2261, 119, 2344, 5431, 745, 2972, 4174, 7178, 5926, 1270, 3100, 2707, 2138, 6542, 7286, 3126, 7330, 782, 5017, 4185, 5463, 5316, 7979, 6782, 4873, 7531, 768, 6398, 926, 628, 1847, 3194, 8269, 3018, 3726, 867, 5430, 7715, 5223, 4293, 4032, 5274, 3853, 9316, 1705, 556, 6990, 2054, 5157, 7646, 279, 3237, 992, 9764, 2446, 3669, 4336, 8788, 731, 4965, 8625, 8989, 2113, 2194, 8886, 9287, 8401, 2726, 5961, 1186, 7898, 5398, 4206, 9054, 9265, 1463, 1881, 1980, 9618, 9731, 5111, 2145, 5039, 1379, 3528, 2069, 2928, 9215, 5293]
[1728, 2467, 8629, 3740, 4527, 7666, 7773, 8508, 3458, 7270, 9003, 6142, 4102, 5381, 1358, 3657, 9271, 5275, 1207, 8735, 5509, 2659, 6163, 9720, 262, 1211, 9964, 7613, 5896, 4858, 8776, 7435, 170, 6258, 6084, 9283, 5221, 3236, 9984, 8463, 5342, 4473, 4792, 7367, 7724, 9587, 5810, 1244, 1594, 4559, 971, 5377, 9872, 8093, 5807, 3232, 1040, 8364, 5579, 329, 6934, 1377, 1544, 8018, 9911, 7396, 9372, 7489, 4478, 5218, 7313, 3379, 157, 6049, 673, 8829, 793, 3934, 5386, 9385, 6094, 139, 9951, 1350, 1534, 1607, 4826, 8110, 8103, 1112, 7600, 9247, 3013, 1161, 4051, 8347, 5426, 2528, 8557, 2998, 5061, 3708, 9657, 9426, 6679, 5354, 6145, 6109, 4351, 7075, 1778, 9098, 6555, 8678, 5077, 2661, 2824, 9456, 7248, 240, 1925, 8811, 5693, 114, 3465, 9377, 4726, 2541, 9135, 7285, 6657, 7347, 574, 5920, 31, 857, 5199, 8643, 4148, 4877, 674, 3074, 4435, 5503, 9659, 5737, 6280, 6362, 3167, 4703, 4278, 9244, 7802, 9883, 7009, 9612, 4709, 3978, 4987, 3531, 7624, 5678, 4335, 8970, 8623, 4964, 7146, 477, 2060, 4154, 7251, 6093, 5599, 9412, 1944, 1934, 6412, 8064, 7520, 8236, 644, 8168, 468, 3017, 1758, 2243, 9678, 3701, 4843, 3807, 9006, 4615, 4586, 7411, 7487, 8060, 7003, 2507, 4165, 8859, 295, 5738, 9725, 2671, 1354, 3162, 7104, 657, 3494, 5040, 9590, 3218, 962, 4308, 3393, 4215, 5243, 3997, 8243, 6153, 6454, 3965, 3149, 7747, 5003, 8444, 5732, 2304, 6404, 7733, 2863, 1300, 2486, 4063, 7185, 9300, 8073, 401, 4621, 7566, 8611, 6615, 3683, 5591, 9319, 5935, 8407, 3339, 832, 2039, 3556, 7019, 7672, 9524, 9437, 2673, 1914, 1098, 7157, 4940, 3946, 2430, 2186, 6183, 4906, 9694, 2470, 8959, 4593, 2720, 2483, 6879, 4600, 6349, 7511, 749, 547, 2605, 4222, 2879, 3878, 6062, 3805, 2106, 7233, 1447, 941, 3214, 3612, 7042, 921, 5773, 4095, 8074, 3646, 1312, 4444, 1345, 7400, 6852, 219, 2818, 9568, 1443, 1000, 4756, 6125, 2038, 5868, 503, 7223, 8238, 2072, 2051, 8590, 5462, 7260, 5922, 8311, 9344, 8010, 8130, 8931, 9661, 1686, 798, 3325, 4149, 6802, 450, 3377, 3438, 9309, 587, 7978, 1912, 9652, 7070, 3588, 113, 7983, 9411, 9871, 5725, 9451, 4067, 8414, 8217, 2084, 8127, 4282, 3491, 1166, 2273, 5766, 9874, 5997, 5107, 3827, 6758, 7398, 8762, 4682, 9029, 5716, 1001, 9576, 2728, 9001, 695, 5027, 5169, 2697, 7521, 1514, 7397, 7728, 4662, 5175, 1438, 111, 1669, 3451, 3178, 3891, 6147, 2198, 4908, 3255, 961, 4825, 2269, 5675, 9497, 8664, 1588, 8272, 5843, 9703, 1772, 2678, 32, 7849, 6040, 9114, 204, 2778, 3795, 8222, 6270, 6382, 2261, 119, 2344, 5431, 745, 2972, 4174, 7178, 5926, 1270, 3100, 2707, 2138, 6542, 7286, 3126, 7330, 782, 5017, 4185, 5463, 5316, 7979, 6782, 4873, 7531, 768, 6398, 926, 628, 1847, 3194, 8269, 3018, 3726, 867, 5430, 7715, 5223, 4293, 4032, 5274, 3853, 9316, 1705, 556, 6990, 2054, 5157, 7646, 279, 3237, 992, 9764, 2446, 3669, 4336, 8788, 731, 4965, 8625, 8989, 2113, 2194, 8886, 9287, 8401, 2726, 5961, 1186, 7898, 5398, 4206, 9054, 9265, 1463, 1881, 1980, 9618, 9731, 5111, 2145, 5039, 1379, 3528, 2069, 2928, 9215, 5293]
[1728, 2467, 8629, 3740, 4527, 7666, 7773, 8508, 3458, 7270, 9003, 6142, 4102, 5381, 1358, 3657, 9271, 5275, 1207, 8735, 5509, 2659, 6163, 9720, 262, 1211, 9964, 7613, 5896, 4858, 8776, 7435, 170, 6258, 6084, 9283, 5221, 3236, 9984, 8463, 5342, 4473, 4792, 7367, 7724, 9587, 5810, 1244, 1594, 4559, 971, 5377, 9872, 8093, 5807, 3232, 1040, 8364, 5579, 329, 6934, 1377, 1544, 8018, 9911, 7396, 9372, 7489, 4478, 5218, 7313, 3379, 157, 6049, 673, 8829, 793, 3934, 5386, 9385, 6094, 139, 9951, 1350, 1534, 1607, 4826, 8110, 8103, 1112, 7600, 9247, 3013, 1161, 4051, 8347, 5426, 2528, 8557, 2998, 5061, 3708, 9657, 9426, 6679, 5354, 6145, 6109, 4351, 7075, 1778, 9098, 6555, 8678, 5077, 2661, 2824, 9456, 7248, 240, 1925, 8811, 5693, 114, 3465, 9377, 4726, 2541, 9135, 7285, 6657, 7347, 574, 5920, 31, 857, 5199, 8643, 4148, 4877, 674, 3074, 4435, 5503, 9659, 5737, 6280, 6362, 3167, 4703, 4278, 9244, 7802, 9883, 7009, 9612, 4709, 3978, 4987, 3531, 7624, 5678, 4335, 8970, 8623, 4964, 7146, 477, 2060, 4154, 7251, 6093, 5599, 9412, 1944, 1934, 6412, 8064, 7520, 8236, 644, 8168, 468, 3017, 1758, 2243, 9678, 3701, 4843, 3807, 9006, 4615, 4586, 7411, 7487, 8060, 7003, 2507, 4165, 8859, 295, 5738, 9725, 2671, 1354, 3162, 7104, 657, 3494, 5040, 9590, 3218, 962, 4308, 3393, 4215, 5243, 3997, 8243, 6153, 6454, 3965, 3149, 7747, 5003, 8444, 5732, 2304, 6404, 7733, 2863, 1300, 2486, 4063, 7185, 9300, 8073, 401, 4621, 7566, 8611, 6615, 3683, 5591, 9319, 5935, 8407, 3339, 832, 2039, 3556, 7019, 7672, 9524, 9437, 2673, 1914, 1098, 7157, 4940, 3946, 2430, 2186, 6183, 4906, 9694, 2470, 8959, 4593, 2720, 2483, 6879, 4600, 6349, 7511, 749, 547, 2605, 4222, 2879, 3878, 6062, 3805, 2106, 7233, 1447, 941, 3214, 3612, 7042, 921, 5773, 4095, 8074, 3646, 1312, 4444, 1345, 7400, 6852, 219, 2818, 9568, 1443, 1000, 4756, 6125, 2038, 5868, 503, 7223, 8238, 2072, 2051, 8590, 5462, 7260, 5922, 8311, 9344, 8010, 8130, 8931, 9661, 1686, 798, 3325, 4149, 6802, 450, 3377, 3438, 9309, 587, 7978, 1912, 9652, 7070, 3588, 113, 7983, 9411, 9871, 5725, 9451, 4067, 8414, 8217, 2084, 8127, 4282, 3491, 1166, 2273, 5766, 9874, 5997, 5107, 3827, 6758, 7398, 8762, 4682, 9029, 5716, 1001, 9576, 2728, 9001, 695, 5027, 5169, 2697, 7521, 1514, 7397, 7728, 4662, 5175, 1438, 111, 1669, 3451, 3178, 3891, 6147, 2198, 4908, 3255, 961, 4825, 2269, 5675, 9497, 8664, 1588, 8272, 5843, 9703, 1772, 2678, 32, 7849, 6040, 9114, 204, 2778, 3795, 8222, 6270, 6382, 2261, 119, 2344, 5431, 745, 2972, 4174, 7178, 5926, 1270, 3100, 2707, 2138, 6542, 7286, 3126, 7330, 782, 5017, 4185, 5463, 5316, 7979, 6782, 4873, 7531, 768, 6398, 926, 628, 1847, 3194, 8269, 3018, 3726, 867, 5430, 7715, 5223, 4293, 4032, 5274, 3853, 9316, 1705, 556, 6990, 2054, 5157, 7646, 279, 3237, 992, 9764, 2446, 3669, 4336, 8788, 731, 4965, 8625, 8989, 2113, 2194, 8886, 9287, 8401, 2726, 5961, 1186, 7898, 5398, 4206, 9054, 9265, 1463, 1881, 1980, 9618, 9731, 5111, 2145, 5039, 1379, 3528, 2069, 2928, 9215, 5293]
[1728, 2467, 8629, 3740, 4527, 7666, 7773, 8508, 3458, 7270, 9003, 6142, 4102, 5381, 1358, 3657, 9271, 5275, 1207, 8735, 5509, 2659, 6163, 9720, 262, 1211, 9964, 7613, 5896, 4858, 8776, 7435, 170, 6258, 6084, 9283, 5221, 3236, 9984, 8463, 5342, 4473, 4792, 7367, 7724, 9587, 5810, 1244, 1594, 4559, 971, 5377, 9872, 8093, 5807, 3232, 1040, 8364, 5579, 329, 6934, 1377, 1544, 8018, 9911, 7396, 9372, 7489, 4478, 5218, 7313, 3379, 157, 6049, 673, 8829, 793, 3934, 5386, 9385, 6094, 139, 9951, 1350, 1534, 1607, 4826, 8110, 8103, 1112, 7600, 9247, 3013, 1161, 4051, 8347, 5426, 2528, 8557, 2998, 5061, 3708, 9657, 9426, 6679, 5354, 6145, 6109, 4351, 7075, 1778, 9098, 6555, 8678, 5077, 2661, 2824, 9456, 7248, 240, 1925, 8811, 5693, 114, 3465, 9377, 4726, 2541, 9135, 7285, 6657, 7347, 574, 5920, 31, 857, 5199, 8643, 4148, 4877, 674, 3074, 4435, 5503, 9659, 5737, 6280, 6362, 3167, 4703, 4278, 9244, 7802, 9883, 7009, 9612, 4709, 3978, 4987, 3531, 7624, 5678, 4335, 8970, 8623, 4964, 7146, 477, 2060, 4154, 7251, 6093, 5599, 9412, 1944, 1934, 6412, 8064, 7520, 8236, 644, 8168, 468, 3017, 1758, 2243, 9678, 3701, 4843, 3807, 9006, 4615, 4586, 7411, 7487, 8060, 7003, 2507, 4165, 8859, 295, 5738, 9725, 2671, 1354, 3162, 7104, 657, 3494, 5040, 9590, 3218, 962, 4308, 3393, 4215, 5243, 3997, 8243, 6153, 6454, 3965, 3149, 7747, 5003, 8444, 5732, 2304, 6404, 7733, 2863, 1300, 2486, 4063, 7185, 9300, 8073, 401, 4621, 7566, 8611, 6615, 3683, 5591, 9319, 5935, 8407, 3339, 832, 2039, 3556, 7019, 7672, 9524, 9437, 2673, 1914, 1098, 7157, 4940, 3946, 2430, 2186, 6183, 4906, 9694, 2470, 8959, 4593, 2720, 2483, 6879, 4600, 6349, 7511, 749, 547, 2605, 4222, 2879, 3878, 6062, 3805, 2106, 7233, 1447, 941, 3214, 3612, 7042, 921, 5773, 4095, 8074, 3646, 1312, 4444, 1345, 7400, 6852, 219, 2818, 9568, 1443, 1000, 4756, 6125, 2038, 5868, 503, 7223, 8238, 2072, 2051, 8590, 5462, 7260, 5922, 8311, 9344, 8010, 8130, 8931, 9661, 1686, 798, 3325, 4149, 6802, 450, 3377, 3438, 9309, 587, 7978, 1912, 9652, 7070, 3588, 113, 7983, 9411, 9871, 5725, 9451, 4067, 8414, 8217, 2084, 8127, 4282, 3491, 1166, 2273, 5766, 9874, 5997, 5107, 3827, 6758, 7398, 8762, 4682, 9029, 5716, 1001, 9576, 2728, 9001, 695, 5027, 5169, 2697, 7521, 1514, 7397, 7728, 4662, 5175, 1438, 111, 1669, 3451, 3178, 3891, 6147, 2198, 4908, 3255, 961, 4825, 2269, 5675, 9497, 8664, 1588, 8272, 5843, 9703, 1772, 2678, 32, 7849, 6040, 9114, 204, 2778, 3795, 8222, 6270, 6382, 2261, 119, 2344, 5431, 745, 2972, 4174, 7178, 5926, 1270, 3100, 2707, 2138, 6542, 7286, 3126, 7330, 782, 5017, 4185, 5463, 5316, 7979, 6782, 4873, 7531, 768, 6398, 926, 628, 1847, 3194, 8269, 3018, 3726, 867, 5430, 7715, 5223, 4293, 4032, 5274, 3853, 9316, 1705, 556, 6990, 2054, 5157, 7646, 279, 3237, 992, 9764, 2446, 3669, 4336, 8788, 731, 4965, 8625, 8989, 2113, 2194, 8886, 9287, 8401, 2726, 5961, 1186, 7898, 5398, 4206, 9054, 9265, 1463, 1881, 1980, 9618, 9731, 5111, 2145, 5039, 1379, 3528, 2069, 2928, 9215, 5293]
[1728, 2467, 8629, 3740, 4527, 7666, 7773, 8508, 3458, 7270, 9003, 6142, 4102, 5381, 1358, 3657, 9271, 5275, 1207, 8735, 5509, 2659, 6163, 9720, 262, 1211, 9964, 7613, 5896, 4858, 8776, 7435, 170, 6258, 6084, 9283, 5221, 3236, 9984, 8463, 5342, 4473, 4792, 7367, 7724, 9587, 5810, 1244, 1594, 4559, 971, 5377, 9872, 8093, 5807, 3232, 1040, 8364, 5579, 329, 6934, 1377, 1544, 8018, 9911, 7396, 9372, 7489, 4478, 5218, 7313, 3379, 157, 6049, 673, 8829, 793, 3934, 5386, 9385, 6094, 139, 9951, 1350, 1534, 1607, 4826, 8110, 8103, 1112, 7600, 9247, 3013, 1161, 4051, 8347, 5426, 2528, 8557, 2998, 5061, 3708, 9657, 9426, 6679, 5354, 6145, 6109, 4351, 7075, 1778, 9098, 6555, 8678, 5077, 2661, 2824, 9456, 7248, 240, 1925, 8811, 5693, 114, 3465, 9377, 4726, 2541, 9135, 7285, 6657, 7347, 574, 5920, 31, 857, 5199, 8643, 4148, 4877, 674, 3074, 4435, 5503, 9659, 5737, 6280, 6362, 3167, 4703, 4278, 9244, 7802, 9883, 7009, 9612, 4709, 3978, 4987, 3531, 7624, 5678, 4335, 8970, 8623, 4964, 7146, 477, 2060, 4154, 7251, 6093, 5599, 9412, 1944, 1934, 6412, 8064, 7520, 8236, 644, 8168, 468, 3017, 1758, 2243, 9678, 3701, 4843, 3807, 9006, 4615, 4586, 7411, 7487, 8060, 7003, 2507, 4165, 8859, 295, 5738, 9725, 2671, 1354, 3162, 7104, 657, 3494, 5040, 9590, 3218, 962, 4308, 3393, 4215, 5243, 3997, 8243, 6153, 6454, 3965, 3149, 7747, 5003, 8444, 5732, 2304, 6404, 7733, 2863, 1300, 2486, 4063, 7185, 9300, 8073, 401, 4621, 7566, 8611, 6615, 3683, 5591, 9319, 5935, 8407, 3339, 832, 2039, 3556, 7019, 7672, 9524, 9437, 2673, 1914, 1098, 7157, 4940, 3946, 2430, 2186, 6183, 4906, 9694, 2470, 8959, 4593, 2720, 2483, 6879, 4600, 6349, 7511, 749, 547, 2605, 4222, 2879, 3878, 6062, 3805, 2106, 7233, 1447, 941, 3214, 3612, 7042, 921, 5773, 4095, 8074, 3646, 1312, 4444, 1345, 7400, 6852, 219, 2818, 9568, 1443, 1000, 4756, 6125, 2038, 5868, 503, 7223, 8238, 2072, 2051, 8590, 5462, 7260, 5922, 8311, 9344, 8010, 8130, 8931, 9661, 1686, 798, 3325, 4149, 6802, 450, 3377, 3438, 9309, 587, 7978, 1912, 9652, 7070, 3588, 113, 7983, 9411, 9871, 5725, 9451, 4067, 8414, 8217, 2084, 8127, 4282, 3491, 1166, 2273, 5766, 9874, 5997, 5107, 3827, 6758, 7398, 8762, 4682, 9029, 5716, 1001, 9576, 2728, 9001, 695, 5027, 5169, 2697, 7521, 1514, 7397, 7728, 4662, 5175, 1438, 111, 1669, 3451, 3178, 3891, 6147, 2198, 4908, 3255, 961, 4825, 2269, 5675, 9497, 8664, 1588, 8272, 5843, 9703, 1772, 2678, 32, 7849, 6040, 9114, 204, 2778, 3795, 8222, 6270, 6382, 2261, 119, 2344, 5431, 745, 2972, 4174, 7178, 5926, 1270, 3100, 2707, 2138, 6542, 7286, 3126, 7330, 782, 5017, 4185, 5463, 5316, 7979, 6782, 4873, 7531, 768, 6398, 926, 628, 1847, 3194, 8269, 3018, 3726, 867, 5430, 7715, 5223, 4293, 4032, 5274, 3853, 9316, 1705, 556, 6990, 2054, 5157, 7646, 279, 3237, 992, 9764, 2446, 3669, 4336, 8788, 731, 4965, 8625, 8989, 2113, 2194, 8886, 9287, 8401, 2726, 5961, 1186, 7898, 5398, 4206, 9054, 9265, 1463, 1881, 1980, 9618, 9731, 5111, 2145, 5039, 1379, 3528, 2069, 2928, 9215, 5293]
[1728, 2467, 8629, 3740, 4527, 7666, 7773, 8508, 3458, 7270, 9003, 6142, 4102, 5381, 1358, 3657, 9271, 5275, 1207, 8735, 5509, 2659, 6163, 9720, 262, 1211, 9964, 7613, 5896, 4858, 8776, 7435, 170, 6258, 6084, 9283, 5221, 3236, 9984, 8463, 5342, 4473, 4792, 7367, 7724, 9587, 5810, 1244, 1594, 4559, 971, 5377, 9872, 8093, 5807, 3232, 1040, 8364, 5579, 329, 6934, 1377, 1544, 8018, 9911, 7396, 9372, 7489, 4478, 5218, 7313, 3379, 157, 6049, 673, 8829, 793, 3934, 5386, 9385, 6094, 139, 9951, 1350, 1534, 1607, 4826, 8110, 8103, 1112, 7600, 9247, 3013, 1161, 4051, 8347, 5426, 2528, 8557, 2998, 5061, 3708, 9657, 9426, 6679, 5354, 6145, 6109, 4351, 7075, 1778, 9098, 6555, 8678, 5077, 2661, 2824, 9456, 7248, 240, 1925, 8811, 5693, 114, 3465, 9377, 4726, 2541, 9135, 7285, 6657, 7347, 574, 5920, 31, 857, 5199, 8643, 4148, 4877, 674, 3074, 4435, 5503, 9659, 5737, 6280, 6362, 3167, 4703, 4278, 9244, 7802, 9883, 7009, 9612, 4709, 3978, 4987, 3531, 7624, 5678, 4335, 8970, 8623, 4964, 7146, 477, 2060, 4154, 7251, 6093, 5599, 9412, 1944, 1934, 6412, 8064, 7520, 8236, 644, 8168, 468, 3017, 1758, 2243, 9678, 3701, 4843, 3807, 9006, 4615, 4586, 7411, 7487, 8060, 7003, 2507, 4165, 8859, 295, 5738, 9725, 2671, 1354, 3162, 7104, 657, 3494, 5040, 9590, 3218, 962, 4308, 3393, 4215, 5243, 3997, 8243, 6153, 6454, 3965, 3149, 7747, 5003, 8444, 5732, 2304, 6404, 7733, 2863, 1300, 2486, 4063, 7185, 9300, 8073, 401, 4621, 7566, 8611, 6615, 3683, 5591, 9319, 5935, 8407, 3339, 832, 2039, 3556, 7019, 7672, 9524, 9437, 2673, 1914, 1098, 7157, 4940, 3946, 2430, 2186, 6183, 4906, 9694, 2470, 8959, 4593, 2720, 2483, 6879, 4600, 6349, 7511, 749, 547, 2605, 4222, 2879, 3878, 6062, 3805, 2106, 7233, 1447, 941, 3214, 3612, 7042, 921, 5773, 4095, 8074, 3646, 1312, 4444, 1345, 7400, 6852, 219, 2818, 9568, 1443, 1000, 4756, 6125, 2038, 5868, 503, 7223, 8238, 2072, 2051, 8590, 5462, 7260, 5922, 8311, 9344, 8010, 8130, 8931, 9661, 1686, 798, 3325, 4149, 6802, 450, 3377, 3438, 9309, 587, 7978, 1912, 9652, 7070, 3588, 113, 7983, 9411, 9871, 5725, 9451, 4067, 8414, 8217, 2084, 8127, 4282, 3491, 1166, 2273, 5766, 9874, 5997, 5107, 3827, 6758, 7398, 8762, 4682, 9029, 5716, 1001, 9576, 2728, 9001, 695, 5027, 5169, 2697, 7521, 1514, 7397, 7728, 4662, 5175, 1438, 111, 1669, 3451, 3178, 3891, 6147, 2198, 4908, 3255, 961, 4825, 2269, 5675, 9497, 8664, 1588, 8272, 5843, 9703, 1772, 2678, 32, 7849, 6040, 9114, 204, 2778, 3795, 8222, 6270, 6382, 2261, 119, 2344, 5431, 745, 2972, 4174, 7178, 5926, 1270, 3100, 2707, 2138, 6542, 7286, 3126, 7330, 782, 5017, 4185, 5463, 5316, 7979, 6782, 4873, 7531, 768, 6398, 926, 628, 1847, 3194, 8269, 3018, 3726, 867, 5430, 7715, 5223, 4293, 4032, 5274, 3853, 9316, 1705, 556, 6990, 2054, 5157, 7646, 279, 3237, 992, 9764, 2446, 3669, 4336, 8788, 731, 4965, 8625, 8989, 2113, 2194, 8886, 9287, 8401, 2726, 5961, 1186, 7898, 5398, 4206, 9054, 9265, 1463, 1881, 1980, 9618, 9731, 5111, 2145, 5039, 1379, 3528, 2069, 2928, 9215, 5293]
[1728, 2467, 8629, 3740, 4527, 7666, 7773, 8508, 3458, 7270, 9003, 6142, 4102, 5381, 1358, 3657, 9271, 5275, 1207, 8735, 5509, 2659, 6163, 9720, 262, 1211, 9964, 7613, 5896, 4858, 8776, 7435, 170, 6258, 6084, 9283, 5221, 3236, 9984, 8463, 5342, 4473, 4792, 7367, 7724, 9587, 5810, 1244, 1594, 4559, 971, 5377, 9872, 8093, 5807, 3232, 1040, 8364, 5579, 329, 6934, 1377, 1544, 8018, 9911, 7396, 9372, 7489, 4478, 5218, 7313, 3379, 157, 6049, 673, 8829, 793, 3934, 5386, 9385, 6094, 139, 9951, 1350, 1534, 1607, 4826, 8110, 8103, 1112, 7600, 9247, 3013, 1161, 4051, 8347, 5426, 2528, 8557, 2998, 5061, 3708, 9657, 9426, 6679, 5354, 6145, 6109, 4351, 7075, 1778, 9098, 6555, 8678, 5077, 2661, 2824, 9456, 7248, 240, 1925, 8811, 5693, 114, 3465, 9377, 4726, 2541, 9135, 7285, 6657, 7347, 574, 5920, 31, 857, 5199, 8643, 4148, 4877, 674, 3074, 4435, 5503, 9659, 5737, 6280, 6362, 3167, 4703, 4278, 9244, 7802, 9883, 7009, 9612, 4709, 3978, 4987, 3531, 7624, 5678, 4335, 8970, 8623, 4964, 7146, 477, 2060, 4154, 7251, 6093, 5599, 9412, 1944, 1934, 6412, 8064, 7520, 8236, 644, 8168, 468, 3017, 1758, 2243, 9678, 3701, 4843, 3807, 9006, 4615, 4586, 7411, 7487, 8060, 7003, 2507, 4165, 8859, 295, 5738, 9725, 2671, 1354, 3162, 7104, 657, 3494, 5040, 9590, 3218, 962, 4308, 3393, 4215, 5243, 3997, 8243, 6153, 6454, 3965, 3149, 7747, 5003, 8444, 5732, 2304, 6404, 7733, 2863, 1300, 2486, 4063, 7185, 9300, 8073, 401, 4621, 7566, 8611, 6615, 3683, 5591, 9319, 5935, 8407, 3339, 832, 2039, 3556, 7019, 7672, 9524, 9437, 2673, 1914, 1098, 7157, 4940, 3946, 2430, 2186, 6183, 4906, 9694, 2470, 8959, 4593, 2720, 2483, 6879, 4600, 6349, 7511, 749, 547, 2605, 4222, 2879, 3878, 6062, 3805, 2106, 7233, 1447, 941, 3214, 3612, 7042, 921, 5773, 4095, 8074, 3646, 1312, 4444, 1345, 7400, 6852, 219, 2818, 9568, 1443, 1000, 4756, 6125, 2038, 5868, 503, 7223, 8238, 2072, 2051, 8590, 5462, 7260, 5922, 8311, 9344, 8010, 8130, 8931, 9661, 1686, 798, 3325, 4149, 6802, 450, 3377, 3438, 9309, 587, 7978, 1912, 9652, 7070, 3588, 113, 7983, 9411, 9871, 5725, 9451, 4067, 8414, 8217, 2084, 8127, 4282, 3491, 1166, 2273, 5766, 9874, 5997, 5107, 3827, 6758, 7398, 8762, 4682, 9029, 5716, 1001, 9576, 2728, 9001, 695, 5027, 5169, 2697, 7521, 1514, 7397, 7728, 4662, 5175, 1438, 111, 1669, 3451, 3178, 3891, 6147, 2198, 4908, 3255, 961, 4825, 2269, 5675, 9497, 8664, 1588, 8272, 5843, 9703, 1772, 2678, 32, 7849, 6040, 9114, 204, 2778, 3795, 8222, 6270, 6382, 2261, 119, 2344, 5431, 745, 2972, 4174, 7178, 5926, 1270, 3100, 2707, 2138, 6542, 7286, 3126, 7330, 782, 5017, 4185, 5463, 5316, 7979, 6782, 4873, 7531, 768, 6398, 926, 628, 1847, 3194, 8269, 3018, 3726, 867, 5430, 7715, 5223, 4293, 4032, 5274, 3853, 9316, 1705, 556, 6990, 2054, 5157, 7646, 279, 3237, 992, 9764, 2446, 3669, 4336, 8788, 731, 4965, 8625, 8989, 2113, 2194, 8886, 9287, 8401, 2726, 5961, 1186, 7898, 5398, 4206, 9054, 9265, 1463, 1881, 1980, 9618, 9731, 5111, 2145, 5039, 1379, 3528, 2069, 2928, 9215, 5293]
[1728, 2467, 8629, 3740, 4527, 7666, 7773, 8508, 3458, 7270, 9003, 6142, 4102, 5381, 1358, 3657, 9271, 5275, 1207, 8735, 5509, 2659, 6163, 9720, 262, 1211, 9964, 7613, 5896, 4858, 8776, 7435, 170, 6258, 6084, 9283, 5221, 3236, 9984, 8463, 5342, 4473, 4792, 7367, 7724, 9587, 5810, 1244, 1594, 4559, 971, 5377, 9872, 8093, 5807, 3232, 1040, 8364, 5579, 329, 6934, 1377, 1544, 8018, 9911, 7396, 9372, 7489, 4478, 5218, 7313, 3379, 157, 6049, 673, 8829, 793, 3934, 5386, 9385, 6094, 139, 9951, 1350, 1534, 1607, 4826, 8110, 8103, 1112, 7600, 9247, 3013, 1161, 4051, 8347, 5426, 2528, 8557, 2998, 5061, 3708, 9657, 9426, 6679, 5354, 6145, 6109, 4351, 7075, 1778, 9098, 6555, 8678, 5077, 2661, 2824, 9456, 7248, 240, 1925, 8811, 5693, 114, 3465, 9377, 4726, 2541, 9135, 7285, 6657, 7347, 574, 5920, 31, 857, 5199, 8643, 4148, 4877, 674, 3074, 4435, 5503, 9659, 5737, 6280, 6362, 3167, 4703, 4278, 9244, 7802, 9883, 7009, 9612, 4709, 3978, 4987, 3531, 7624, 5678, 4335, 8970, 8623, 4964, 7146, 477, 2060, 4154, 7251, 6093, 5599, 9412, 1944, 1934, 6412, 8064, 7520, 8236, 644, 8168, 468, 3017, 1758, 2243, 9678, 3701, 4843, 3807, 9006, 4615, 4586, 7411, 7487, 8060, 7003, 2507, 4165, 8859, 295, 5738, 9725, 2671, 1354, 3162, 7104, 657, 3494, 5040, 9590, 3218, 962, 4308, 3393, 4215, 5243, 3997, 8243, 6153, 6454, 3965, 3149, 7747, 5003, 8444, 5732, 2304, 6404, 7733, 2863, 1300, 2486, 4063, 7185, 9300, 8073, 401, 4621, 7566, 8611, 6615, 3683, 5591, 9319, 5935, 8407, 3339, 832, 2039, 3556, 7019, 7672, 9524, 9437, 2673, 1914, 1098, 7157, 4940, 3946, 2430, 2186, 6183, 4906, 9694, 2470, 8959, 4593, 2720, 2483, 6879, 4600, 6349, 7511, 749, 547, 2605, 4222, 2879, 3878, 6062, 3805, 2106, 7233, 1447, 941, 3214, 3612, 7042, 921, 5773, 4095, 8074, 3646, 1312, 4444, 1345, 7400, 6852, 219, 2818, 9568, 1443, 1000, 4756, 6125, 2038, 5868, 503, 7223, 8238, 2072, 2051, 8590, 5462, 7260, 5922, 8311, 9344, 8010, 8130, 8931, 9661, 1686, 798, 3325, 4149, 6802, 450, 3377, 3438, 9309, 587, 7978, 1912, 9652, 7070, 3588, 113, 7983, 9411, 9871, 5725, 9451, 4067, 8414, 8217, 2084, 8127, 4282, 3491, 1166, 2273, 5766, 9874, 5997, 5107, 3827, 6758, 7398, 8762, 4682, 9029, 5716, 1001, 9576, 2728, 9001, 695, 5027, 5169, 2697, 7521, 1514, 7397, 7728, 4662, 5175, 1438, 111, 1669, 3451, 3178, 3891, 6147, 2198, 4908, 3255, 961, 4825, 2269, 5675, 9497, 8664, 1588, 8272, 5843, 9703, 1772, 2678, 32, 7849, 6040, 9114, 204, 2778, 3795, 8222, 6270, 6382, 2261, 119, 2344, 5431, 745, 2972, 4174, 7178, 5926, 1270, 3100, 2707, 2138, 6542, 7286, 3126, 7330, 782, 5017, 4185, 5463, 5316, 7979, 6782, 4873, 7531, 768, 6398, 926, 628, 1847, 3194, 8269, 3018, 3726, 867, 5430, 7715, 5223, 4293, 4032, 5274, 3853, 9316, 1705, 556, 6990, 2054, 5157, 7646, 279, 3237, 992, 9764, 2446, 3669, 4336, 8788, 731, 4965, 8625, 8989, 2113, 2194, 8886, 9287, 8401, 2726, 5961, 1186, 7898, 5398, 4206, 9054, 9265, 1463, 1881, 1980, 9618, 9731, 5111, 2145, 5039, 1379, 3528, 2069, 2928, 9215, 5293]
[1728, 2467, 8629, 3740, 4527, 7666, 7773, 8508, 3458, 7270, 9003, 6142, 4102, 5381, 1358, 3657, 9271, 5275, 1207, 8735, 5509, 2659, 6163, 9720, 262, 1211, 9964, 7613, 5896, 4858, 8776, 7435, 170, 6258, 6084, 9283, 5221, 3236, 9984, 8463, 5342, 4473, 4792, 7367, 7724, 9587, 5810, 1244, 1594, 4559, 971, 5377, 9872, 8093, 5807, 3232, 1040, 8364, 5579, 329, 6934, 1377, 1544, 8018, 9911, 7396, 9372, 7489, 4478, 5218, 7313, 3379, 157, 6049, 673, 8829, 793, 3934, 5386, 9385, 6094, 139, 9951, 1350, 1534, 1607, 4826, 8110, 8103, 1112, 7600, 9247, 3013, 1161, 4051, 8347, 5426, 2528, 8557, 2998, 5061, 3708, 9657, 9426, 6679, 5354, 6145, 6109, 4351, 7075, 1778, 9098, 6555, 8678, 5077, 2661, 2824, 9456, 7248, 240, 1925, 8811, 5693, 114, 3465, 9377, 4726, 2541, 9135, 7285, 6657, 7347, 574, 5920, 31, 857, 5199, 8643, 4148, 4877, 674, 3074, 4435, 5503, 9659, 5737, 6280, 6362, 3167, 4703, 4278, 9244, 7802, 9883, 7009, 9612, 4709, 3978, 4987, 3531, 7624, 5678, 4335, 8970, 8623, 4964, 7146, 477, 2060, 4154, 7251, 6093, 5599, 9412, 1944, 1934, 6412, 8064, 7520, 8236, 644, 8168, 468, 3017, 1758, 2243, 9678, 3701, 4843, 3807, 9006, 4615, 4586, 7411, 7487, 8060, 7003, 2507, 4165, 8859, 295, 5738, 9725, 2671, 1354, 3162, 7104, 657, 3494, 5040, 9590, 3218, 962, 4308, 3393, 4215, 5243, 3997, 8243, 6153, 6454, 3965, 3149, 7747, 5003, 8444, 5732, 2304, 6404, 7733, 2863, 1300, 2486, 4063, 7185, 9300, 8073, 401, 4621, 7566, 8611, 6615, 3683, 5591, 9319, 5935, 8407, 3339, 832, 2039, 3556, 7019, 7672, 9524, 9437, 2673, 1914, 1098, 7157, 4940, 3946, 2430, 2186, 6183, 4906, 9694, 2470, 8959, 4593, 2720, 2483, 6879, 4600, 6349, 7511, 749, 547, 2605, 4222, 2879, 3878, 6062, 3805, 2106, 7233, 1447, 941, 3214, 3612, 7042, 921, 5773, 4095, 8074, 3646, 1312, 4444, 1345, 7400, 6852, 219, 2818, 9568, 1443, 1000, 4756, 6125, 2038, 5868, 503, 7223, 8238, 2072, 2051, 8590, 5462, 7260, 5922, 8311, 9344, 8010, 8130, 8931, 9661, 1686, 798, 3325, 4149, 6802, 450, 3377, 3438, 9309, 587, 7978, 1912, 9652, 7070, 3588, 113, 7983, 9411, 9871, 5725, 9451, 4067, 8414, 8217, 2084, 8127, 4282, 3491, 1166, 2273, 5766, 9874, 5997, 5107, 3827, 6758, 7398, 8762, 4682, 9029, 5716, 1001, 9576, 2728, 9001, 695, 5027, 5169, 2697, 7521, 1514, 7397, 7728, 4662, 5175, 1438, 111, 1669, 3451, 3178, 3891, 6147, 2198, 4908, 3255, 961, 4825, 2269, 5675, 9497, 8664, 1588, 8272, 5843, 9703, 1772, 2678, 32, 7849, 6040, 9114, 204, 2778, 3795, 8222, 6270, 6382, 2261, 119, 2344, 5431, 745, 2972, 4174, 7178, 5926, 1270, 3100, 2707, 2138, 6542, 7286, 3126, 7330, 782, 5017, 4185, 5463, 5316, 7979, 6782, 4873, 7531, 768, 6398, 926, 628, 1847, 3194, 8269, 3018, 3726, 867, 5430, 7715, 5223, 4293, 4032, 5274, 3853, 9316, 1705, 556, 6990, 2054, 5157, 7646, 279, 3237, 992, 9764, 2446, 3669, 4336, 8788, 731, 4965, 8625, 8989, 2113, 2194, 8886, 9287, 8401, 2726, 5961, 1186, 7898, 5398, 4206, 9054, 9265, 1463, 1881, 1980, 9618, 9731, 5111, 2145, 5039, 1379, 3528, 2069, 2928, 9215, 5293]
[1728, 2467, 8629, 3740, 4527, 7666, 7773, 8508, 3458, 7270, 9003, 6142, 4102, 5381, 1358, 3657, 9271, 5275, 1207, 8735, 5509, 2659, 6163, 9720, 262, 1211, 9964, 7613, 5896, 4858, 8776, 7435, 170, 6258, 6084, 9283, 5221, 3236, 9984, 8463, 5342, 4473, 4792, 7367, 7724, 9587, 5810, 1244, 1594, 4559, 971, 5377, 9872, 8093, 5807, 3232, 1040, 8364, 5579, 329, 6934, 1377, 1544, 8018, 9911, 7396, 9372, 7489, 4478, 5218, 7313, 3379, 157, 6049, 673, 8829, 793, 3934, 5386, 9385, 6094, 139, 9951, 1350, 1534, 1607, 4826, 8110, 8103, 1112, 7600, 9247, 3013, 1161, 4051, 8347, 5426, 2528, 8557, 2998, 5061, 3708, 9657, 9426, 6679, 5354, 6145, 6109, 4351, 7075, 1778, 9098, 6555, 8678, 5077, 2661, 2824, 9456, 7248, 240, 1925, 8811, 5693, 114, 3465, 9377, 4726, 2541, 9135, 7285, 6657, 7347, 574, 5920, 31, 857, 5199, 8643, 4148, 4877, 674, 3074, 4435, 5503, 9659, 5737, 6280, 6362, 3167, 4703, 4278, 9244, 7802, 9883, 7009, 9612, 4709, 3978, 4987, 3531, 7624, 5678, 4335, 8970, 8623, 4964, 7146, 477, 2060, 4154, 7251, 6093, 5599, 9412, 1944, 1934, 6412, 8064, 7520, 8236, 644, 8168, 468, 3017, 1758, 2243, 9678, 3701, 4843, 3807, 9006, 4615, 4586, 7411, 7487, 8060, 7003, 2507, 4165, 8859, 295, 5738, 9725, 2671, 1354, 3162, 7104, 657, 3494, 5040, 9590, 3218, 962, 4308, 3393, 4215, 5243, 3997, 8243, 6153, 6454, 3965, 3149, 7747, 5003, 8444, 5732, 2304, 6404, 7733, 2863, 1300, 2486, 4063, 7185, 9300, 8073, 401, 4621, 7566, 8611, 6615, 3683, 5591, 9319, 5935, 8407, 3339, 832, 2039, 3556, 7019, 7672, 9524, 9437, 2673, 1914, 1098, 7157, 4940, 3946, 2430, 2186, 6183, 4906, 9694, 2470, 8959, 4593, 2720, 2483, 6879, 4600, 6349, 7511, 749, 547, 2605, 4222, 2879, 3878, 6062, 3805, 2106, 7233, 1447, 941, 3214, 3612, 7042, 921, 5773, 4095, 8074, 3646, 1312, 4444, 1345, 7400, 6852, 219, 2818, 9568, 1443, 1000, 4756, 6125, 2038, 5868, 503, 7223, 8238, 2072, 2051, 8590, 5462, 7260, 5922, 8311, 9344, 8010, 8130, 8931, 9661, 1686, 798, 3325, 4149, 6802, 450, 3377, 3438, 9309, 587, 7978, 1912, 9652, 7070, 3588, 113, 7983, 9411, 9871, 5725, 9451, 4067, 8414, 8217, 2084, 8127, 4282, 3491, 1166, 2273, 5766, 9874, 5997, 5107, 3827, 6758, 7398, 8762, 4682, 9029, 5716, 1001, 9576, 2728, 9001, 695, 5027, 5169, 2697, 7521, 1514, 7397, 7728, 4662, 5175, 1438, 111, 1669, 3451, 3178, 3891, 6147, 2198, 4908, 3255, 961, 4825, 2269, 5675, 9497, 8664, 1588, 8272, 5843, 9703, 1772, 2678, 32, 7849, 6040, 9114, 204, 2778, 3795, 8222, 6270, 6382, 2261, 119, 2344, 5431, 745, 2972, 4174, 7178, 5926, 1270, 3100, 2707, 2138, 6542, 7286, 3126, 7330, 782, 5017, 4185, 5463, 5316, 7979, 6782, 4873, 7531, 768, 6398, 926, 628, 1847, 3194, 8269, 3018, 3726, 867, 5430, 7715, 5223, 4293, 4032, 5274, 3853, 9316, 1705, 556, 6990, 2054, 5157, 7646, 279, 3237, 992, 9764, 2446, 3669, 4336, 8788, 731, 4965, 8625, 8989, 2113, 2194, 8886, 9287, 8401, 2726, 5961, 1186, 7898, 5398, 4206, 9054, 9265, 1463, 1881, 1980, 9618, 9731, 5111, 2145, 5039, 1379, 3528, 2069, 2928, 9215, 5293]
[1728, 2467, 8629, 3740, 4527, 7666, 7773, 8508, 3458, 7270, 9003, 6142, 4102, 5381, 1358, 3657, 9271, 5275, 1207, 8735, 5509, 2659, 6163, 9720, 262, 1211, 9964, 7613, 5896, 4858, 8776, 7435, 170, 6258, 6084, 9283, 5221, 3236, 9984, 8463, 5342, 4473, 4792, 7367, 7724, 9587, 5810, 1244, 1594, 4559, 971, 5377, 9872, 8093, 5807, 3232, 1040, 8364, 5579, 329, 6934, 1377, 1544, 8018, 9911, 7396, 9372, 7489, 4478, 5218, 7313, 3379, 157, 6049, 673, 8829, 793, 3934, 5386, 9385, 6094, 139, 9951, 1350, 1534, 1607, 4826, 8110, 8103, 1112, 7600, 9247, 3013, 1161, 4051, 8347, 5426, 2528, 8557, 2998, 5061, 3708, 9657, 9426, 6679, 5354, 6145, 6109, 4351, 7075, 1778, 9098, 6555, 8678, 5077, 2661, 2824, 9456, 7248, 240, 1925, 8811, 5693, 114, 3465, 9377, 4726, 2541, 9135, 7285, 6657, 7347, 574, 5920, 31, 857, 5199, 8643, 4148, 4877, 674, 3074, 4435, 5503, 9659, 5737, 6280, 6362, 3167, 4703, 4278, 9244, 7802, 9883, 7009, 9612, 4709, 3978, 4987, 3531, 7624, 5678, 4335, 8970, 8623, 4964, 7146, 477, 2060, 4154, 7251, 6093, 5599, 9412, 1944, 1934, 6412, 8064, 7520, 8236, 644, 8168, 468, 3017, 1758, 2243, 9678, 3701, 4843, 3807, 9006, 4615, 4586, 7411, 7487, 8060, 7003, 2507, 4165, 8859, 295, 5738, 9725, 2671, 1354, 3162, 7104, 657, 3494, 5040, 9590, 3218, 962, 4308, 3393, 4215, 5243, 3997, 8243, 6153, 6454, 3965, 3149, 7747, 5003, 8444, 5732, 2304, 6404, 7733, 2863, 1300, 2486, 4063, 7185, 9300, 8073, 401, 4621, 7566, 8611, 6615, 3683, 5591, 9319, 5935, 8407, 3339, 832, 2039, 3556, 7019, 7672, 9524, 9437, 2673, 1914, 1098, 7157, 4940, 3946, 2430, 2186, 6183, 4906, 9694, 2470, 8959, 4593, 2720, 2483, 6879, 4600, 6349, 7511, 749, 547, 2605, 4222, 2879, 3878, 6062, 3805, 2106, 7233, 1447, 941, 3214, 3612, 7042, 921, 5773, 4095, 8074, 3646, 1312, 4444, 1345, 7400, 6852, 219, 2818, 9568, 1443, 1000, 4756, 6125, 2038, 5868, 503, 7223, 8238, 2072, 2051, 8590, 5462, 7260, 5922, 8311, 9344, 8010, 8130, 8931, 9661, 1686, 798, 3325, 4149, 6802, 450, 3377, 3438, 9309, 587, 7978, 1912, 9652, 7070, 3588, 113, 7983, 9411, 9871, 5725, 9451, 4067, 8414, 8217, 2084, 8127, 4282, 3491, 1166, 2273, 5766, 9874, 5997, 5107, 3827, 6758, 7398, 8762, 4682, 9029, 5716, 1001, 9576, 2728, 9001, 695, 5027, 5169, 2697, 7521, 1514, 7397, 7728, 4662, 5175, 1438, 111, 1669, 3451, 3178, 3891, 6147, 2198, 4908, 3255, 961, 4825, 2269, 5675, 9497, 8664, 1588, 8272, 5843, 9703, 1772, 2678, 32, 7849, 6040, 9114, 204, 2778, 3795, 8222, 6270, 6382, 2261, 119, 2344, 5431, 745, 2972, 4174, 7178, 5926, 1270, 3100, 2707, 2138, 6542, 7286, 3126, 7330, 782, 5017, 4185, 5463, 5316, 7979, 6782, 4873, 7531, 768, 6398, 926, 628, 1847, 3194, 8269, 3018, 3726, 867, 5430, 7715, 5223, 4293, 4032, 5274, 3853, 9316, 1705, 556, 6990, 2054, 5157, 7646, 279, 3237, 992, 9764, 2446, 3669, 4336, 8788, 731, 4965, 8625, 8989, 2113, 2194, 8886, 9287, 8401, 2726, 5961, 1186, 7898, 5398, 4206, 9054, 9265, 1463, 1881, 1980, 9618, 9731, 5111, 2145, 5039, 1379, 3528, 2069, 2928, 9215, 5293]
[1728, 2467, 8629, 3740, 4527, 7666, 7773, 8508, 3458, 7270, 9003, 6142, 4102, 5381, 1358, 3657, 9271, 5275, 1207, 8735, 5509, 2659, 6163, 9720, 262, 1211, 9964, 7613, 5896, 4858, 8776, 7435, 170, 6258, 6084, 9283, 5221, 3236, 9984, 8463, 5342, 4473, 4792, 7367, 7724, 9587, 5810, 1244, 1594, 4559, 971, 5377, 9872, 8093, 5807, 3232, 1040, 8364, 5579, 329, 6934, 1377, 1544, 8018, 9911, 7396, 9372, 7489, 4478, 5218, 7313, 3379, 157, 6049, 673, 8829, 793, 3934, 5386, 9385, 6094, 139, 9951, 1350, 1534, 1607, 4826, 8110, 8103, 1112, 7600, 9247, 3013, 1161, 4051, 8347, 5426, 2528, 8557, 2998, 5061, 3708, 9657, 9426, 6679, 5354, 6145, 6109, 4351, 7075, 1778, 9098, 6555, 8678, 5077, 2661, 2824, 9456, 7248, 240, 1925, 8811, 5693, 114, 3465, 9377, 4726, 2541, 9135, 7285, 6657, 7347, 574, 5920, 31, 857, 5199, 8643, 4148, 4877, 674, 3074, 4435, 5503, 9659, 5737, 6280, 6362, 3167, 4703, 4278, 9244, 7802, 9883, 7009, 9612, 4709, 3978, 4987, 3531, 7624, 5678, 4335, 8970, 8623, 4964, 7146, 477, 2060, 4154, 7251, 6093, 5599, 9412, 1944, 1934, 6412, 8064, 7520, 8236, 644, 8168, 468, 3017, 1758, 2243, 9678, 3701, 4843, 3807, 9006, 4615, 4586, 7411, 7487, 8060, 7003, 2507, 4165, 8859, 295, 5738, 9725, 2671, 1354, 3162, 7104, 657, 3494, 5040, 9590, 3218, 962, 4308, 3393, 4215, 5243, 3997, 8243, 6153, 6454, 3965, 3149, 7747, 5003, 8444, 5732, 2304, 6404, 7733, 2863, 1300, 2486, 4063, 7185, 9300, 8073, 401, 4621, 7566, 8611, 6615, 3683, 5591, 9319, 5935, 8407, 3339, 832, 2039, 3556, 7019, 7672, 9524, 9437, 2673, 1914, 1098, 7157, 4940, 3946, 2430, 2186, 6183, 4906, 9694, 2470, 8959, 4593, 2720, 2483, 6879, 4600, 6349, 7511, 749, 547, 2605, 4222, 2879, 3878, 6062, 3805, 2106, 7233, 1447, 941, 3214, 3612, 7042, 921, 5773, 4095, 8074, 3646, 1312, 4444, 1345, 7400, 6852, 219, 2818, 9568, 1443, 1000, 4756, 6125, 2038, 5868, 503, 7223, 8238, 2072, 2051, 8590, 5462, 7260, 5922, 8311, 9344, 8010, 8130, 8931, 9661, 1686, 798, 3325, 4149, 6802, 450, 3377, 3438, 9309, 587, 7978, 1912, 9652, 7070, 3588, 113, 7983, 9411, 9871, 5725, 9451, 4067, 8414, 8217, 2084, 8127, 4282, 3491, 1166, 2273, 5766, 9874, 5997, 5107, 3827, 6758, 7398, 8762, 4682, 9029, 5716, 1001, 9576, 2728, 9001, 695, 5027, 5169, 2697, 7521, 1514, 7397, 7728, 4662, 5175, 1438, 111, 1669, 3451, 3178, 3891, 6147, 2198, 4908, 3255, 961, 4825, 2269, 5675, 9497, 8664, 1588, 8272, 5843, 9703, 1772, 2678, 32, 7849, 6040, 9114, 204, 2778, 3795, 8222, 6270, 6382, 2261, 119, 2344, 5431, 745, 2972, 4174, 7178, 5926, 1270, 3100, 2707, 2138, 6542, 7286, 3126, 7330, 782, 5017, 4185, 5463, 5316, 7979, 6782, 4873, 7531, 768, 6398, 926, 628, 1847, 3194, 8269, 3018, 3726, 867, 5430, 7715, 5223, 4293, 4032, 5274, 3853, 9316, 1705, 556, 6990, 2054, 5157, 7646, 279, 3237, 992, 9764, 2446, 3669, 4336, 8788, 731, 4965, 8625, 8989, 2113, 2194, 8886, 9287, 8401, 2726, 5961, 1186, 7898, 5398, 4206, 9054, 9265, 1463, 1881, 1980, 9618, 9731, 5111, 2145, 5039, 1379, 3528, 2069, 2928, 9215, 5293]
[1728, 2467, 8629, 3740, 4527, 7666, 7773, 8508, 3458, 7270, 9003, 6142, 4102, 5381, 1358, 3657, 9271, 5275, 1207, 8735, 5509, 2659, 6163, 9720, 262, 1211, 9964, 7613, 5896, 4858, 8776, 7435, 170, 6258, 6084, 9283, 5221, 3236, 9984, 8463, 5342, 4473, 4792, 7367, 7724, 9587, 5810, 1244, 1594, 4559, 971, 5377, 9872, 8093, 5807, 3232, 1040, 8364, 5579, 329, 6934, 1377, 1544, 8018, 9911, 7396, 9372, 7489, 4478, 5218, 7313, 3379, 157, 6049, 673, 8829, 793, 3934, 5386, 9385, 6094, 139, 9951, 1350, 1534, 1607, 4826, 8110, 8103, 1112, 7600, 9247, 3013, 1161, 4051, 8347, 5426, 2528, 8557, 2998, 5061, 3708, 9657, 9426, 6679, 5354, 6145, 6109, 4351, 7075, 1778, 9098, 6555, 8678, 5077, 2661, 2824, 9456, 7248, 240, 1925, 8811, 5693, 114, 3465, 9377, 4726, 2541, 9135, 7285, 6657, 7347, 574, 5920, 31, 857, 5199, 8643, 4148, 4877, 674, 3074, 4435, 5503, 9659, 5737, 6280, 6362, 3167, 4703, 4278, 9244, 7802, 9883, 7009, 9612, 4709, 3978, 4987, 3531, 7624, 5678, 4335, 8970, 8623, 4964, 7146, 477, 2060, 4154, 7251, 6093, 5599, 9412, 1944, 1934, 6412, 8064, 7520, 8236, 644, 8168, 468, 3017, 1758, 2243, 9678, 3701, 4843, 3807, 9006, 4615, 4586, 7411, 7487, 8060, 7003, 2507, 4165, 8859, 295, 5738, 9725, 2671, 1354, 3162, 7104, 657, 3494, 5040, 9590, 3218, 962, 4308, 3393, 4215, 5243, 3997, 8243, 6153, 6454, 3965, 3149, 7747, 5003, 8444, 5732, 2304, 6404, 7733, 2863, 1300, 2486, 4063, 7185, 9300, 8073, 401, 4621, 7566, 8611, 6615, 3683, 5591, 9319, 5935, 8407, 3339, 832, 2039, 3556, 7019, 7672, 9524, 9437, 2673, 1914, 1098, 7157, 4940, 3946, 2430, 2186, 6183, 4906, 9694, 2470, 8959, 4593, 2720, 2483, 6879, 4600, 6349, 7511, 749, 547, 2605, 4222, 2879, 3878, 6062, 3805, 2106, 7233, 1447, 941, 3214, 3612, 7042, 921, 5773, 4095, 8074, 3646, 1312, 4444, 1345, 7400, 6852, 219, 2818, 9568, 1443, 1000, 4756, 6125, 2038, 5868, 503, 7223, 8238, 2072, 2051, 8590, 5462, 7260, 5922, 8311, 9344, 8010, 8130, 8931, 9661, 1686, 798, 3325, 4149, 6802, 450, 3377, 3438, 9309, 587, 7978, 1912, 9652, 7070, 3588, 113, 7983, 9411, 9871, 5725, 9451, 4067, 8414, 8217, 2084, 8127, 4282, 3491, 1166, 2273, 5766, 9874, 5997, 5107, 3827, 6758, 7398, 8762, 4682, 9029, 5716, 1001, 9576, 2728, 9001, 695, 5027, 5169, 2697, 7521, 1514, 7397, 7728, 4662, 5175, 1438, 111, 1669, 3451, 3178, 3891, 6147, 2198, 4908, 3255, 961, 4825, 2269, 5675, 9497, 8664, 1588, 8272, 5843, 9703, 1772, 2678, 32, 7849, 6040, 9114, 204, 2778, 3795, 8222, 6270, 6382, 2261, 119, 2344, 5431, 745, 2972, 4174, 7178, 5926, 1270, 3100, 2707, 2138, 6542, 7286, 3126, 7330, 782, 5017, 4185, 5463, 5316, 7979, 6782, 4873, 7531, 768, 6398, 926, 628, 1847, 3194, 8269, 3018, 3726, 867, 5430, 7715, 5223, 4293, 4032, 5274, 3853, 9316, 1705, 556, 6990, 2054, 5157, 7646, 279, 3237, 992, 9764, 2446, 3669, 4336, 8788, 731, 4965, 8625, 8989, 2113, 2194, 8886, 9287, 8401, 2726, 5961, 1186, 7898, 5398, 4206, 9054, 9265, 1463, 1881, 1980, 9618, 9731, 5111, 2145, 5039, 1379, 3528, 2069, 2928, 9215, 5293]
[1728, 2467, 8629, 3740, 4527, 7666, 7773, 8508, 3458, 7270, 9003, 6142, 4102, 5381, 1358, 3657, 9271, 5275, 1207, 8735, 5509, 2659, 6163, 9720, 262, 1211, 9964, 7613, 5896, 4858, 8776, 7435, 170, 6258, 6084, 9283, 5221, 3236, 9984, 8463, 5342, 4473, 4792, 7367, 7724, 9587, 5810, 1244, 1594, 4559, 971, 5377, 9872, 8093, 5807, 3232, 1040, 8364, 5579, 329, 6934, 1377, 1544, 8018, 9911, 7396, 9372, 7489, 4478, 5218, 7313, 3379, 157, 6049, 673, 8829, 793, 3934, 5386, 9385, 6094, 139, 9951, 1350, 1534, 1607, 4826, 8110, 8103, 1112, 7600, 9247, 3013, 1161, 4051, 8347, 5426, 2528, 8557, 2998, 5061, 3708, 9657, 9426, 6679, 5354, 6145, 6109, 4351, 7075, 1778, 9098, 6555, 8678, 5077, 2661, 2824, 9456, 7248, 240, 1925, 8811, 5693, 114, 3465, 9377, 4726, 2541, 9135, 7285, 6657, 7347, 574, 5920, 31, 857, 5199, 8643, 4148, 4877, 674, 3074, 4435, 5503, 9659, 5737, 6280, 6362, 3167, 4703, 4278, 9244, 7802, 9883, 7009, 9612, 4709, 3978, 4987, 3531, 7624, 5678, 4335, 8970, 8623, 4964, 7146, 477, 2060, 4154, 7251, 6093, 5599, 9412, 1944, 1934, 6412, 8064, 7520, 8236, 644, 8168, 468, 3017, 1758, 2243, 9678, 3701, 4843, 3807, 9006, 4615, 4586, 7411, 7487, 8060, 7003, 2507, 4165, 8859, 295, 5738, 9725, 2671, 1354, 3162, 7104, 657, 3494, 5040, 9590, 3218, 962, 4308, 3393, 4215, 5243, 3997, 8243, 6153, 6454, 3965, 3149, 7747, 5003, 8444, 5732, 2304, 6404, 7733, 2863, 1300, 2486, 4063, 7185, 9300, 8073, 401, 4621, 7566, 8611, 6615, 3683, 5591, 9319, 5935, 8407, 3339, 832, 2039, 3556, 7019, 7672, 9524, 9437, 2673, 1914, 1098, 7157, 4940, 3946, 2430, 2186, 6183, 4906, 9694, 2470, 8959, 4593, 2720, 2483, 6879, 4600, 6349, 7511, 749, 547, 2605, 4222, 2879, 3878, 6062, 3805, 2106, 7233, 1447, 941, 3214, 3612, 7042, 921, 5773, 4095, 8074, 3646, 1312, 4444, 1345, 7400, 6852, 219, 2818, 9568, 1443, 1000, 4756, 6125, 2038, 5868, 503, 7223, 8238, 2072, 2051, 8590, 5462, 7260, 5922, 8311, 9344, 8010, 8130, 8931, 9661, 1686, 798, 3325, 4149, 6802, 450, 3377, 3438, 9309, 587, 7978, 1912, 9652, 7070, 3588, 113, 7983, 9411, 9871, 5725, 9451, 4067, 8414, 8217, 2084, 8127, 4282, 3491, 1166, 2273, 5766, 9874, 5997, 5107, 3827, 6758, 7398, 8762, 4682, 9029, 5716, 1001, 9576, 2728, 9001, 695, 5027, 5169, 2697, 7521, 1514, 7397, 7728, 4662, 5175, 1438, 111, 1669, 3451, 3178, 3891, 6147, 2198, 4908, 3255, 961, 4825, 2269, 5675, 9497, 8664, 1588, 8272, 5843, 9703, 1772, 2678, 32, 7849, 6040, 9114, 204, 2778, 3795, 8222, 6270, 6382, 2261, 119, 2344, 5431, 745, 2972, 4174, 7178, 5926, 1270, 3100, 2707, 2138, 6542, 7286, 3126, 7330, 782, 5017, 4185, 5463, 5316, 7979, 6782, 4873, 7531, 768, 6398, 926, 628, 1847, 3194, 8269, 3018, 3726, 867, 5430, 7715, 5223, 4293, 4032, 5274, 3853, 9316, 1705, 556, 6990, 2054, 5157, 7646, 279, 3237, 992, 9764, 2446, 3669, 4336, 8788, 731, 4965, 8625, 8989, 2113, 2194, 8886, 9287, 8401, 2726, 5961, 1186, 7898, 5398, 4206, 9054, 9265, 1463, 1881, 1980, 9618, 9731, 5111, 2145, 5039, 1379, 3528, 2069, 2928, 9215, 5293]
[1728, 2467, 8629, 3740, 4527, 7666, 7773, 8508, 3458, 7270, 9003, 6142, 4102, 5381, 1358, 3657, 9271, 5275, 1207, 8735, 5509, 2659, 6163, 9720, 262, 1211, 9964, 7613, 5896, 4858, 8776, 7435, 170, 6258, 6084, 9283, 5221, 3236, 9984, 8463, 5342, 4473, 4792, 7367, 7724, 9587, 5810, 1244, 1594, 4559, 971, 5377, 9872, 8093, 5807, 3232, 1040, 8364, 5579, 329, 6934, 1377, 1544, 8018, 9911, 7396, 9372, 7489, 4478, 5218, 7313, 3379, 157, 6049, 673, 8829, 793, 3934, 5386, 9385, 6094, 139, 9951, 1350, 1534, 1607, 4826, 8110, 8103, 1112, 7600, 9247, 3013, 1161, 4051, 8347, 5426, 2528, 8557, 2998, 5061, 3708, 9657, 9426, 6679, 5354, 6145, 6109, 4351, 7075, 1778, 9098, 6555, 8678, 5077, 2661, 2824, 9456, 7248, 240, 1925, 8811, 5693, 114, 3465, 9377, 4726, 2541, 9135, 7285, 6657, 7347, 574, 5920, 31, 857, 5199, 8643, 4148, 4877, 674, 3074, 4435, 5503, 9659, 5737, 6280, 6362, 3167, 4703, 4278, 9244, 7802, 9883, 7009, 9612, 4709, 3978, 4987, 3531, 7624, 5678, 4335, 8970, 8623, 4964, 7146, 477, 2060, 4154, 7251, 6093, 5599, 9412, 1944, 1934, 6412, 8064, 7520, 8236, 644, 8168, 468, 3017, 1758, 2243, 9678, 3701, 4843, 3807, 9006, 4615, 4586, 7411, 7487, 8060, 7003, 2507, 4165, 8859, 295, 5738, 9725, 2671, 1354, 3162, 7104, 657, 3494, 5040, 9590, 3218, 962, 4308, 3393, 4215, 5243, 3997, 8243, 6153, 6454, 3965, 3149, 7747, 5003, 8444, 5732, 2304, 6404, 7733, 2863, 1300, 2486, 4063, 7185, 9300, 8073, 401, 4621, 7566, 8611, 6615, 3683, 5591, 9319, 5935, 8407, 3339, 832, 2039, 3556, 7019, 7672, 9524, 9437, 2673, 1914, 1098, 7157, 4940, 3946, 2430, 2186, 6183, 4906, 9694, 2470, 8959, 4593, 2720, 2483, 6879, 4600, 6349, 7511, 749, 547, 2605, 4222, 2879, 3878, 6062, 3805, 2106, 7233, 1447, 941, 3214, 3612, 7042, 921, 5773, 4095, 8074, 3646, 1312, 4444, 1345, 7400, 6852, 219, 2818, 9568, 1443, 1000, 4756, 6125, 2038, 5868, 503, 7223, 8238, 2072, 2051, 8590, 5462, 7260, 5922, 8311, 9344, 8010, 8130, 8931, 9661, 1686, 798, 3325, 4149, 6802, 450, 3377, 3438, 9309, 587, 7978, 1912, 9652, 7070, 3588, 113, 7983, 9411, 9871, 5725, 9451, 4067, 8414, 8217, 2084, 8127, 4282, 3491, 1166, 2273, 5766, 9874, 5997, 5107, 3827, 6758, 7398, 8762, 4682, 9029, 5716, 1001, 9576, 2728, 9001, 695, 5027, 5169, 2697, 7521, 1514, 7397, 7728, 4662, 5175, 1438, 111, 1669, 3451, 3178, 3891, 6147, 2198, 4908, 3255, 961, 4825, 2269, 5675, 9497, 8664, 1588, 8272, 5843, 9703, 1772, 2678, 32, 7849, 6040, 9114, 204, 2778, 3795, 8222, 6270, 6382, 2261, 119, 2344, 5431, 745, 2972, 4174, 7178, 5926, 1270, 3100, 2707, 2138, 6542, 7286, 3126, 7330, 782, 5017, 4185, 5463, 5316, 7979, 6782, 4873, 7531, 768, 6398, 926, 628, 1847, 3194, 8269, 3018, 3726, 867, 5430, 7715, 5223, 4293, 4032, 5274, 3853, 9316, 1705, 556, 6990, 2054, 5157, 7646, 279, 3237, 992, 9764, 2446, 3669, 4336, 8788, 731, 4965, 8625, 8989, 2113, 2194, 8886, 9287, 8401, 2726, 5961, 1186, 7898, 5398, 4206, 9054, 9265, 1463, 1881, 1980, 9618, 9731, 5111, 2145, 5039, 1379, 3528, 2069, 2928, 9215, 5293]
